800	0.0
1600	0.0
2400	0.0
3200	0.0
4000	1.0
4800	0.0
5600	0.0
6400	0.0
7200	0.0
8000	0.0
8800	1.0
9600	0.0
10400	0.0
11200	0.0
12000	0.0
12800	0.0
13600	0.0
14400	0.0
15200	0.0
16000	1.0
16800	0.0
17600	0.0
18400	0.0
19200	0.0
20000	0.0
20800	0.0
21600	0.0
22400	0.0
23200	0.0
24000	0.0
24800	0.0
25600	0.0
26400	0.0
27200	0.0
28000	0.0
28800	0.0
29600	0.0
30400	0.0
31200	0.0
32000	0.0
32800	0.0
33600	0.0
34400	0.0
35200	0.0
36000	0.0
36800	1.0
37600	0.0
38400	0.0
39200	0.0
40000	0.0
40800	0.0
41600	0.0
42400	0.0
43200	0.0
44000	0.0
44800	1.0
45600	0.0
46400	0.0
47200	0.0
48000	0.0
48800	0.0
49600	0.0
50400	0.0
51200	0.0
52000	1.0
52800	0.0
53600	0.0
54400	1.0
55200	0.0
56000	0.0
56800	0.0
57600	0.0
58400	1.0
59200	0.0
60000	0.0
60800	0.0
61600	0.0
62400	0.0
63200	0.0
64000	0.0
64800	0.0
65600	0.0
66400	0.0
67200	1.0
68000	0.0
68800	0.0
69600	0.0
70400	0.0
71200	0.0
72000	0.0
72800	0.0
73600	0.0
74400	0.0
75200	0.0
76000	1.0
76800	0.0
77600	0.0
78400	0.0
79200	1.0
80000	0.0
80800	0.0
81600	1.0
82400	0.0
83200	0.0
84000	0.0
84800	0.0
85600	0.0
86400	1.0
87200	1.0
88000	0.0
88800	1.0
89600	0.0
90400	0.0
91200	0.0
92000	0.0
92800	0.0
93600	0.0
94400	0.0
95200	0.0
96000	0.0
96800	0.0
97600	0.0
98400	0.0
99200	0.0
100000	0.0
100800	0.0
101600	0.0
102400	0.0
103200	0.0
104000	0.0
104800	0.0
105600	1.0
106400	0.0
107200	0.0
108000	0.0
108800	0.0
109600	1.0
110400	0.0
111200	0.0
112000	0.0
112800	0.0
113600	1.0
114400	0.0
115200	0.0
116000	1.0
116800	0.0
117600	0.0
118400	0.0
119200	0.0
120000	0.0
120800	0.0
121600	0.0
122400	0.0
123200	0.0
124000	0.0
124800	0.0
125600	0.0
126400	0.0
127200	0.0
128000	0.0
128800	0.0
129600	0.0
130400	1.0
131200	0.0
132000	0.0
132800	1.0
133600	0.0
134400	0.0
135200	0.0
136000	0.0
136800	0.0
137600	1.0
138400	0.0
139200	0.0
140000	0.0
140800	0.0
141600	0.0
142400	0.0
143200	0.0
144000	0.0
144800	0.0
145600	0.0
146400	1.0
147200	0.0
148000	0.0
148800	0.0
149600	0.0
150400	0.0
151200	0.0
152000	0.0
152800	0.0
153600	0.0
154400	0.0
155200	0.0
156000	1.0
156800	0.0
157600	0.0
158400	0.0
159200	0.0
160000	1.0
160800	0.0
161600	1.0
162400	0.0
163200	0.0
164000	0.0
164800	0.0
165600	1.0
166400	0.0
167200	0.0
168000	0.0
168800	1.0
169600	0.0
170400	0.0
171200	0.0
172000	0.0
172800	0.0
173600	0.0
174400	0.0
175200	0.0
176000	1.0
176800	0.0
177600	0.0
178400	0.0
179200	0.0
180000	0.0
180800	1.0
181600	0.0
182400	0.0
183200	0.0
184000	0.0
184800	0.0
185600	1.0
186400	0.0
187200	0.0
188000	0.0
188800	0.0
189600	0.0
190400	0.0
191200	0.0
192000	1.0
192800	0.0
193600	0.0
194400	0.0
195200	1.0
196000	0.0
196800	0.0
197600	0.0
198400	0.0
199200	0.0
200000	0.0
200800	0.0
201600	0.0
202400	0.0
203200	1.0
204000	0.0
204800	0.0
205600	0.0
206400	0.0
207200	1.0
208000	0.0
208800	0.0
209600	0.0
210400	0.0
211200	0.0
212000	0.0
212800	0.0
213600	0.0
214400	0.0
215200	1.0
216000	0.0
216800	0.0
217600	0.0
218400	0.0
219200	0.0
220000	0.0
220800	0.0
221600	0.0
222400	0.0
223200	0.0
224000	0.0
224800	0.0
225600	0.0
226400	0.0
227200	0.0
228000	0.0
228800	0.0
229600	0.0
230400	0.0
231200	0.0
232000	0.0
232800	1.0
233600	0.0
234400	1.0
235200	0.0
236000	0.0
236800	0.0
237600	0.0
238400	0.0
239200	0.0
240000	0.0
240800	0.0
241600	0.0
242400	0.0
243200	0.0
244000	0.0
244800	0.0
245600	0.0
246400	1.0
247200	0.0
248000	0.0
248800	0.0
249600	1.0
250400	0.0
251200	0.0
252000	0.0
252800	0.0
253600	0.0
254400	0.0
255200	0.0
256000	0.0
256800	0.0
257600	0.0
258400	0.0
259200	0.0
260000	0.0
260800	0.0
261600	0.0
262400	0.0
263200	0.0
264000	0.0
264800	0.0
265600	0.0
266400	0.0
267200	0.0
268000	0.0
268800	0.0
269600	0.0
270400	0.0
271200	0.0
272000	0.0
272800	0.0
273600	0.0
274400	0.0
275200	0.0
276000	0.0
276800	0.0
277600	0.0
278400	0.0
279200	0.0
280000	0.0
280800	0.0
281600	0.0
282400	0.0
283200	0.0
284000	0.0
284800	0.0
285600	0.0
286400	0.0
287200	0.0
288000	0.0
288800	0.0
289600	0.0
290400	0.0
291200	0.0
292000	0.0
292800	0.0
293600	0.0
294400	0.0
295200	0.0
296000	0.0
296800	0.0
297600	0.0
298400	0.0
299200	0.0
300000	0.0
300800	0.0
301600	0.0
302400	0.0
303200	0.0
304000	0.0
304800	0.0
305600	0.0
306400	0.0
307200	0.0
308000	0.0
308800	0.0
309600	0.0
310400	0.0
311200	0.0
312000	0.0
312800	0.0
313600	0.0
314400	0.0
315200	0.0
316000	0.0
316800	0.0
317600	0.0
318400	0.0
319200	0.0
320000	0.0
320800	0.0
321600	0.0
322400	0.0
323200	0.0
324000	0.0
324800	0.0
325600	0.0
326400	0.0
327200	0.0
328000	0.0
328800	0.0
329600	0.0
330400	0.0
331200	0.0
332000	0.0
332800	0.0
333600	0.0
334400	0.0
335200	0.0
336000	0.0
336800	0.0
337600	0.0
338400	0.0
339200	0.0
340000	0.0
340800	0.0
341600	0.0
342400	0.0
343200	0.0
344000	0.0
344800	0.0
345600	0.0
346400	0.0
347200	0.0
348000	0.0
348800	0.0
349600	0.0
350400	0.0
351200	0.0
352000	0.0
352800	0.0
353600	0.0
354400	0.0
355200	0.0
356000	0.0
356800	0.0
357600	0.0
358400	0.0
359200	0.0
360000	0.0
360800	0.0
361600	0.0
362400	0.0
363200	0.0
364000	0.0
364800	0.0
365600	0.0
366400	0.0
367200	0.0
368000	0.0
368800	0.0
369600	0.0
370400	0.0
371200	0.0
372000	0.0
372800	1.0
373600	0.0
374400	0.0
375200	0.0
376000	0.0
376800	0.0
377600	0.0
378400	0.0
379200	0.0
380000	0.0
380800	0.0
381600	1.0
382400	0.0
383200	0.0
384000	0.0
384800	0.0
385600	0.0
386400	0.0
387200	0.0
388000	0.0
388800	0.0
389600	0.0
390400	0.0
391200	0.0
392000	0.0
392800	0.0
393600	0.0
394400	0.0
395200	0.0
396000	0.0
396800	0.0
397600	0.0
398400	0.0
399200	0.0
400000	0.0
400800	1.0
401600	0.0
402400	0.0
403200	0.0
404000	0.0
404800	1.0
405600	0.0
406400	0.0
407200	0.0
408000	0.0
408800	0.0
409600	0.0
410400	0.0
411200	0.0
412000	0.0
412800	0.0
413600	0.0
414400	1.0
415200	0.0
416000	0.0
416800	0.0
417600	0.0
418400	1.0
419200	0.0
420000	0.0
420800	0.0
421600	0.0
422400	0.0
423200	0.0
424000	0.0
424800	0.0
425600	0.0
426400	0.0
427200	0.0
428000	0.0
428800	0.0
429600	0.0
430400	0.0
431200	0.0
432000	0.0
432800	0.0
433600	0.0
434400	0.0
435200	0.0
436000	0.0
436800	0.0
437600	0.0
438400	0.0
439200	0.0
440000	0.0
440800	0.0
441600	0.0
442400	1.0
443200	0.0
444000	0.0
444800	0.0
445600	1.0
446400	0.0
447200	0.0
448000	0.0
448800	0.0
449600	1.0
450400	0.0
451200	0.0
452000	0.0
452800	0.0
453600	0.0
454400	0.0
455200	0.0
456000	0.0
456800	0.0
457600	0.0
458400	1.0
459200	2.0
460000	2.0
460800	3.0
461600	2.0
462400	2.0
463200	2.0
464000	1.0
464800	2.0
465600	1.0
466400	1.0
467200	1.0
468000	2.0
468800	2.0
469600	1.0
470400	2.0
471200	1.0
472000	2.0
472800	5.0
473600	2.0
474400	1.0
475200	2.0
476000	3.0
476800	3.0
477600	2.0
478400	3.0
479200	2.0
480000	2.0
480800	0.0
481600	2.0
482400	3.0
483200	1.0
484000	1.0
484800	2.0
485600	2.0
486400	1.0
487200	4.0
488000	3.0
488800	1.0
489600	1.0
490400	3.0
491200	1.0
492000	1.0
492800	1.0
493600	2.0
494400	6.0
495200	7.0
496000	1.0
496800	3.0
497600	1.0
498400	3.0
499200	5.0
500000	1.0
500800	1.0
501600	3.0
502400	3.0
503200	2.0
504000	2.0
504800	5.0
505600	1.0
506400	3.0
507200	3.0
508000	1.0
508800	5.0
509600	2.0
510400	6.0
511200	2.0
512000	2.0
512800	4.0
513600	4.0
514400	6.0
515200	5.0
516000	6.0
516800	4.0
517600	2.0
518400	2.0
519200	6.0
520000	9.0
520800	8.0
521600	8.0
522400	4.0
523200	4.0
524000	6.0
524800	9.0
525600	9.0
526400	6.0
527200	8.0
528000	6.0
528800	9.0
529600	10.0
530400	4.0
531200	7.0
532000	10.0
532800	10.0
533600	8.0
534400	9.0
535200	7.0
536000	10.0
536800	5.0
537600	8.0
538400	10.0
539200	8.0
540000	9.0
540800	6.0
541600	12.0
542400	7.0
543200	9.0
544000	7.0
544800	3.0
545600	8.0
546400	10.0
547200	9.0
548000	9.0
548800	9.0
549600	11.0
550400	9.0
551200	8.0
552000	9.0
552800	9.0
553600	10.0
554400	9.0
555200	11.0
556000	9.0
556800	9.0
557600	6.0
558400	9.0
559200	0.0
560000	5.0
560800	3.0
561600	10.0
562400	10.0
563200	10.0
564000	9.0
564800	10.0
565600	9.0
566400	11.0
567200	10.0
568000	10.0
568800	10.0
569600	9.0
570400	9.0
571200	11.0
572000	10.0
572800	10.0
573600	9.0
574400	11.0
575200	8.0
576000	11.0
576800	11.0
577600	9.0
578400	9.0
579200	11.0
580000	9.0
580800	10.0
581600	9.0
582400	10.0
583200	10.0
584000	10.0
584800	11.0
585600	9.0
586400	9.0
587200	10.0
588000	10.0
588800	11.0
589600	9.0
590400	9.0
591200	11.0
592000	9.0
592800	9.0
593600	10.0
594400	10.0
595200	10.0
596000	11.0
596800	9.0
597600	10.0
598400	10.0
599200	11.0
600000	9.0
600800	11.0
601600	9.0
602400	11.0
603200	10.0
604000	9.0
604800	11.0
605600	10.0
606400	10.0
607200	9.0
608000	11.0
608800	11.0
609600	10.0
610400	11.0
611200	11.0
612000	11.0
612800	9.0
613600	11.0
614400	11.0
615200	9.0
616000	10.0
616800	11.0
617600	9.0
618400	10.0
619200	10.0
620000	10.0
620800	10.0
621600	11.0
622400	10.0
623200	10.0
624000	10.0
624800	11.0
625600	10.0
626400	11.0
627200	10.0
628000	11.0
628800	11.0
629600	10.0
630400	10.0
631200	10.0
632000	10.0
632800	11.0
633600	10.0
634400	11.0
635200	11.0
636000	10.0
636800	11.0
637600	11.0
638400	10.0
639200	11.0
640000	10.0
640800	9.0
641600	11.0
642400	10.0
643200	11.0
644000	10.0
644800	11.0
645600	11.0
646400	10.0
647200	10.0
648000	11.0
648800	9.0
649600	9.0
650400	11.0
651200	10.0
652000	10.0
652800	10.0
653600	11.0
654400	11.0
655200	11.0
656000	9.0
656800	10.0
657600	10.0
658400	11.0
659200	11.0
660000	10.0
660800	10.0
661600	11.0
662400	9.0
663200	11.0
664000	9.0
664800	10.0
665600	10.0
666400	10.0
667200	11.0
668000	11.0
668800	9.0
669600	11.0
670400	10.0
671200	10.0
672000	11.0
672800	9.0
673600	10.0
674400	10.0
675200	10.0
676000	11.0
676800	9.0
677600	11.0
678400	10.0
679200	10.0
680000	10.0
680800	10.0
681600	10.0
682400	10.0
683200	10.0
684000	11.0
684800	10.0
685600	11.0
686400	10.0
687200	11.0
688000	10.0
688800	11.0
689600	10.0
690400	12.0
691200	10.0
692000	10.0
692800	10.0
693600	11.0
694400	10.0
695200	10.0
696000	10.0
696800	10.0
697600	11.0
698400	10.0
699200	10.0
700000	10.0
700800	8.0
701600	10.0
702400	11.0
703200	8.0
704000	12.0
704800	10.0
705600	11.0
706400	11.0
707200	10.0
708000	11.0
708800	11.0
709600	11.0
710400	9.0
711200	10.0
712000	10.0
712800	12.0
713600	10.0
714400	10.0
715200	12.0
716000	10.0
716800	11.0
717600	10.0
718400	10.0
719200	10.0
720000	10.0
720800	11.0
721600	11.0
722400	10.0
723200	11.0
724000	9.0
724800	11.0
725600	11.0
726400	10.0
727200	10.0
728000	11.0
728800	11.0
729600	10.0
730400	10.0
731200	10.0
732000	10.0
732800	10.0
733600	9.0
734400	12.0
735200	10.0
736000	10.0
736800	10.0
737600	10.0
738400	10.0
739200	11.0
740000	9.0
740800	10.0
741600	10.0
742400	10.0
743200	12.0
744000	9.0
744800	10.0
745600	10.0
746400	10.0
747200	10.0
748000	11.0
748800	10.0
749600	10.0
750400	10.0
751200	10.0
752000	10.0
752800	11.0
753600	11.0
754400	10.0
755200	11.0
756000	10.0
756800	10.0
757600	10.0
758400	11.0
759200	10.0
760000	11.0
760800	10.0
761600	11.0
762400	11.0
763200	10.0
764000	10.0
764800	11.0
765600	10.0
766400	10.0
767200	10.0
768000	11.0
768800	9.0
769600	11.0
770400	10.0
771200	11.0
772000	10.0
772800	9.0
773600	10.0
774400	10.0
775200	11.0
776000	8.0
776800	11.0
777600	9.0
778400	10.0
779200	11.0
780000	10.0
780800	9.0
781600	10.0
782400	10.0
783200	10.0
784000	10.0
784800	9.0
785600	12.0
786400	8.0
787200	11.0
788000	9.0
788800	10.0
789600	10.0
790400	10.0
791200	11.0
792000	10.0
792800	10.0
793600	11.0
794400	11.0
795200	10.0
796000	11.0
796800	11.0
797600	11.0
798400	10.0
799200	9.0
800000	10.0
800800	10.0
801600	10.0
802400	11.0
803200	11.0
804000	10.0
804800	10.0
805600	10.0
806400	10.0
807200	10.0
808000	11.0
808800	10.0
809600	11.0
810400	10.0
811200	11.0
812000	10.0
812800	10.0
813600	11.0
814400	10.0
815200	10.0
816000	10.0
816800	11.0
817600	10.0
818400	11.0
819200	10.0
820000	11.0
820800	10.0
821600	11.0
822400	11.0
823200	10.0
824000	10.0
824800	10.0
825600	9.0
826400	11.0
827200	9.0
828000	11.0
828800	10.0
829600	11.0
830400	11.0
831200	10.0
832000	11.0
832800	10.0
833600	10.0
834400	11.0
835200	11.0
836000	10.0
836800	11.0
837600	10.0
838400	10.0
839200	11.0
840000	11.0
840800	11.0
841600	11.0
842400	10.0
843200	11.0
844000	11.0
844800	10.0
845600	11.0
846400	10.0
847200	11.0
848000	11.0
848800	10.0
849600	11.0
850400	10.0
851200	10.0
852000	10.0
852800	11.0
853600	10.0
854400	10.0
855200	10.0
856000	11.0
856800	11.0
857600	10.0
858400	9.0
859200	10.0
860000	11.0
860800	10.0
861600	9.0
862400	10.0
863200	10.0
864000	10.0
864800	11.0
865600	10.0
866400	10.0
867200	11.0
868000	10.0
868800	9.0
869600	10.0
870400	11.0
871200	10.0
872000	11.0
872800	11.0
873600	10.0
874400	11.0
875200	10.0
876000	11.0
876800	10.0
877600	10.0
878400	11.0
879200	10.0
880000	8.0
880800	11.0
881600	10.0
882400	10.0
883200	10.0
884000	10.0
884800	10.0
885600	10.0
886400	10.0
887200	11.0
888000	10.0
888800	10.0
889600	9.0
890400	10.0
891200	11.0
892000	10.0
892800	10.0
893600	10.0
894400	10.0
895200	11.0
896000	11.0
896800	10.0
897600	11.0
898400	10.0
899200	11.0
900000	10.0
900800	10.0
901600	10.0
902400	10.0
903200	11.0
904000	10.0
904800	10.0
905600	9.0
906400	11.0
907200	10.0
908000	10.0
908800	11.0
909600	9.0
910400	10.0
911200	11.0
912000	10.0
912800	10.0
913600	11.0
914400	11.0
915200	10.0
916000	10.0
916800	10.0
917600	10.0
918400	10.0
919200	10.0
920000	10.0
920800	11.0
921600	10.0
922400	11.0
923200	10.0
924000	11.0
924800	10.0
925600	11.0
926400	10.0
927200	10.0
928000	10.0
928800	10.0
929600	10.0
930400	11.0
931200	10.0
932000	11.0
932800	10.0
933600	10.0
934400	11.0
935200	10.0
936000	9.0
936800	11.0
937600	11.0
938400	11.0
939200	10.0
940000	11.0
940800	10.0
941600	11.0
942400	10.0
943200	10.0
944000	11.0
944800	8.0
945600	10.0
946400	11.0
947200	9.0
948000	11.0
948800	10.0
949600	11.0
950400	10.0
951200	10.0
952000	10.0
952800	10.0
953600	10.0
954400	11.0
955200	10.0
956000	12.0
956800	10.0
957600	10.0
958400	11.0
959200	11.0
960000	10.0
960800	10.0
961600	0.0
962400	0.0
963200	10.0
964000	10.0
964800	10.0
965600	10.0
966400	11.0
967200	10.0
968000	10.0
968800	9.0
969600	11.0
970400	10.0
971200	11.0
972000	10.0
972800	10.0
973600	11.0
974400	10.0
975200	10.0
976000	10.0
976800	11.0
977600	10.0
978400	11.0
979200	10.0
980000	11.0
980800	10.0
981600	10.0
982400	11.0
983200	10.0
984000	11.0
984800	11.0
985600	10.0
986400	10.0
987200	11.0
988000	12.0
988800	10.0
989600	11.0
990400	11.0
991200	10.0
992000	10.0
992800	12.0
993600	10.0
994400	11.0
995200	10.0
996000	9.0
996800	11.0
997600	10.0
998400	11.0
999200	10.0
1000000	10.0
1000800	9.0
1001600	10.0
1002400	10.0
1003200	11.0
1004000	10.0
1004800	10.0
1005600	9.0
1006400	10.0
1007200	11.0
1008000	9.0
1008800	11.0
1009600	10.0
1010400	11.0
1011200	11.0
1012000	11.0
1012800	11.0
1013600	9.0
1014400	11.0
1015200	11.0
1016000	10.0
1016800	10.0
1017600	10.0
1018400	12.0
1019200	10.0
1020000	10.0
1020800	10.0
1021600	10.0
1022400	11.0
1023200	11.0
1024000	11.0
1024800	9.0
1025600	10.0
1026400	11.0
1027200	9.0
1028000	10.0
1028800	11.0
1029600	11.0
1030400	10.0
1031200	10.0
1032000	10.0
1032800	10.0
1033600	10.0
1034400	10.0
1035200	11.0
1036000	11.0
1036800	10.0
1037600	9.0
1038400	11.0
1039200	11.0
1040000	10.0
1040800	10.0
1041600	11.0
1042400	11.0
1043200	10.0
1044000	10.0
1044800	10.0
1045600	10.0
1046400	10.0
1047200	11.0
1048000	10.0
1048800	10.0
1049600	10.0
1050400	11.0
1051200	9.0
1052000	11.0
1052800	10.0
1053600	11.0
1054400	10.0
1055200	11.0
1056000	9.0
1056800	10.0
1057600	10.0
1058400	10.0
1059200	10.0
1060000	10.0
1060800	10.0
1061600	11.0
1062400	9.0
1063200	11.0
1064000	9.0
1064800	10.0
1065600	11.0
1066400	10.0
1067200	11.0
1068000	10.0
1068800	10.0
1069600	11.0
1070400	10.0
1071200	11.0
1072000	10.0
1072800	10.0
1073600	11.0
1074400	11.0
1075200	11.0
1076000	10.0
1076800	10.0
1077600	9.0
1078400	11.0
1079200	11.0
1080000	10.0
1080800	11.0
1081600	10.0
1082400	10.0
1083200	10.0
1084000	9.0
1084800	11.0
1085600	10.0
1086400	10.0
1087200	10.0
1088000	11.0
1088800	10.0
1089600	10.0
1090400	10.0
1091200	11.0
1092000	11.0
1092800	10.0
1093600	10.0
1094400	11.0
1095200	10.0
1096000	12.0
1096800	10.0
1097600	10.0
1098400	11.0
1099200	10.0
1100000	11.0
1100800	11.0
1101600	9.0
1102400	11.0
1103200	11.0
1104000	11.0
1104800	10.0
1105600	11.0
1106400	11.0
1107200	11.0
1108000	10.0
1108800	10.0
1109600	10.0
1110400	10.0
1111200	11.0
1112000	10.0
1112800	10.0
1113600	9.0
1114400	11.0
1115200	11.0
1116000	10.0
1116800	10.0
1117600	11.0
1118400	10.0
1119200	12.0
1120000	10.0
1120800	11.0
1121600	11.0
1122400	10.0
1123200	10.0
1124000	12.0
1124800	9.0
1125600	10.0
1126400	11.0
1127200	10.0
1128000	11.0
1128800	11.0
1129600	10.0
1130400	11.0
1131200	11.0
1132000	10.0
1132800	12.0
1133600	9.0
1134400	11.0
1135200	10.0
1136000	11.0
1136800	11.0
1137600	10.0
1138400	10.0
1139200	11.0
1140000	11.0
1140800	10.0
1141600	10.0
1142400	10.0
1143200	9.0
1144000	10.0
1144800	10.0
1145600	11.0
1146400	11.0
1147200	10.0
1148000	10.0
1148800	11.0
1149600	11.0
1150400	10.0
1151200	11.0
1152000	10.0
1152800	10.0
1153600	9.0
1154400	11.0
1155200	11.0
1156000	11.0
1156800	11.0
1157600	10.0
1158400	10.0
1159200	10.0
1160000	11.0
1160800	11.0
1161600	11.0
1162400	9.0
1163200	11.0
1164000	11.0
1164800	10.0
1165600	11.0
1166400	10.0
1167200	11.0
1168000	11.0
1168800	4.0
1169600	6.0
1170400	11.0
1171200	11.0
1172000	10.0
1172800	10.0
1173600	10.0
1174400	11.0
1175200	11.0
1176000	11.0
1176800	9.0
1177600	10.0
1178400	11.0
1179200	10.0
1180000	10.0
1180800	12.0
1181600	11.0
1182400	10.0
1183200	11.0
1184000	11.0
1184800	11.0
1185600	11.0
1186400	10.0
1187200	11.0
1188000	10.0
1188800	10.0
1189600	12.0
1190400	10.0
1191200	10.0
1192000	11.0
1192800	11.0
1193600	11.0
1194400	10.0
1195200	10.0
1196000	12.0
1196800	11.0
1197600	10.0
1198400	10.0
1199200	11.0
1200000	9.0
1200800	8.0
1201600	10.0
1202400	11.0
1203200	12.0
1204000	10.0
1204800	11.0
1205600	11.0
1206400	11.0
1207200	10.0
1208000	11.0
1208800	11.0
1209600	11.0
1210400	11.0
1211200	10.0
1212000	12.0
1212800	10.0
1213600	10.0
1214400	11.0
1215200	10.0
1216000	10.0
1216800	11.0
1217600	11.0
1218400	11.0
1219200	10.0
1220000	11.0
1220800	10.0
1221600	11.0
1222400	10.0
1223200	11.0
1224000	10.0
1224800	11.0
1225600	11.0
1226400	11.0
1227200	11.0
1228000	11.0
1228800	11.0
1229600	11.0
1230400	11.0
1231200	11.0
1232000	11.0
1232800	11.0
1233600	9.0
1234400	10.0
1235200	11.0
1236000	11.0
1236800	10.0
1237600	11.0
1238400	11.0
1239200	10.0
1240000	11.0
1240800	10.0
1241600	12.0
1242400	10.0
1243200	11.0
1244000	9.0
1244800	11.0
1245600	11.0
1246400	10.0
1247200	11.0
1248000	10.0
1248800	10.0
1249600	11.0
1250400	10.0
1251200	11.0
1252000	11.0
1252800	10.0
1253600	11.0
1254400	10.0
1255200	10.0
1256000	9.0
1256800	11.0
1257600	9.0
1258400	8.0
1259200	6.0
1260000	4.0
1260800	8.0
1261600	6.0
1262400	6.0
1263200	3.0
1264000	8.0
1264800	9.0
1265600	10.0
1266400	10.0
1267200	10.0
1268000	9.0
1268800	8.0
1269600	10.0
1270400	10.0
1271200	12.0
1272000	11.0
1272800	9.0
1273600	11.0
1274400	10.0
1275200	10.0
1276000	10.0
1276800	10.0
1277600	10.0
1278400	10.0
1279200	11.0
1280000	10.0
1280800	11.0
1281600	11.0
1282400	11.0
1283200	10.0
1284000	11.0
1284800	11.0
1285600	10.0
1286400	10.0
1287200	10.0
1288000	11.0
1288800	11.0
1289600	10.0
1290400	4.0
1291200	6.0
1292000	11.0
1292800	11.0
1293600	10.0
1294400	9.0
1295200	11.0
1296000	10.0
1296800	10.0
1297600	11.0
1298400	11.0
1299200	10.0
1300000	12.0
1300800	9.0
1301600	10.0
1302400	11.0
1303200	10.0
1304000	10.0
1304800	11.0
1305600	9.0
1306400	10.0
1307200	11.0
1308000	10.0
1308800	10.0
1309600	11.0
1310400	11.0
1311200	11.0
1312000	10.0
1312800	11.0
1313600	10.0
1314400	10.0
1315200	11.0
1316000	10.0
1316800	9.0
1317600	8.0
1318400	6.0
1319200	10.0
1320000	11.0
1320800	11.0
1321600	10.0
1322400	11.0
1323200	10.0
1324000	11.0
1324800	10.0
1325600	11.0
1326400	10.0
1327200	11.0
1328000	11.0
1328800	11.0
1329600	11.0
1330400	9.0
1331200	8.0
1332000	11.0
1332800	11.0
1333600	11.0
1334400	11.0
1335200	11.0
1336000	11.0
1336800	10.0
1337600	10.0
1338400	11.0
1339200	8.0
1340000	10.0
1340800	11.0
1341600	10.0
1342400	11.0
1343200	11.0
1344000	11.0
1344800	10.0
1345600	11.0
1346400	10.0
1347200	11.0
1348000	11.0
1348800	10.0
1349600	11.0
1350400	11.0
1351200	10.0
1352000	9.0
1352800	11.0
1353600	10.0
1354400	10.0
1355200	10.0
1356000	11.0
1356800	10.0
1357600	12.0
1358400	11.0
1359200	10.0
1360000	11.0
1360800	10.0
1361600	11.0
1362400	10.0
1363200	11.0
1364000	11.0
1364800	10.0
1365600	11.0
1366400	10.0
1367200	11.0
1368000	11.0
1368800	11.0
1369600	10.0
1370400	11.0
1371200	10.0
1372000	11.0
1372800	11.0
1373600	11.0
1374400	11.0
1375200	10.0
1376000	11.0
1376800	10.0
1377600	10.0
1378400	11.0
1379200	11.0
1380000	10.0
1380800	11.0
1381600	11.0
1382400	11.0
1383200	11.0
1384000	11.0
1384800	11.0
1385600	10.0
1386400	11.0
1387200	10.0
1388000	11.0
1388800	11.0
1389600	11.0
1390400	11.0
1391200	10.0
1392000	11.0
1392800	11.0
1393600	11.0
1394400	11.0
1395200	10.0
1396000	10.0
1396800	11.0
1397600	11.0
1398400	11.0
1399200	10.0
1400000	12.0
1400800	11.0
1401600	10.0
1402400	10.0
1403200	11.0
1404000	11.0
1404800	10.0
1405600	11.0
1406400	11.0
1407200	9.0
1408000	11.0
1408800	11.0
1409600	10.0
1410400	11.0
1411200	10.0
1412000	11.0
1412800	10.0
1413600	11.0
1414400	11.0
1415200	11.0
1416000	10.0
1416800	10.0
1417600	11.0
1418400	11.0
1419200	11.0
1420000	11.0
1420800	10.0
1421600	11.0
1422400	11.0
1423200	10.0
1424000	10.0
1424800	11.0
1425600	11.0
1426400	10.0
1427200	11.0
1428000	11.0
1428800	11.0
1429600	11.0
1430400	9.0
1431200	8.0
1432000	10.0
1432800	10.0
1433600	11.0
1434400	10.0
1435200	11.0
1436000	11.0
1436800	10.0
1437600	12.0
1438400	11.0
1439200	11.0
1440000	11.0
1440800	11.0
1441600	11.0
1442400	10.0
1443200	10.0
1444000	12.0
1444800	11.0
1445600	10.0
1446400	9.0
1447200	10.0
1448000	10.0
1448800	8.0
1449600	6.0
1450400	10.0
1451200	10.0
1452000	10.0
1452800	12.0
1453600	10.0
1454400	9.0
1455200	9.0
1456000	10.0
1456800	11.0
1457600	9.0
1458400	11.0
1459200	11.0
1460000	4.0
1460800	5.0
1461600	10.0
1462400	11.0
1463200	11.0
1464000	10.0
1464800	11.0
1465600	10.0
1466400	9.0
1467200	11.0
1468000	10.0
1468800	8.0
1469600	8.0
1470400	10.0
1471200	11.0
1472000	11.0
1472800	10.0
1473600	11.0
1474400	11.0
1475200	11.0
1476000	10.0
1476800	9.0
1477600	9.0
1478400	11.0
1479200	11.0
1480000	8.0
1480800	10.0
1481600	11.0
1482400	9.0
1483200	3.0
1484000	11.0
1484800	10.0
1485600	11.0
1486400	11.0
1487200	9.0
1488000	10.0
1488800	11.0
1489600	10.0
1490400	11.0
1491200	10.0
1492000	6.0
1492800	9.0
1493600	11.0
1494400	11.0
1495200	10.0
1496000	8.0
1496800	8.0
1497600	11.0
1498400	9.0
1499200	12.0
1500000	10.0
1500800	10.0
1501600	11.0
1502400	10.0
1503200	9.0
1504000	11.0
1504800	6.0
1505600	6.0
1506400	10.0
1507200	8.0
1508000	9.0
1508800	8.0
1509600	11.0
1510400	10.0
1511200	10.0
1512000	9.0
1512800	9.0
1513600	10.0
1514400	9.0
1515200	11.0
1516000	10.0
1516800	9.0
1517600	10.0
1518400	11.0
1519200	9.0
1520000	11.0
1520800	10.0
1521600	11.0
1522400	9.0
1523200	11.0
1524000	10.0
1524800	9.0
1525600	9.0
1526400	10.0
1527200	10.0
1528000	10.0
1528800	11.0
1529600	11.0
1530400	10.0
1531200	11.0
1532000	11.0
1532800	11.0
1533600	11.0
1534400	10.0
1535200	12.0
1536000	10.0
1536800	11.0
1537600	11.0
1538400	10.0
1539200	11.0
1540000	10.0
1540800	10.0
1541600	11.0
1542400	10.0
1543200	10.0
1544000	11.0
1544800	11.0
1545600	10.0
1546400	11.0
1547200	10.0
1548000	11.0
1548800	11.0
1549600	10.0
1550400	10.0
1551200	10.0
1552000	9.0
1552800	10.0
1553600	10.0
1554400	11.0
1555200	11.0
1556000	11.0
1556800	11.0
1557600	11.0
1558400	10.0
1559200	11.0
1560000	10.0
1560800	11.0
1561600	11.0
1562400	10.0
1563200	12.0
1564000	10.0
1564800	11.0
1565600	11.0
1566400	10.0
1567200	10.0
1568000	11.0
1568800	11.0
1569600	10.0
1570400	11.0
1571200	11.0
1572000	10.0
1572800	11.0
1573600	10.0
1574400	11.0
1575200	10.0
1576000	10.0
1576800	11.0
1577600	10.0
1578400	11.0
1579200	10.0
1580000	11.0
1580800	10.0
1581600	10.0
1582400	11.0
1583200	11.0
1584000	10.0
1584800	11.0
1585600	11.0
1586400	11.0
1587200	10.0
1588000	10.0
1588800	11.0
1589600	11.0
1590400	10.0
1591200	11.0
1592000	11.0
1592800	11.0
1593600	10.0
1594400	11.0
1595200	10.0
1596000	11.0
1596800	10.0
1597600	11.0
1598400	11.0
1599200	10.0
1600000	10.0
1600800	10.0
1601600	11.0
1602400	11.0
1603200	10.0
1604000	10.0
1604800	11.0
1605600	11.0
1606400	10.0
1607200	11.0
1608000	6.0
1608800	9.0
1609600	10.0
1610400	10.0
1611200	11.0
1612000	11.0
1612800	8.0
1613600	9.0
1614400	8.0
1615200	7.0
1616000	10.0
1616800	11.0
1617600	10.0
1618400	8.0
1619200	6.0
1620000	8.0
1620800	11.0
1621600	10.0
1622400	10.0
1623200	10.0
1624000	11.0
1624800	11.0
1625600	10.0
1626400	9.0
1627200	11.0
1628000	10.0
1628800	10.0
1629600	8.0
1630400	10.0
1631200	8.0
1632000	10.0
1632800	11.0
1633600	10.0
1634400	11.0
1635200	11.0
1636000	10.0
1636800	11.0
1637600	10.0
1638400	10.0
1639200	10.0
1640000	11.0
1640800	7.0
1641600	10.0
1642400	9.0
1643200	12.0
1644000	11.0
1644800	10.0
1645600	11.0
1646400	10.0
1647200	10.0
1648000	10.0
1648800	8.0
1649600	11.0
1650400	11.0
1651200	10.0
1652000	11.0
1652800	11.0
1653600	9.0
1654400	10.0
1655200	9.0
1656000	9.0
1656800	11.0
1657600	10.0
1658400	10.0
1659200	11.0
1660000	11.0
1660800	8.0
1661600	8.0
1662400	7.0
1663200	8.0
1664000	11.0
1664800	9.0
1665600	8.0
1666400	9.0
1667200	8.0
1668000	11.0
1668800	10.0
1669600	10.0
1670400	9.0
1671200	11.0
1672000	9.0
1672800	4.0
1673600	4.0
1674400	7.0
1675200	10.0
1676000	5.0
1676800	11.0
1677600	11.0
1678400	11.0
1679200	11.0
1680000	11.0
1680800	10.0
1681600	9.0
1682400	10.0
1683200	10.0
1684000	11.0
1684800	11.0
1685600	11.0
1686400	10.0
1687200	11.0
1688000	10.0
1688800	7.0
1689600	10.0
1690400	10.0
1691200	11.0
1692000	10.0
1692800	11.0
1693600	11.0
1694400	9.0
1695200	7.0
1696000	11.0
1696800	10.0
1697600	11.0
1698400	10.0
1699200	10.0
1700000	4.0
1700800	10.0
1701600	11.0
1702400	11.0
1703200	10.0
1704000	10.0
1704800	11.0
1705600	9.0
1706400	11.0
1707200	10.0
1708000	10.0
1708800	10.0
1709600	10.0
1710400	11.0
1711200	11.0
1712000	11.0
1712800	10.0
1713600	10.0
1714400	10.0
1715200	10.0
1716000	10.0
1716800	11.0
1717600	10.0
1718400	11.0
1719200	11.0
1720000	11.0
1720800	10.0
1721600	11.0
1722400	11.0
1723200	10.0
1724000	11.0
1724800	10.0
1725600	10.0
1726400	10.0
1727200	11.0
1728000	10.0
1728800	11.0
1729600	11.0
1730400	11.0
1731200	11.0
1732000	10.0
1732800	9.0
1733600	10.0
1734400	11.0
1735200	11.0
1736000	9.0
1736800	10.0
1737600	10.0
1738400	10.0
1739200	11.0
1740000	10.0
1740800	11.0
1741600	10.0
1742400	8.0
1743200	12.0
1744000	10.0
1744800	10.0
1745600	11.0
1746400	11.0
1747200	11.0
1748000	11.0
1748800	11.0
1749600	10.0
1750400	11.0
1751200	11.0
1752000	10.0
1752800	11.0
1753600	10.0
1754400	11.0
1755200	10.0
1756000	11.0
1756800	10.0
1757600	11.0
1758400	11.0
1759200	10.0
1760000	11.0
1760800	11.0
1761600	10.0
1762400	10.0
1763200	11.0
1764000	12.0
1764800	11.0
1765600	11.0
1766400	10.0
1767200	10.0
1768000	10.0
1768800	10.0
1769600	11.0
1770400	10.0
1771200	10.0
1772000	11.0
1772800	11.0
1773600	10.0
1774400	11.0
1775200	10.0
1776000	10.0
1776800	10.0
1777600	11.0
1778400	11.0
1779200	10.0
1780000	12.0
1780800	12.0
1781600	9.0
1782400	11.0
1783200	11.0
1784000	11.0
1784800	10.0
1785600	8.0
1786400	10.0
1787200	11.0
1788000	11.0
1788800	10.0
1789600	11.0
1790400	10.0
1791200	11.0
1792000	11.0
1792800	11.0
1793600	10.0
1794400	10.0
1795200	11.0
1796000	11.0
1796800	11.0
1797600	10.0
1798400	11.0
1799200	10.0
1800000	10.0
1800800	10.0
1801600	10.0
1802400	11.0
1803200	10.0
1804000	7.0
1804800	8.0
1805600	11.0
1806400	11.0
1807200	10.0
1808000	10.0
1808800	11.0
1809600	11.0
1810400	11.0
1811200	9.0
1812000	10.0
1812800	10.0
1813600	10.0
1814400	10.0
1815200	11.0
1816000	10.0
1816800	9.0
1817600	10.0
1818400	8.0
1819200	10.0
1820000	8.0
1820800	9.0
1821600	9.0
1822400	9.0
1823200	11.0
1824000	11.0
1824800	10.0
1825600	11.0
1826400	11.0
1827200	11.0
1828000	10.0
1828800	4.0
1829600	7.0
1830400	8.0
1831200	9.0
1832000	8.0
1832800	4.0
1833600	10.0
1834400	6.0
1835200	8.0
1836000	11.0
1836800	10.0
1837600	11.0
1838400	11.0
1839200	10.0
1840000	11.0
1840800	11.0
1841600	10.0
1842400	9.0
1843200	7.0
1844000	9.0
1844800	11.0
1845600	11.0
1846400	11.0
1847200	10.0
1848000	4.0
1848800	8.0
1849600	11.0
1850400	10.0
1851200	10.0
1852000	12.0
1852800	10.0
1853600	10.0
1854400	6.0
1855200	9.0
1856000	10.0
1856800	10.0
1857600	10.0
1858400	6.0
1859200	11.0
1860000	10.0
1860800	6.0
1861600	8.0
1862400	9.0
1863200	11.0
1864000	11.0
1864800	9.0
1865600	10.0
1866400	9.0
1867200	10.0
1868000	11.0
1868800	9.0
1869600	9.0
1870400	10.0
1871200	11.0
1872000	7.0
1872800	10.0
1873600	10.0
1874400	9.0
1875200	10.0
1876000	11.0
1876800	10.0
1877600	11.0
1878400	10.0
1879200	11.0
1880000	7.0
1880800	10.0
1881600	10.0
1882400	9.0
1883200	9.0
1884000	11.0
1884800	11.0
1885600	10.0
1886400	11.0
1887200	11.0
1888000	10.0
1888800	9.0
1889600	10.0
1890400	9.0
1891200	10.0
1892000	9.0
1892800	10.0
1893600	11.0
1894400	10.0
1895200	10.0
1896000	10.0
1896800	8.0
1897600	12.0
1898400	9.0
1899200	5.0
1900000	10.0
1900800	11.0
1901600	11.0
1902400	10.0
1903200	11.0
1904000	10.0
1904800	11.0
1905600	10.0
1906400	9.0
1907200	10.0
1908000	9.0
1908800	10.0
1909600	9.0
1910400	11.0
1911200	10.0
1912000	11.0
1912800	10.0
1913600	11.0
1914400	9.0
1915200	12.0
1916000	11.0
1916800	10.0
1917600	12.0
1918400	11.0
1919200	11.0
1920000	10.0
1920800	9.0
1921600	10.0
1922400	10.0
1923200	11.0
1924000	11.0
1924800	10.0
1925600	11.0
1926400	10.0
1927200	7.0
1928000	10.0
1928800	6.0
1929600	8.0
1930400	11.0
1931200	11.0
1932000	11.0
1932800	8.0
1933600	10.0
1934400	10.0
1935200	11.0
1936000	10.0
1936800	11.0
1937600	6.0
1938400	10.0
1939200	11.0
1940000	11.0
1940800	10.0
1941600	10.0
1942400	11.0
1943200	11.0
1944000	10.0
1944800	11.0
1945600	11.0
1946400	11.0
1947200	11.0
1948000	11.0
1948800	9.0
1949600	10.0
1950400	11.0
1951200	12.0
1952000	11.0
1952800	10.0
1953600	11.0
1954400	10.0
1955200	10.0
1956000	11.0
1956800	9.0
1957600	11.0
1958400	11.0
1959200	11.0
1960000	10.0
1960800	11.0
1961600	10.0
1962400	11.0
1963200	10.0
1964000	10.0
1964800	11.0
1965600	10.0
1966400	11.0
1967200	11.0
1968000	10.0
1968800	10.0
1969600	11.0
1970400	10.0
1971200	11.0
1972000	11.0
1972800	11.0
1973600	10.0
1974400	12.0
1975200	10.0
1976000	11.0
1976800	11.0
1977600	12.0
1978400	9.0
1979200	8.0
1980000	11.0
1980800	10.0
1981600	11.0
1982400	10.0
1983200	10.0
1984000	11.0
1984800	11.0
1985600	11.0
1986400	10.0
1987200	12.0
1988000	10.0
1988800	11.0
1989600	11.0
1990400	10.0
1991200	11.0
1992000	11.0
1992800	9.0
1993600	11.0
1994400	11.0
1995200	10.0
1996000	11.0
1996800	10.0
1997600	11.0
1998400	11.0
1999200	11.0
2000000	10.0
2000800	11.0
2001600	10.0
2002400	11.0
2003200	10.0
2004000	10.0
2004800	10.0
2005600	10.0
2006400	11.0
2007200	11.0
2008000	10.0
2008800	10.0
2009600	11.0
2010400	10.0
2011200	11.0
2012000	11.0
2012800	11.0
2013600	11.0
2014400	10.0
2015200	11.0
2016000	10.0
2016800	12.0
2017600	11.0
2018400	11.0
2019200	10.0
2020000	11.0
2020800	11.0
2021600	11.0
2022400	10.0
2023200	11.0
2024000	11.0
2024800	11.0
2025600	11.0
2026400	11.0
2027200	11.0
2028000	10.0
2028800	11.0
2029600	11.0
2030400	10.0
2031200	11.0
2032000	10.0
2032800	11.0
2033600	11.0
2034400	10.0
2035200	10.0
2036000	10.0
2036800	11.0
2037600	10.0
2038400	11.0
2039200	11.0
2040000	11.0
2040800	10.0
2041600	11.0
2042400	10.0
2043200	11.0
2044000	10.0
2044800	11.0
2045600	11.0
2046400	10.0
2047200	11.0
2048000	11.0
2048800	11.0
2049600	11.0
2050400	11.0
2051200	11.0
2052000	10.0
2052800	10.0
2053600	9.0
2054400	11.0
2055200	11.0
2056000	11.0
2056800	10.0
2057600	9.0
2058400	11.0
2059200	11.0
2060000	10.0
2060800	11.0
2061600	10.0
2062400	11.0
2063200	11.0
2064000	11.0
2064800	11.0
2065600	10.0
2066400	11.0
2067200	10.0
2068000	11.0
2068800	10.0
2069600	12.0
2070400	11.0
2071200	11.0
2072000	10.0
2072800	11.0
2073600	10.0
2074400	11.0
2075200	11.0
2076000	10.0
2076800	10.0
2077600	11.0
2078400	11.0
2079200	11.0
2080000	10.0
2080800	10.0
2081600	11.0
2082400	9.0
2083200	11.0
2084000	10.0
2084800	11.0
2085600	10.0
2086400	11.0
2087200	10.0
2088000	11.0
2088800	11.0
2089600	12.0
2090400	10.0
2091200	11.0
2092000	10.0
2092800	11.0
2093600	10.0
2094400	11.0
2095200	11.0
2096000	10.0
2096800	11.0
2097600	9.0
2098400	7.0
2099200	10.0
2100000	10.0
2100800	11.0
2101600	10.0
2102400	8.0
2103200	10.0
2104000	10.0
2104800	10.0
2105600	11.0
2106400	9.0
2107200	11.0
2108000	10.0
2108800	12.0
2109600	11.0
2110400	10.0
2111200	11.0
2112000	10.0
2112800	7.0
2113600	9.0
2114400	11.0
2115200	9.0
2116000	11.0
2116800	11.0
2117600	9.0
2118400	11.0
2119200	11.0
2120000	11.0
2120800	11.0
2121600	11.0
2122400	10.0
2123200	11.0
2124000	11.0
2124800	11.0
2125600	11.0
2126400	10.0
2127200	9.0
2128000	8.0
2128800	11.0
2129600	10.0
2130400	10.0
2131200	10.0
2132000	11.0
2132800	11.0
2133600	11.0
2134400	11.0
2135200	10.0
2136000	11.0
2136800	10.0
2137600	11.0
2138400	11.0
2139200	11.0
2140000	10.0
2140800	9.0
2141600	11.0
2142400	9.0
2143200	10.0
2144000	10.0
2144800	10.0
2145600	10.0
2146400	10.0
2147200	10.0
2148000	11.0
2148800	11.0
2149600	8.0
2150400	10.0
2151200	9.0
2152000	9.0
2152800	11.0
2153600	10.0
2154400	10.0
2155200	8.0
2156000	9.0
2156800	8.0
2157600	8.0
2158400	10.0
2159200	9.0
2160000	9.0
2160800	10.0
2161600	11.0
2162400	9.0
2163200	11.0
2164000	11.0
2164800	11.0
2165600	10.0
2166400	10.0
2167200	10.0
2168000	11.0
2168800	9.0
2169600	10.0
2170400	9.0
2171200	10.0
2172000	11.0
2172800	7.0
2173600	10.0
2174400	10.0
2175200	11.0
2176000	11.0
2176800	11.0
2177600	10.0
2178400	10.0
2179200	11.0
2180000	10.0
2180800	9.0
2181600	7.0
2182400	11.0
2183200	9.0
2184000	11.0
2184800	10.0
2185600	11.0
2186400	10.0
2187200	11.0
2188000	11.0
2188800	10.0
2189600	11.0
2190400	11.0
2191200	10.0
2192000	11.0
2192800	8.0
2193600	10.0
2194400	10.0
2195200	10.0
2196000	11.0
2196800	11.0
2197600	9.0
2198400	9.0
2199200	7.0
2200000	11.0
2200800	6.0
2201600	10.0
2202400	11.0
2203200	10.0
2204000	10.0
2204800	11.0
2205600	11.0
2206400	8.0
2207200	10.0
2208000	10.0
2208800	9.0
2209600	10.0
2210400	10.0
2211200	6.0
2212000	9.0
2212800	9.0
2213600	9.0
2214400	9.0
2215200	9.0
2216000	11.0
2216800	10.0
2217600	10.0
2218400	11.0
2219200	5.0
2220000	11.0
2220800	9.0
2221600	10.0
2222400	11.0
2223200	10.0
2224000	10.0
2224800	10.0
2225600	11.0
2226400	7.0
2227200	10.0
2228000	11.0
2228800	10.0
2229600	9.0
2230400	11.0
2231200	11.0
2232000	10.0
2232800	11.0
2233600	11.0
2234400	7.0
2235200	8.0
2236000	9.0
2236800	10.0
2237600	9.0
2238400	8.0
2239200	10.0
2240000	10.0
2240800	10.0
2241600	8.0
2242400	10.0
2243200	10.0
2244000	12.0
2244800	9.0
2245600	11.0
2246400	10.0
2247200	10.0
2248000	11.0
2248800	10.0
2249600	11.0
2250400	11.0
2251200	6.0
2252000	10.0
2252800	11.0
2253600	11.0
2254400	11.0
2255200	10.0
2256000	2.0
2256800	6.0
2257600	10.0
2258400	10.0
2259200	7.0
2260000	9.0
2260800	11.0
2261600	11.0
2262400	11.0
2263200	10.0
2264000	9.0
2264800	8.0
2265600	11.0
2266400	9.0
2267200	7.0
2268000	10.0
2268800	10.0
2269600	9.0
2270400	11.0
2271200	10.0
2272000	10.0
2272800	10.0
2273600	8.0
2274400	8.0
2275200	9.0
2276000	10.0
2276800	9.0
2277600	9.0
2278400	11.0
2279200	11.0
2280000	11.0
2280800	8.0
2281600	9.0
2282400	9.0
2283200	8.0
2284000	9.0
2284800	11.0
2285600	11.0
2286400	11.0
2287200	9.0
2288000	11.0
2288800	10.0
2289600	11.0
2290400	10.0
2291200	11.0
2292000	11.0
2292800	11.0
2293600	10.0
2294400	10.0
2295200	10.0
2296000	10.0
2296800	9.0
2297600	10.0
2298400	11.0
2299200	11.0
2300000	10.0
2300800	11.0
2301600	10.0
2302400	11.0
2303200	10.0
2304000	6.0
2304800	8.0
2305600	10.0
2306400	11.0
2307200	10.0
2308000	10.0
2308800	6.0
2309600	8.0
2310400	11.0
2311200	10.0
2312000	10.0
2312800	11.0
2313600	10.0
2314400	10.0
2315200	11.0
2316000	11.0
2316800	10.0
2317600	10.0
2318400	11.0
2319200	11.0
2320000	10.0
2320800	10.0
2321600	11.0
2322400	10.0
2323200	11.0
2324000	10.0
2324800	11.0
2325600	9.0
2326400	5.0
2327200	9.0
2328000	11.0
2328800	11.0
2329600	9.0
2330400	11.0
2331200	11.0
2332000	10.0
2332800	11.0
2333600	7.0
2334400	7.0
2335200	10.0
2336000	11.0
2336800	11.0
2337600	10.0
2338400	11.0
2339200	11.0
2340000	10.0
2340800	10.0
2341600	11.0
2342400	10.0
2343200	11.0
2344000	11.0
2344800	11.0
2345600	11.0
2346400	11.0
2347200	11.0
2348000	10.0
2348800	11.0
2349600	11.0
2350400	10.0
2351200	11.0
2352000	11.0
2352800	10.0
2353600	11.0
2354400	10.0
2355200	12.0
2356000	10.0
2356800	10.0
2357600	11.0
2358400	10.0
2359200	11.0
2360000	10.0
2360800	11.0
2361600	11.0
2362400	11.0
2363200	11.0
2364000	11.0
2364800	11.0
2365600	11.0
2366400	10.0
2367200	10.0
2368000	11.0
2368800	11.0
2369600	10.0
2370400	11.0
2371200	11.0
2372000	9.0
2372800	10.0
2373600	10.0
2374400	11.0
2375200	11.0
2376000	10.0
2376800	11.0
2377600	11.0
2378400	10.0
2379200	11.0
2380000	11.0
2380800	11.0
2381600	11.0
2382400	10.0
2383200	11.0
2384000	10.0
2384800	11.0
2385600	10.0
2386400	5.0
2387200	7.0
2388000	9.0
2388800	11.0
2389600	10.0
2390400	11.0
2391200	9.0
2392000	11.0
2392800	11.0
2393600	10.0
2394400	10.0
2395200	8.0
2396000	6.0
2396800	8.0
2397600	11.0
2398400	10.0
2399200	10.0
2400000	10.0
2400800	9.0
2401600	10.0
2402400	9.0
2403200	10.0
2404000	11.0
2404800	10.0
2405600	11.0
2406400	10.0
2407200	11.0
2408000	10.0
2408800	10.0
2409600	12.0
2410400	10.0
2411200	8.0
2412000	9.0
2412800	10.0
2413600	10.0
2414400	10.0
2415200	11.0
2416000	10.0
2416800	11.0
2417600	11.0
2418400	11.0
2419200	11.0
2420000	10.0
2420800	11.0
2421600	11.0
2422400	11.0
2423200	11.0
2424000	10.0
2424800	10.0
2425600	9.0
2426400	9.0
2427200	11.0
2428000	10.0
2428800	11.0
2429600	11.0
2430400	8.0
2431200	10.0
2432000	10.0
2432800	10.0
2433600	10.0
2434400	9.0
2435200	10.0
2436000	7.0
2436800	8.0
2437600	9.0
2438400	8.0
2439200	10.0
2440000	10.0
2440800	11.0
2441600	10.0
2442400	8.0
2443200	10.0
2444000	10.0
2444800	11.0
2445600	10.0
2446400	11.0
2447200	10.0
2448000	10.0
2448800	9.0
2449600	8.0
2450400	10.0
2451200	10.0
2452000	10.0
2452800	11.0
2453600	10.0
2454400	10.0
2455200	5.0
2456000	11.0
2456800	10.0
2457600	9.0
2458400	9.0
2459200	10.0
2460000	10.0
2460800	10.0
2461600	11.0
2462400	10.0
2463200	11.0
2464000	12.0
2464800	10.0
2465600	11.0
2466400	10.0
2467200	9.0
2468000	11.0
2468800	11.0
2469600	11.0
2470400	11.0
2471200	10.0
2472000	10.0
2472800	10.0
2473600	12.0
2474400	10.0
2475200	11.0
2476000	11.0
2476800	10.0
2477600	10.0
2478400	10.0
2479200	7.0
2480000	5.0
2480800	9.0
2481600	12.0
2482400	10.0
2483200	9.0
2484000	10.0
2484800	10.0
2485600	11.0
2486400	10.0
2487200	11.0
2488000	11.0
2488800	10.0
2489600	11.0
2490400	11.0
2491200	10.0
2492000	11.0
2492800	10.0
2493600	10.0
2494400	9.0
2495200	10.0
2496000	11.0
2496800	11.0
2497600	11.0
2498400	11.0
2499200	10.0
2500000	11.0
2500800	10.0
2501600	10.0
2502400	12.0
2503200	10.0
2504000	10.0
2504800	12.0
2505600	10.0
2506400	11.0
2507200	10.0
2508000	11.0
2508800	10.0
2509600	11.0
2510400	11.0
2511200	11.0
2512000	10.0
2512800	8.0
2513600	2.0
2514400	9.0
2515200	11.0
2516000	9.0
2516800	11.0
2517600	11.0
2518400	11.0
2519200	10.0
2520000	12.0
2520800	11.0
2521600	10.0
2522400	11.0
2523200	11.0
2524000	11.0
2524800	10.0
2525600	10.0
2526400	11.0
2527200	10.0
2528000	11.0
2528800	7.0
2529600	10.0
2530400	8.0
2531200	10.0
2532000	11.0
2532800	10.0
2533600	11.0
2534400	11.0
2535200	11.0
2536000	11.0
2536800	10.0
2537600	11.0
2538400	10.0
2539200	10.0
2540000	11.0
2540800	11.0
2541600	11.0
2542400	11.0
2543200	11.0
2544000	9.0
2544800	11.0
2545600	11.0
2546400	7.0
2547200	10.0
2548000	10.0
2548800	11.0
2549600	10.0
2550400	10.0
2551200	10.0
2552000	11.0
2552800	10.0
2553600	11.0
2554400	11.0
2555200	10.0
2556000	10.0
2556800	10.0
2557600	10.0
2558400	11.0
2559200	11.0
2560000	10.0
2560800	10.0
2561600	11.0
2562400	10.0
2563200	10.0
2564000	10.0
2564800	11.0
2565600	11.0
2566400	11.0
2567200	11.0
2568000	9.0
2568800	10.0
2569600	11.0
2570400	10.0
2571200	11.0
2572000	11.0
2572800	10.0
2573600	12.0
2574400	11.0
2575200	9.0
2576000	8.0
2576800	10.0
2577600	11.0
2578400	10.0
2579200	10.0
2580000	7.0
2580800	11.0
2581600	11.0
2582400	11.0
2583200	10.0
2584000	11.0
2584800	10.0
2585600	10.0
2586400	10.0
2587200	11.0
2588000	11.0
2588800	10.0
2589600	10.0
2590400	11.0
2591200	10.0
2592000	11.0
2592800	11.0
2593600	11.0
2594400	11.0
2595200	10.0
2596000	11.0
2596800	11.0
2597600	11.0
2598400	11.0
2599200	10.0
2600000	12.0
2600800	11.0
2601600	10.0
2602400	11.0
2603200	10.0
2604000	11.0
2604800	8.0
2605600	10.0
2606400	10.0
2607200	11.0
2608000	11.0
2608800	11.0
2609600	11.0
2610400	11.0
2611200	10.0
2612000	11.0
2612800	10.0
2613600	11.0
2614400	7.0
2615200	10.0
2616000	10.0
2616800	8.0
2617600	10.0
2618400	11.0
2619200	11.0
2620000	11.0
2620800	10.0
2621600	10.0
2622400	12.0
2623200	11.0
2624000	10.0
2624800	9.0
2625600	9.0
2626400	9.0
2627200	11.0
2628000	12.0
2628800	10.0
2629600	10.0
2630400	11.0
2631200	11.0
2632000	11.0
2632800	10.0
2633600	11.0
2634400	11.0
2635200	10.0
2636000	11.0
2636800	11.0
2637600	10.0
2638400	10.0
2639200	9.0
2640000	10.0
2640800	10.0
2641600	11.0
2642400	10.0
2643200	10.0
2644000	11.0
2644800	10.0
2645600	11.0
2646400	10.0
2647200	10.0
2648000	11.0
2648800	11.0
2649600	11.0
2650400	9.0
2651200	11.0
2652000	10.0
2652800	10.0
2653600	11.0
2654400	11.0
2655200	5.0
2656000	10.0
2656800	10.0
2657600	11.0
2658400	11.0
2659200	11.0
2660000	12.0
2660800	10.0
2661600	10.0
2662400	11.0
2663200	9.0
2664000	8.0
2664800	9.0
2665600	9.0
2666400	9.0
2667200	11.0
2668000	10.0
2668800	11.0
2669600	10.0
2670400	11.0
2671200	11.0
2672000	10.0
2672800	11.0
2673600	10.0
2674400	11.0
2675200	9.0
2676000	11.0
2676800	9.0
2677600	8.0
2678400	11.0
2679200	11.0
2680000	10.0
2680800	10.0
2681600	11.0
2682400	8.0
2683200	10.0
2684000	10.0
2684800	11.0
2685600	11.0
2686400	10.0
2687200	11.0
2688000	11.0
2688800	10.0
2689600	9.0
2690400	11.0
2691200	11.0
2692000	9.0
2692800	10.0
2693600	10.0
2694400	10.0
2695200	11.0
2696000	8.0
2696800	10.0
2697600	10.0
2698400	10.0
2699200	8.0
2700000	11.0
2700800	11.0
2701600	10.0
2702400	11.0
2703200	11.0
2704000	11.0
2704800	11.0
2705600	11.0
2706400	10.0
2707200	6.0
2708000	7.0
2708800	9.0
2709600	10.0
2710400	10.0
2711200	10.0
2712000	10.0
2712800	10.0
2713600	9.0
2714400	5.0
2715200	9.0
2716000	8.0
2716800	11.0
2717600	10.0
2718400	9.0
2719200	10.0
2720000	12.0
2720800	10.0
2721600	9.0
2722400	11.0
2723200	8.0
2724000	11.0
2724800	11.0
2725600	10.0
2726400	11.0
2727200	11.0
2728000	10.0
2728800	11.0
2729600	11.0
2730400	10.0
2731200	11.0
2732000	10.0
2732800	12.0
2733600	10.0
2734400	10.0
2735200	11.0
2736000	11.0
2736800	11.0
2737600	10.0
2738400	11.0
2739200	11.0
2740000	10.0
2740800	8.0
2741600	4.0
2742400	10.0
2743200	10.0
2744000	11.0
2744800	11.0
2745600	10.0
2746400	10.0
2747200	11.0
2748000	11.0
2748800	10.0
2749600	9.0
2750400	10.0
2751200	11.0
2752000	10.0
2752800	9.0
2753600	11.0
2754400	11.0
2755200	11.0
2756000	11.0
2756800	11.0
2757600	11.0
2758400	10.0
2759200	11.0
2760000	10.0
2760800	10.0
2761600	11.0
2762400	11.0
2763200	10.0
2764000	11.0
2764800	11.0
2765600	10.0
2766400	12.0
2767200	11.0
2768000	11.0
2768800	11.0
2769600	11.0
2770400	10.0
2771200	11.0
2772000	11.0
2772800	11.0
2773600	10.0
2774400	11.0
2775200	11.0
2776000	10.0
2776800	11.0
2777600	10.0
2778400	11.0
2779200	11.0
2780000	10.0
2780800	11.0
2781600	12.0
2782400	9.0
2783200	11.0
2784000	11.0
2784800	9.0
2785600	10.0
2786400	10.0
2787200	8.0
2788000	11.0
2788800	10.0
2789600	9.0
2790400	10.0
2791200	10.0
2792000	11.0
2792800	11.0
2793600	10.0
2794400	11.0
2795200	11.0
2796000	11.0
2796800	11.0
2797600	8.0
2798400	12.0
2799200	10.0
2800000	11.0
2800800	11.0
2801600	10.0
2802400	9.0
2803200	10.0
2804000	11.0
2804800	10.0
2805600	10.0
2806400	11.0
2807200	8.0
2808000	10.0
2808800	10.0
2809600	11.0
2810400	10.0
2811200	11.0
2812000	10.0
2812800	11.0
2813600	10.0
2814400	10.0
2815200	11.0
2816000	11.0
2816800	10.0
2817600	11.0
2818400	10.0
2819200	11.0
2820000	9.0
2820800	11.0
2821600	11.0
2822400	10.0
2823200	11.0
2824000	11.0
2824800	11.0
2825600	9.0
2826400	10.0
2827200	10.0
2828000	10.0
2828800	10.0
2829600	10.0
2830400	9.0
2831200	9.0
2832000	12.0
2832800	10.0
2833600	11.0
2834400	10.0
2835200	11.0
2836000	11.0
2836800	12.0
2837600	11.0
2838400	10.0
2839200	10.0
2840000	11.0
2840800	10.0
2841600	8.0
2842400	10.0
2843200	11.0
2844000	9.0
2844800	9.0
2845600	11.0
2846400	11.0
2847200	11.0
2848000	10.0
2848800	11.0
2849600	10.0
2850400	10.0
2851200	9.0
2852000	10.0
2852800	11.0
2853600	11.0
2854400	11.0
2855200	10.0
2856000	11.0
2856800	9.0
2857600	10.0
2858400	11.0
2859200	10.0
2860000	10.0
2860800	10.0
2861600	11.0
2862400	10.0
2863200	10.0
2864000	12.0
2864800	11.0
2865600	10.0
2866400	10.0
2867200	10.0
2868000	10.0
2868800	10.0
2869600	10.0
2870400	11.0
2871200	11.0
2872000	10.0
2872800	11.0
2873600	10.0
2874400	10.0
2875200	10.0
2876000	10.0
2876800	10.0
2877600	11.0
2878400	10.0
2879200	11.0
2880000	9.0
2880800	10.0
2881600	11.0
2882400	11.0
2883200	11.0
2884000	11.0
2884800	10.0
2885600	10.0
2886400	10.0
2887200	11.0
2888000	10.0
2888800	7.0
2889600	7.0
2890400	9.0
2891200	11.0
2892000	11.0
2892800	11.0
2893600	10.0
2894400	8.0
2895200	10.0
2896000	9.0
2896800	11.0
2897600	10.0
2898400	11.0
2899200	10.0
2900000	9.0
2900800	10.0
2901600	10.0
2902400	10.0
2903200	10.0
2904000	9.0
2904800	9.0
2905600	9.0
2906400	10.0
2907200	10.0
2908000	11.0
2908800	10.0
2909600	7.0
2910400	2.0
2911200	5.0
2912000	9.0
2912800	11.0
2913600	10.0
2914400	10.0
2915200	9.0
2916000	6.0
2916800	8.0
2917600	10.0
2918400	11.0
2919200	10.0
2920000	11.0
2920800	11.0
2921600	10.0
2922400	11.0
2923200	10.0
2924000	11.0
2924800	10.0
2925600	11.0
2926400	11.0
2927200	10.0
2928000	11.0
2928800	11.0
2929600	11.0
2930400	10.0
2931200	12.0
2932000	10.0
2932800	10.0
2933600	11.0
2934400	11.0
2935200	10.0
2936000	10.0
2936800	11.0
2937600	11.0
2938400	11.0
2939200	11.0
2940000	10.0
2940800	11.0
2941600	11.0
2942400	10.0
2943200	10.0
2944000	9.0
2944800	11.0
2945600	11.0
2946400	11.0
2947200	10.0
2948000	11.0
2948800	9.0
2949600	11.0
2950400	11.0
2951200	9.0
2952000	11.0
2952800	8.0
2953600	10.0
2954400	10.0
2955200	10.0
2956000	11.0
2956800	11.0
2957600	9.0
2958400	11.0
2959200	10.0
2960000	10.0
2960800	10.0
2961600	11.0
2962400	11.0
2963200	10.0
2964000	10.0
2964800	10.0
2965600	11.0
2966400	9.0
2967200	9.0
2968000	10.0
2968800	10.0
2969600	10.0
2970400	11.0
2971200	11.0
2972000	10.0
2972800	11.0
2973600	8.0
2974400	7.0
2975200	10.0
2976000	9.0
2976800	10.0
2977600	10.0
2978400	10.0
2979200	7.0
2980000	10.0
2980800	12.0
2981600	11.0
2982400	11.0
2983200	10.0
2984000	11.0
2984800	11.0
2985600	11.0
2986400	11.0
2987200	9.0
2988000	6.0
2988800	10.0
2989600	10.0
2990400	11.0
2991200	9.0
2992000	10.0
2992800	11.0
2993600	9.0
2994400	9.0
2995200	8.0
2996000	9.0
2996800	10.0
2997600	11.0
2998400	10.0
2999200	9.0
3000000	10.0
3000800	11.0
3001600	11.0
3002400	11.0
3003200	9.0
3004000	11.0
3004800	10.0
3005600	10.0
3006400	11.0
3007200	10.0
3008000	11.0
3008800	11.0
3009600	11.0
3010400	10.0
3011200	11.0
3012000	11.0
3012800	10.0
3013600	9.0
3014400	9.0
3015200	10.0
3016000	12.0
3016800	10.0
3017600	6.0
3018400	7.0
3019200	8.0
3020000	11.0
3020800	9.0
3021600	10.0
3022400	11.0
3023200	10.0
3024000	10.0
3024800	10.0
3025600	11.0
3026400	11.0
3027200	10.0
3028000	11.0
3028800	11.0
3029600	11.0
3030400	10.0
3031200	11.0
3032000	10.0
3032800	11.0
3033600	11.0
3034400	11.0
3035200	10.0
3036000	11.0
3036800	11.0
3037600	11.0
3038400	11.0
3039200	10.0
3040000	9.0
3040800	10.0
3041600	12.0
3042400	5.0
3043200	9.0
3044000	12.0
3044800	10.0
3045600	11.0
3046400	10.0
3047200	11.0
3048000	11.0
3048800	11.0
3049600	10.0
3050400	11.0
3051200	10.0
3052000	10.0
3052800	10.0
3053600	11.0
3054400	9.0
3055200	11.0
3056000	11.0
3056800	10.0
3057600	9.0
3058400	10.0
3059200	11.0
3060000	9.0
3060800	11.0
3061600	11.0
3062400	10.0
3063200	11.0
3064000	11.0
3064800	10.0
3065600	11.0
3066400	10.0
3067200	8.0
3068000	10.0
3068800	11.0
3069600	10.0
3070400	10.0
3071200	10.0
3072000	11.0
3072800	8.0
3073600	9.0
3074400	11.0
3075200	10.0
3076000	11.0
3076800	11.0
3077600	9.0
3078400	10.0
3079200	11.0
3080000	11.0
3080800	11.0
3081600	10.0
3082400	8.0
3083200	11.0
3084000	11.0
3084800	10.0
3085600	9.0
3086400	10.0
3087200	10.0
3088000	10.0
3088800	9.0
3089600	11.0
3090400	10.0
3091200	8.0
3092000	9.0
3092800	11.0
3093600	11.0
3094400	9.0
3095200	7.0
3096000	10.0
3096800	11.0
3097600	11.0
3098400	10.0
3099200	10.0
3100000	11.0
3100800	11.0
3101600	11.0
3102400	10.0
3103200	10.0
3104000	10.0
3104800	10.0
3105600	11.0
3106400	9.0
3107200	10.0
3108000	12.0
3108800	10.0
3109600	4.0
3110400	7.0
3111200	10.0
3112000	10.0
3112800	10.0
3113600	11.0
3114400	11.0
3115200	11.0
3116000	10.0
3116800	11.0
3117600	11.0
3118400	10.0
3119200	4.0
3120000	10.0
3120800	11.0
3121600	10.0
3122400	10.0
3123200	11.0
3124000	10.0
3124800	11.0
3125600	11.0
3126400	11.0
3127200	11.0
3128000	10.0
3128800	11.0
3129600	11.0
3130400	11.0
3131200	10.0
3132000	10.0
3132800	11.0
3133600	11.0
3134400	10.0
3135200	10.0
3136000	11.0
3136800	11.0
3137600	8.0
3138400	11.0
3139200	11.0
3140000	6.0
3140800	7.0
3141600	10.0
3142400	10.0
3143200	10.0
3144000	11.0
3144800	11.0
3145600	11.0
3146400	11.0
3147200	10.0
3148000	11.0
3148800	9.0
3149600	10.0
3150400	10.0
3151200	11.0
3152000	11.0
3152800	10.0
3153600	11.0
3154400	11.0
3155200	11.0
3156000	10.0
3156800	9.0
3157600	11.0
3158400	11.0
3159200	11.0
3160000	10.0
3160800	10.0
3161600	11.0
3162400	11.0
3163200	11.0
3164000	11.0
3164800	11.0
3165600	11.0
3166400	12.0
3167200	10.0
3168000	10.0
3168800	11.0
3169600	10.0
3170400	11.0
3171200	11.0
3172000	11.0
3172800	9.0
3173600	9.0
3174400	11.0
3175200	11.0
3176000	11.0
3176800	10.0
3177600	10.0
3178400	10.0
3179200	12.0
3180000	10.0
3180800	11.0
3181600	11.0
3182400	11.0
3183200	11.0
3184000	11.0
3184800	9.0
3185600	10.0
3186400	11.0
3187200	11.0
3188000	10.0
3188800	10.0
3189600	11.0
3190400	11.0
3191200	12.0
3192000	9.0
3192800	10.0
3193600	11.0
3194400	10.0
3195200	11.0
3196000	11.0
3196800	10.0
3197600	11.0
3198400	11.0
3199200	10.0
3200000	11.0
3200800	10.0
3201600	11.0
3202400	9.0
3203200	12.0
3204000	11.0
3204800	10.0
3205600	11.0
3206400	11.0
3207200	10.0
3208000	10.0
3208800	11.0
3209600	11.0
3210400	11.0
3211200	10.0
3212000	11.0
3212800	11.0
3213600	10.0
3214400	11.0
3215200	10.0
3216000	11.0
3216800	11.0
3217600	11.0
3218400	10.0
3219200	10.0
3220000	11.0
3220800	10.0
3221600	10.0
3222400	11.0
3223200	10.0
3224000	10.0
3224800	11.0
3225600	10.0
3226400	11.0
3227200	10.0
3228000	10.0
3228800	11.0
3229600	11.0
3230400	11.0
3231200	10.0
3232000	11.0
3232800	11.0
3233600	10.0
3234400	10.0
3235200	11.0
3236000	10.0
3236800	10.0
3237600	11.0
3238400	11.0
3239200	10.0
3240000	11.0
3240800	11.0
3241600	11.0
3242400	10.0
3243200	11.0
3244000	10.0
3244800	11.0
3245600	12.0
3246400	9.0
3247200	8.0
3248000	11.0
3248800	11.0
3249600	10.0
3250400	10.0
3251200	10.0
3252000	10.0
3252800	11.0
3253600	11.0
3254400	11.0
3255200	11.0
3256000	9.0
3256800	11.0
3257600	11.0
3258400	10.0
3259200	11.0
3260000	11.0
3260800	10.0
3261600	11.0
3262400	10.0
3263200	11.0
3264000	9.0
3264800	11.0
3265600	11.0
3266400	11.0
3267200	10.0
3268000	11.0
3268800	11.0
3269600	10.0
3270400	11.0
3271200	11.0
3272000	10.0
3272800	11.0
3273600	11.0
3274400	11.0
3275200	11.0
3276000	10.0
3276800	10.0
3277600	10.0
3278400	11.0
3279200	11.0
3280000	10.0
3280800	11.0
3281600	11.0
3282400	9.0
3283200	10.0
3284000	10.0
3284800	11.0
3285600	11.0
3286400	11.0
3287200	10.0
3288000	10.0
3288800	10.0
3289600	10.0
3290400	8.0
3291200	10.0
3292000	11.0
3292800	10.0
3293600	11.0
3294400	10.0
3295200	10.0
3296000	11.0
3296800	11.0
3297600	11.0
3298400	12.0
3299200	11.0
3300000	7.0
3300800	10.0
3301600	10.0
3302400	10.0
3303200	9.0
3304000	6.0
3304800	10.0
3305600	10.0
3306400	11.0
3307200	11.0
3308000	10.0
3308800	11.0
3309600	11.0
3310400	11.0
3311200	10.0
3312000	11.0
3312800	10.0
3313600	10.0
3314400	11.0
3315200	10.0
3316000	11.0
3316800	11.0
3317600	8.0
3318400	11.0
3319200	11.0
3320000	10.0
3320800	6.0
3321600	7.0
3322400	7.0
3323200	8.0
3324000	10.0
3324800	7.0
3325600	8.0
3326400	11.0
3327200	11.0
3328000	11.0
3328800	8.0
3329600	11.0
3330400	10.0
3331200	10.0
3332000	10.0
3332800	11.0
3333600	11.0
3334400	10.0
3335200	10.0
3336000	10.0
3336800	11.0
3337600	11.0
3338400	10.0
3339200	10.0
3340000	10.0
3340800	11.0
3341600	9.0
3342400	10.0
3343200	11.0
3344000	11.0
3344800	10.0
3345600	10.0
3346400	11.0
3347200	11.0
3348000	9.0
3348800	7.0
3349600	9.0
3350400	11.0
3351200	10.0
3352000	11.0
3352800	11.0
3353600	10.0
3354400	10.0
3355200	8.0
3356000	7.0
3356800	11.0
3357600	11.0
3358400	8.0
3359200	9.0
3360000	10.0
3360800	10.0
3361600	11.0
3362400	10.0
3363200	10.0
3364000	10.0
3364800	9.0
3365600	11.0
3366400	10.0
3367200	11.0
3368000	10.0
3368800	11.0
3369600	11.0
3370400	10.0
3371200	9.0
3372000	9.0
3372800	11.0
3373600	9.0
3374400	10.0
3375200	10.0
3376000	8.0
3376800	8.0
3377600	11.0
3378400	11.0
3379200	11.0
3380000	10.0
3380800	10.0
3381600	10.0
3382400	7.0
3383200	11.0
3384000	11.0
3384800	10.0
3385600	11.0
3386400	9.0
3387200	11.0
3388000	11.0
3388800	10.0
3389600	11.0
3390400	11.0
3391200	10.0
3392000	11.0
3392800	12.0
3393600	10.0
3394400	8.0
3395200	7.0
3396000	10.0
3396800	10.0
3397600	9.0
3398400	11.0
3399200	10.0
3400000	10.0
3400800	11.0
3401600	9.0
3402400	11.0
3403200	10.0
3404000	9.0
3404800	11.0
3405600	10.0
3406400	12.0
3407200	10.0
3408000	10.0
3408800	11.0
3409600	11.0
3410400	11.0
3411200	10.0
3412000	11.0
3412800	10.0
3413600	11.0
3414400	10.0
3415200	5.0
3416000	6.0
3416800	11.0
3417600	10.0
3418400	10.0
3419200	11.0
3420000	11.0
3420800	6.0
3421600	10.0
3422400	11.0
3423200	10.0
3424000	10.0
3424800	10.0
3425600	10.0
3426400	11.0
3427200	10.0
3428000	11.0
3428800	10.0
3429600	11.0
3430400	11.0
3431200	10.0
3432000	11.0
3432800	11.0
3433600	11.0
3434400	10.0
3435200	11.0
3436000	10.0
3436800	11.0
3437600	10.0
3438400	11.0
3439200	10.0
3440000	8.0
3440800	9.0
3441600	10.0
3442400	11.0
3443200	10.0
3444000	11.0
3444800	10.0
3445600	9.0
3446400	11.0
3447200	10.0
3448000	10.0
3448800	3.0
3449600	12.0
3450400	11.0
3451200	9.0
3452000	10.0
3452800	10.0
3453600	11.0
3454400	9.0
3455200	10.0
3456000	10.0
3456800	8.0
3457600	10.0
3458400	11.0
3459200	11.0
3460000	11.0
3460800	11.0
3461600	10.0
3462400	10.0
3463200	11.0
3464000	10.0
3464800	11.0
3465600	10.0
3466400	11.0
3467200	11.0
3468000	11.0
3468800	10.0
3469600	11.0
3470400	11.0
3471200	11.0
3472000	11.0
3472800	11.0
3473600	11.0
3474400	11.0
3475200	10.0
3476000	12.0
3476800	10.0
3477600	11.0
3478400	11.0
3479200	10.0
3480000	11.0
3480800	10.0
3481600	9.0
3482400	11.0
3483200	12.0
3484000	10.0
3484800	11.0
3485600	10.0
3486400	5.0
3487200	6.0
3488000	11.0
3488800	11.0
3489600	9.0
3490400	10.0
3491200	11.0
3492000	11.0
3492800	10.0
3493600	10.0
3494400	10.0
3495200	11.0
3496000	10.0
3496800	11.0
3497600	10.0
3498400	9.0
3499200	10.0
3500000	11.0
3500800	10.0
3501600	11.0
3502400	11.0
3503200	9.0
3504000	11.0
3504800	11.0
3505600	10.0
3506400	11.0
3507200	10.0
3508000	10.0
3508800	11.0
3509600	10.0
3510400	10.0
3511200	8.0
3512000	6.0
3512800	10.0
3513600	10.0
3514400	10.0
3515200	10.0
3516000	9.0
3516800	11.0
3517600	10.0
3518400	10.0
3519200	11.0
3520000	11.0
3520800	10.0
3521600	5.0
3522400	6.0
3523200	9.0
3524000	10.0
3524800	11.0
3525600	10.0
3526400	11.0
3527200	10.0
3528000	8.0
3528800	10.0
3529600	10.0
3530400	10.0
3531200	11.0
3532000	9.0
3532800	10.0
3533600	11.0
3534400	11.0
3535200	9.0
3536000	11.0
3536800	10.0
3537600	11.0
3538400	11.0
3539200	10.0
3540000	10.0
3540800	7.0
3541600	10.0
3542400	10.0
3543200	10.0
3544000	11.0
3544800	10.0
3545600	12.0
3546400	11.0
3547200	9.0
3548000	9.0
3548800	10.0
3549600	12.0
3550400	10.0
3551200	10.0
3552000	10.0
3552800	10.0
3553600	11.0
3554400	10.0
3555200	10.0
3556000	1.0
3556800	9.0
3557600	10.0
3558400	10.0
3559200	11.0
3560000	11.0
3560800	10.0
3561600	10.0
3562400	6.0
3563200	10.0
3564000	11.0
3564800	11.0
3565600	10.0
3566400	9.0
3567200	9.0
3568000	10.0
3568800	9.0
3569600	7.0
3570400	10.0
3571200	9.0
3572000	10.0
3572800	11.0
3573600	10.0
3574400	8.0
3575200	10.0
3576000	11.0
3576800	10.0
3577600	11.0
3578400	11.0
3579200	10.0
3580000	10.0
3580800	10.0
3581600	10.0
3582400	10.0
3583200	11.0
3584000	11.0
3584800	9.0
3585600	7.0
3586400	10.0
3587200	9.0
3588000	10.0
3588800	11.0
3589600	11.0
3590400	10.0
3591200	7.0
3592000	8.0
3592800	11.0
3593600	11.0
3594400	10.0
3595200	10.0
3596000	11.0
3596800	10.0
3597600	12.0
3598400	11.0
3599200	8.0
3600000	9.0
3600800	11.0
3601600	11.0
3602400	8.0
3603200	9.0
3604000	11.0
3604800	11.0
3605600	10.0
3606400	11.0
3607200	10.0
3608000	12.0
3608800	11.0
3609600	10.0
3610400	11.0
3611200	10.0
3612000	10.0
3612800	8.0
3613600	10.0
3614400	10.0
3615200	11.0
3616000	10.0
3616800	10.0
3617600	11.0
3618400	10.0
3619200	11.0
3620000	11.0
3620800	10.0
3621600	9.0
3622400	10.0
3623200	7.0
3624000	11.0
3624800	10.0
3625600	11.0
3626400	11.0
3627200	11.0
3628000	9.0
3628800	11.0
3629600	11.0
3630400	11.0
3631200	11.0
3632000	10.0
3632800	11.0
3633600	11.0
3634400	11.0
3635200	11.0
3636000	11.0
3636800	11.0
3637600	11.0
3638400	11.0
3639200	10.0
3640000	11.0
3640800	11.0
3641600	10.0
3642400	10.0
3643200	10.0
3644000	11.0
3644800	11.0
3645600	10.0
3646400	7.0
3647200	7.0
3648000	9.0
3648800	10.0
3649600	11.0
3650400	10.0
3651200	10.0
3652000	11.0
3652800	10.0
3653600	11.0
3654400	11.0
3655200	10.0
3656000	11.0
3656800	11.0
3657600	11.0
3658400	10.0
3659200	10.0
3660000	11.0
3660800	11.0
3661600	11.0
3662400	11.0
3663200	11.0
3664000	11.0
3664800	11.0
3665600	10.0
3666400	10.0
3667200	11.0
3668000	10.0
3668800	10.0
3669600	9.0
3670400	9.0
3671200	10.0
3672000	11.0
3672800	11.0
3673600	12.0
3674400	10.0
3675200	12.0
3676000	10.0
3676800	11.0
3677600	10.0
3678400	10.0
3679200	11.0
3680000	10.0
3680800	11.0
3681600	11.0
3682400	11.0
3683200	10.0
3684000	10.0
3684800	10.0
3685600	11.0
3686400	11.0
3687200	11.0
3688000	10.0
3688800	0.0
3689600	0.0
3690400	8.0
3691200	10.0
3692000	10.0
3692800	10.0
3693600	11.0
3694400	10.0
3695200	11.0
3696000	10.0
3696800	9.0
3697600	10.0
3698400	12.0
3699200	9.0
3700000	11.0
3700800	11.0
3701600	11.0
3702400	8.0
3703200	6.0
3704000	8.0
3704800	9.0
3705600	10.0
3706400	10.0
3707200	10.0
3708000	9.0
3708800	10.0
3709600	11.0
3710400	10.0
3711200	10.0
3712000	10.0
3712800	10.0
3713600	11.0
3714400	10.0
3715200	11.0
3716000	10.0
3716800	10.0
3717600	11.0
3718400	11.0
3719200	11.0
3720000	11.0
3720800	10.0
3721600	10.0
3722400	10.0
3723200	11.0
3724000	10.0
3724800	9.0
3725600	11.0
3726400	7.0
3727200	8.0
3728000	10.0
3728800	10.0
3729600	11.0
3730400	11.0
3731200	10.0
3732000	11.0
3732800	9.0
3733600	10.0
3734400	11.0
3735200	9.0
3736000	8.0
3736800	10.0
3737600	11.0
3738400	10.0
3739200	10.0
3740000	10.0
3740800	6.0
3741600	10.0
3742400	9.0
3743200	11.0
3744000	11.0
3744800	10.0
3745600	10.0
3746400	10.0
3747200	11.0
3748000	10.0
3748800	10.0
3749600	11.0
3750400	10.0
3751200	9.0
3752000	10.0
3752800	10.0
3753600	10.0
3754400	11.0
3755200	11.0
3756000	11.0
3756800	10.0
3757600	11.0
3758400	9.0
3759200	4.0
3760000	9.0
3760800	11.0
3761600	11.0
3762400	10.0
3763200	11.0
3764000	10.0
3764800	10.0
3765600	10.0
3766400	11.0
3767200	10.0
3768000	11.0
3768800	10.0
3769600	11.0
3770400	10.0
3771200	11.0
3772000	8.0
3772800	11.0
3773600	10.0
3774400	6.0
3775200	10.0
3776000	11.0
3776800	10.0
3777600	11.0
3778400	10.0
3779200	10.0
3780000	7.0
3780800	11.0
3781600	11.0
3782400	10.0
3783200	11.0
3784000	11.0
3784800	11.0
3785600	8.0
3786400	6.0
3787200	10.0
3788000	10.0
3788800	10.0
3789600	8.0
3790400	11.0
3791200	8.0
3792000	11.0
3792800	11.0
3793600	11.0
3794400	11.0
3795200	10.0
3796000	10.0
3796800	11.0
3797600	10.0
3798400	11.0
3799200	8.0
3800000	10.0
3800800	11.0
3801600	10.0
3802400	11.0
3803200	11.0
3804000	11.0
3804800	11.0
3805600	11.0
3806400	11.0
3807200	11.0
3808000	10.0
3808800	11.0
3809600	11.0
3810400	10.0
3811200	11.0
3812000	11.0
3812800	10.0
3813600	10.0
3814400	10.0
3815200	9.0
3816000	10.0
3816800	10.0
3817600	12.0
3818400	10.0
3819200	11.0
3820000	10.0
3820800	9.0
3821600	11.0
3822400	10.0
3823200	11.0
3824000	11.0
3824800	8.0
3825600	6.0
3826400	10.0
3827200	11.0
3828000	11.0
3828800	10.0
3829600	10.0
3830400	11.0
3831200	10.0
3832000	11.0
3832800	10.0
3833600	8.0
3834400	10.0
3835200	11.0
3836000	10.0
3836800	10.0
3837600	10.0
3838400	11.0
3839200	11.0
3840000	11.0
3840800	10.0
3841600	11.0
3842400	11.0
3843200	11.0
3844000	11.0
3844800	10.0
3845600	12.0
3846400	10.0
3847200	11.0
3848000	12.0
3848800	10.0
3849600	11.0
3850400	11.0
3851200	11.0
3852000	10.0
3852800	11.0
3853600	11.0
3854400	11.0
3855200	10.0
3856000	11.0
3856800	10.0
3857600	10.0
3858400	11.0
3859200	11.0
3860000	10.0
3860800	8.0
3861600	11.0
3862400	11.0
3863200	11.0
3864000	10.0
3864800	11.0
3865600	10.0
3866400	10.0
3867200	11.0
3868000	10.0
3868800	11.0
3869600	10.0
3870400	11.0
3871200	10.0
3872000	8.0
3872800	11.0
3873600	11.0
3874400	11.0
3875200	11.0
3876000	10.0
3876800	10.0
3877600	10.0
3878400	11.0
3879200	9.0
3880000	10.0
3880800	11.0
3881600	11.0
3882400	11.0
3883200	10.0
3884000	10.0
3884800	10.0
3885600	11.0
3886400	9.0
3887200	9.0
3888000	7.0
3888800	10.0
3889600	10.0
3890400	8.0
3891200	8.0
3892000	9.0
3892800	10.0
3893600	11.0
3894400	10.0
3895200	10.0
3896000	11.0
3896800	10.0
3897600	10.0
3898400	11.0
3899200	10.0
3900000	10.0
3900800	9.0
3901600	10.0
3902400	11.0
3903200	10.0
3904000	10.0
3904800	5.0
3905600	9.0
3906400	10.0
3907200	11.0
3908000	7.0
3908800	3.0
3909600	3.0
3910400	5.0
3911200	10.0
3912000	11.0
3912800	10.0
3913600	10.0
3914400	5.0
3915200	9.0
3916000	9.0
3916800	10.0
3917600	11.0
3918400	10.0
3919200	8.0
3920000	10.0
3920800	10.0
3921600	10.0
3922400	5.0
3923200	9.0
3924000	11.0
3924800	11.0
3925600	10.0
3926400	9.0
3927200	9.0
3928000	6.0
3928800	8.0
3929600	9.0
3930400	9.0
3931200	11.0
3932000	11.0
3932800	10.0
3933600	10.0
3934400	11.0
3935200	11.0
3936000	10.0
3936800	10.0
3937600	8.0
3938400	8.0
3939200	5.0
3940000	11.0
3940800	8.0
3941600	4.0
3942400	2.0
3943200	6.0
3944000	9.0
3944800	9.0
3945600	10.0
3946400	11.0
3947200	10.0
3948000	5.0
3948800	9.0
3949600	10.0
3950400	11.0
3951200	9.0
3952000	11.0
3952800	10.0
3953600	9.0
3954400	10.0
3955200	11.0
3956000	11.0
3956800	7.0
3957600	5.0
3958400	12.0
3959200	10.0
3960000	9.0
3960800	10.0
3961600	11.0
3962400	8.0
3963200	7.0
3964000	11.0
3964800	11.0
3965600	11.0
3966400	9.0
3967200	8.0
3968000	9.0
3968800	11.0
3969600	10.0
3970400	10.0
3971200	11.0
3972000	11.0
3972800	10.0
3973600	10.0
3974400	11.0
3975200	10.0
3976000	8.0
3976800	9.0
3977600	11.0
3978400	10.0
3979200	11.0
3980000	10.0
3980800	9.0
3981600	12.0
3982400	10.0
3983200	11.0
3984000	8.0
3984800	8.0
3985600	10.0
3986400	11.0
3987200	8.0
3988000	11.0
3988800	10.0
3989600	11.0
3990400	10.0
3991200	11.0
3992000	11.0
3992800	10.0
3993600	11.0
3994400	12.0
3995200	10.0
3996000	11.0
3996800	9.0
3997600	9.0
3998400	11.0
3999200	10.0
4000000	11.0
4000800	11.0
4001600	10.0
4002400	10.0
4003200	10.0
4004000	11.0
4004800	11.0
4005600	11.0
4006400	11.0
4007200	11.0
4008000	11.0
4008800	10.0
4009600	11.0
4010400	10.0
4011200	11.0
4012000	10.0
4012800	11.0
4013600	11.0
4014400	11.0
4015200	11.0
4016000	11.0
4016800	11.0
4017600	10.0
4018400	11.0
4019200	11.0
4020000	10.0
4020800	11.0
4021600	10.0
4022400	10.0
4023200	11.0
4024000	11.0
4024800	11.0
4025600	10.0
4026400	11.0
4027200	10.0
4028000	11.0
4028800	11.0
4029600	9.0
4030400	10.0
4031200	10.0
4032000	10.0
4032800	11.0
4033600	11.0
4034400	10.0
4035200	11.0
4036000	11.0
4036800	11.0
4037600	10.0
4038400	10.0
4039200	11.0
4040000	11.0
4040800	10.0
4041600	11.0
4042400	10.0
4043200	11.0
4044000	11.0
4044800	11.0
4045600	11.0
4046400	12.0
4047200	11.0
4048000	10.0
4048800	11.0
4049600	11.0
4050400	10.0
4051200	11.0
4052000	10.0
4052800	10.0
4053600	10.0
4054400	10.0
4055200	11.0
4056000	11.0
4056800	10.0
4057600	11.0
4058400	11.0
4059200	10.0
4060000	11.0
4060800	10.0
4061600	11.0
4062400	10.0
4063200	11.0
4064000	10.0
4064800	11.0
4065600	10.0
4066400	12.0
4067200	11.0
4068000	10.0
4068800	10.0
4069600	11.0
4070400	11.0
4071200	10.0
4072000	11.0
4072800	11.0
4073600	11.0
4074400	10.0
4075200	11.0
4076000	10.0
4076800	9.0
4077600	11.0
4078400	11.0
4079200	11.0
4080000	6.0
4080800	8.0
4081600	12.0
4082400	11.0
4083200	10.0
4084000	11.0
4084800	11.0
4085600	10.0
4086400	12.0
4087200	10.0
4088000	10.0
4088800	11.0
4089600	10.0
4090400	11.0
4091200	11.0
4092000	11.0
4092800	10.0
4093600	11.0
4094400	11.0
4095200	11.0
4096000	11.0
4096800	10.0
4097600	11.0
4098400	10.0
4099200	11.0
4100000	11.0
4100800	10.0
4101600	11.0
4102400	11.0
4103200	11.0
4104000	10.0
4104800	11.0
4105600	11.0
4106400	11.0
4107200	11.0
4108000	9.0
4108800	11.0
4109600	11.0
4110400	11.0
4111200	11.0
4112000	10.0
4112800	10.0
4113600	11.0
4114400	10.0
4115200	12.0
4116000	8.0
4116800	6.0
4117600	10.0
4118400	10.0
4119200	11.0
4120000	10.0
4120800	11.0
4121600	11.0
4122400	11.0
4123200	11.0
4124000	11.0
4124800	10.0
4125600	11.0
4126400	10.0
4127200	11.0
4128000	11.0
4128800	11.0
4129600	9.0
4130400	10.0
4131200	10.0
4132000	11.0
4132800	11.0
4133600	11.0
4134400	11.0
4135200	11.0
4136000	11.0
4136800	10.0
4137600	10.0
4138400	11.0
4139200	9.0
4140000	10.0
4140800	11.0
4141600	11.0
4142400	11.0
4143200	10.0
4144000	11.0
4144800	11.0
4145600	10.0
4146400	11.0
4147200	10.0
4148000	11.0
4148800	11.0
4149600	10.0
4150400	11.0
4151200	10.0
4152000	11.0
4152800	10.0
4153600	11.0
4154400	11.0
4155200	10.0
4156000	11.0
4156800	11.0
4157600	11.0
4158400	11.0
4159200	10.0
4160000	10.0
4160800	11.0
4161600	11.0
4162400	10.0
4163200	10.0
4164000	10.0
4164800	10.0
4165600	11.0
4166400	11.0
4167200	11.0
4168000	11.0
4168800	10.0
4169600	11.0
4170400	10.0
4171200	10.0
4172000	11.0
4172800	11.0
4173600	10.0
4174400	11.0
4175200	11.0
4176000	10.0
4176800	11.0
4177600	11.0
4178400	11.0
4179200	9.0
4180000	10.0
4180800	11.0
4181600	11.0
4182400	9.0
4183200	10.0
4184000	10.0
4184800	11.0
4185600	10.0
4186400	11.0
4187200	11.0
4188000	11.0
4188800	11.0
4189600	11.0
4190400	11.0
4191200	10.0
4192000	11.0
4192800	9.0
4193600	9.0
4194400	10.0
4195200	11.0
4196000	10.0
4196800	10.0
4197600	12.0
4198400	11.0
4199200	10.0
4200000	11.0
4200800	10.0
4201600	11.0
4202400	11.0
4203200	12.0
4204000	9.0
4204800	10.0
4205600	11.0
4206400	11.0
4207200	10.0
4208000	11.0
4208800	10.0
4209600	11.0
4210400	10.0
4211200	11.0
4212000	9.0
4212800	10.0
4213600	11.0
4214400	9.0
4215200	10.0
4216000	10.0
4216800	12.0
4217600	10.0
4218400	11.0
4219200	10.0
4220000	10.0
4220800	11.0
4221600	11.0
4222400	10.0
4223200	11.0
4224000	8.0
4224800	9.0
4225600	10.0
4226400	9.0
4227200	11.0
4228000	11.0
4228800	10.0
4229600	12.0
4230400	9.0
4231200	11.0
4232000	10.0
4232800	10.0
4233600	7.0
4234400	10.0
4235200	10.0
4236000	10.0
4236800	10.0
4237600	9.0
4238400	8.0
4239200	9.0
4240000	11.0
4240800	10.0
4241600	8.0
4242400	10.0
4243200	11.0
4244000	6.0
4244800	7.0
4245600	8.0
4246400	9.0
4247200	11.0
4248000	11.0
4248800	10.0
4249600	11.0
4250400	10.0
4251200	11.0
4252000	7.0
4252800	9.0
4253600	10.0
4254400	9.0
4255200	10.0
4256000	5.0
4256800	4.0
4257600	7.0
4258400	8.0
4259200	10.0
4260000	8.0
4260800	10.0
4261600	10.0
4262400	7.0
4263200	6.0
4264000	7.0
4264800	7.0
4265600	10.0
4266400	11.0
4267200	11.0
4268000	9.0
4268800	10.0
4269600	10.0
4270400	6.0
4271200	10.0
4272000	9.0
4272800	9.0
4273600	11.0
4274400	10.0
4275200	10.0
4276000	9.0
4276800	9.0
4277600	7.0
4278400	10.0
4279200	11.0
4280000	10.0
4280800	8.0
4281600	11.0
4282400	10.0
4283200	11.0
4284000	10.0
4284800	10.0
4285600	10.0
4286400	10.0
4287200	9.0
4288000	8.0
4288800	8.0
4289600	11.0
4290400	11.0
4291200	11.0
4292000	10.0
4292800	11.0
4293600	10.0
4294400	10.0
4295200	11.0
4296000	11.0
4296800	10.0
4297600	6.0
4298400	11.0
4299200	10.0
4300000	10.0
4300800	11.0
4301600	10.0
4302400	11.0
4303200	11.0
4304000	9.0
4304800	10.0
4305600	10.0
4306400	10.0
4307200	10.0
4308000	10.0
4308800	11.0
4309600	10.0
4310400	9.0
4311200	9.0
4312000	8.0
4312800	11.0
4313600	8.0
4314400	10.0
4315200	11.0
4316000	11.0
4316800	11.0
4317600	9.0
4318400	8.0
4319200	9.0
4320000	10.0
4320800	11.0
4321600	10.0
4322400	11.0
4323200	11.0
4324000	10.0
4324800	11.0
4325600	11.0
4326400	11.0
4327200	11.0
4328000	11.0
4328800	10.0
4329600	10.0
4330400	10.0
4331200	10.0
4332000	11.0
4332800	10.0
4333600	11.0
4334400	10.0
4335200	11.0
4336000	11.0
4336800	11.0
4337600	11.0
4338400	10.0
4339200	11.0
4340000	6.0
4340800	8.0
4341600	10.0
4342400	10.0
4343200	11.0
4344000	11.0
4344800	11.0
4345600	9.0
4346400	11.0
4347200	11.0
4348000	10.0
4348800	10.0
4349600	11.0
4350400	11.0
4351200	11.0
4352000	9.0
4352800	11.0
4353600	10.0
4354400	11.0
4355200	11.0
4356000	11.0
4356800	11.0
4357600	11.0
4358400	10.0
4359200	11.0
4360000	10.0
4360800	10.0
4361600	10.0
4362400	10.0
4363200	11.0
4364000	11.0
4364800	11.0
4365600	10.0
4366400	10.0
4367200	11.0
4368000	10.0
4368800	11.0
4369600	10.0
4370400	11.0
4371200	11.0
4372000	10.0
4372800	10.0
4373600	8.0
4374400	10.0
4375200	11.0
4376000	10.0
4376800	10.0
4377600	5.0
4378400	6.0
4379200	10.0
4380000	9.0
4380800	11.0
4381600	10.0
4382400	11.0
4383200	11.0
4384000	9.0
4384800	11.0
4385600	8.0
4386400	7.0
4387200	8.0
4388000	11.0
4388800	11.0
4389600	10.0
4390400	10.0
4391200	10.0
4392000	7.0
4392800	8.0
4393600	7.0
4394400	9.0
4395200	11.0
4396000	9.0
4396800	11.0
4397600	11.0
4398400	10.0
4399200	11.0
4400000	10.0
4400800	11.0
4401600	11.0
4402400	10.0
4403200	10.0
4404000	10.0
4404800	9.0
4405600	11.0
4406400	10.0
4407200	10.0
4408000	10.0
4408800	10.0
4409600	11.0
4410400	10.0
4411200	10.0
4412000	10.0
4412800	10.0
4413600	10.0
4414400	11.0
4415200	11.0
4416000	11.0
4416800	10.0
4417600	9.0
4418400	7.0
4419200	10.0
4420000	10.0
4420800	11.0
4421600	10.0
4422400	8.0
4423200	10.0
4424000	7.0
4424800	10.0
4425600	5.0
4426400	6.0
4427200	9.0
4428000	11.0
4428800	10.0
4429600	11.0
4430400	11.0
4431200	11.0
4432000	11.0
4432800	11.0
4433600	10.0
4434400	10.0
4435200	9.0
4436000	8.0
4436800	6.0
4437600	8.0
4438400	11.0
4439200	11.0
4440000	10.0
4440800	9.0
4441600	11.0
4442400	10.0
4443200	12.0
4444000	9.0
4444800	11.0
4445600	10.0
4446400	10.0
4447200	10.0
4448000	9.0
4448800	10.0
4449600	9.0
4450400	11.0
4451200	11.0
4452000	10.0
4452800	12.0
4453600	10.0
4454400	11.0
4455200	10.0
4456000	11.0
4456800	11.0
4457600	10.0
4458400	9.0
4459200	10.0
4460000	11.0
4460800	11.0
4461600	6.0
4462400	9.0
4463200	12.0
4464000	11.0
4464800	11.0
4465600	11.0
4466400	11.0
4467200	10.0
4468000	9.0
4468800	10.0
4469600	8.0
4470400	11.0
4471200	11.0
4472000	10.0
4472800	11.0
4473600	11.0
4474400	10.0
4475200	11.0
4476000	11.0
4476800	10.0
4477600	10.0
4478400	12.0
4479200	10.0
4480000	12.0
4480800	11.0
4481600	11.0
4482400	11.0
4483200	10.0
4484000	11.0
4484800	10.0
4485600	11.0
4486400	11.0
4487200	11.0
4488000	11.0
4488800	10.0
4489600	10.0
4490400	10.0
4491200	11.0
4492000	11.0
4492800	10.0
4493600	11.0
4494400	11.0
4495200	10.0
4496000	10.0
4496800	11.0
4497600	11.0
4498400	10.0
4499200	11.0
4500000	11.0
4500800	10.0
4501600	11.0
4502400	10.0
4503200	12.0
4504000	10.0
4504800	8.0
4505600	11.0
4506400	11.0
4507200	11.0
4508000	11.0
4508800	11.0
4509600	10.0
4510400	10.0
4511200	10.0
4512000	10.0
4512800	11.0
4513600	10.0
4514400	11.0
4515200	12.0
4516000	10.0
4516800	11.0
4517600	12.0
4518400	10.0
4519200	10.0
4520000	11.0
4520800	11.0
4521600	10.0
4522400	11.0
4523200	11.0
4524000	10.0
4524800	11.0
4525600	10.0
4526400	11.0
4527200	11.0
4528000	11.0
4528800	10.0
4529600	11.0
4530400	11.0
4531200	10.0
4532000	11.0
4532800	11.0
4533600	11.0
4534400	10.0
4535200	11.0
4536000	11.0
4536800	10.0
4537600	11.0
4538400	10.0
4539200	11.0
4540000	11.0
4540800	11.0
4541600	10.0
4542400	10.0
4543200	10.0
4544000	11.0
4544800	11.0
4545600	10.0
4546400	11.0
4547200	11.0
4548000	11.0
4548800	10.0
4549600	11.0
4550400	11.0
4551200	11.0
4552000	10.0
4552800	11.0
4553600	11.0
4554400	11.0
4555200	11.0
4556000	11.0
4556800	10.0
4557600	11.0
4558400	10.0
4559200	11.0
4560000	11.0
4560800	11.0
4561600	11.0
4562400	10.0
4563200	11.0
4564000	11.0
4564800	11.0
4565600	10.0
4566400	10.0
4567200	11.0
4568000	11.0
4568800	11.0
4569600	11.0
4570400	10.0
4571200	11.0
4572000	10.0
4572800	9.0
4573600	10.0
4574400	11.0
4575200	11.0
4576000	10.0
4576800	11.0
4577600	10.0
4578400	12.0
4579200	10.0
4580000	11.0
4580800	11.0
4581600	10.0
4582400	11.0
4583200	11.0
4584000	11.0
4584800	11.0
4585600	11.0
4586400	11.0
4587200	11.0
4588000	11.0
4588800	10.0
4589600	12.0
4590400	11.0
4591200	10.0
4592000	11.0
4592800	12.0
4593600	11.0
4594400	10.0
4595200	11.0
4596000	10.0
4596800	11.0
4597600	11.0
4598400	11.0
4599200	11.0
4600000	11.0
4600800	8.0
4601600	10.0
4602400	11.0
4603200	11.0
4604000	11.0
4604800	10.0
4605600	9.0
4606400	11.0
4607200	11.0
4608000	10.0
4608800	11.0
4609600	10.0
4610400	10.0
4611200	10.0
4612000	11.0
4612800	10.0
4613600	10.0
4614400	11.0
4615200	10.0
4616000	11.0
4616800	11.0
4617600	12.0
4618400	11.0
4619200	12.0
4620000	11.0
4620800	11.0
4621600	11.0
4622400	11.0
4623200	10.0
4624000	11.0
4624800	11.0
4625600	11.0
4626400	10.0
4627200	10.0
4628000	10.0
4628800	11.0
4629600	11.0
4630400	11.0
4631200	10.0
4632000	10.0
4632800	11.0
4633600	10.0
4634400	11.0
4635200	10.0
4636000	9.0
4636800	11.0
4637600	10.0
4638400	10.0
4639200	11.0
4640000	11.0
4640800	10.0
4641600	11.0
4642400	11.0
4643200	9.0
4644000	9.0
4644800	9.0
4645600	6.0
4646400	10.0
4647200	9.0
4648000	10.0
4648800	8.0
4649600	9.0
4650400	10.0
4651200	10.0
4652000	10.0
4652800	10.0
4653600	10.0
4654400	10.0
4655200	10.0
4656000	9.0
4656800	10.0
4657600	11.0
4658400	9.0
4659200	4.0
4660000	8.0
4660800	8.0
4661600	7.0
4662400	8.0
4663200	9.0
4664000	11.0
4664800	10.0
4665600	2.0
4666400	8.0
4667200	10.0
4668000	11.0
4668800	8.0
4669600	4.0
4670400	7.0
4671200	2.0
4672000	8.0
4672800	10.0
4673600	11.0
4674400	8.0
4675200	11.0
4676000	10.0
4676800	11.0
4677600	10.0
4678400	11.0
4679200	9.0
4680000	11.0
4680800	11.0
4681600	10.0
4682400	10.0
4683200	8.0
4684000	11.0
4684800	10.0
4685600	4.0
4686400	5.0
4687200	10.0
4688000	11.0
4688800	11.0
4689600	11.0
4690400	8.0
4691200	2.0
4692000	4.0
4692800	4.0
4693600	7.0
4694400	3.0
4695200	5.0
4696000	7.0
4696800	10.0
4697600	11.0
4698400	8.0
4699200	8.0
4700000	10.0
4700800	10.0
4701600	10.0
4702400	11.0
4703200	10.0
4704000	11.0
4704800	9.0
4705600	6.0
4706400	8.0
4707200	7.0
4708000	10.0
4708800	9.0
4709600	6.0
4710400	8.0
4711200	7.0
4712000	10.0
4712800	10.0
4713600	10.0
4714400	3.0
4715200	5.0
4716000	10.0
4716800	11.0
4717600	11.0
4718400	10.0
4719200	8.0
4720000	10.0
4720800	10.0
4721600	11.0
4722400	10.0
4723200	2.0
4724000	6.0
4724800	10.0
4725600	11.0
4726400	7.0
4727200	11.0
4728000	11.0
4728800	10.0
4729600	11.0
4730400	11.0
4731200	10.0
4732000	11.0
4732800	10.0
4733600	11.0
4734400	11.0
4735200	11.0
4736000	9.0
4736800	7.0
4737600	11.0
4738400	9.0
4739200	11.0
4740000	11.0
4740800	10.0
4741600	11.0
4742400	11.0
4743200	11.0
4744000	10.0
4744800	11.0
4745600	10.0
4746400	10.0
4747200	11.0
4748000	10.0
4748800	10.0
4749600	11.0
4750400	10.0
4751200	10.0
4752000	11.0
4752800	10.0
4753600	11.0
4754400	11.0
4755200	11.0
4756000	11.0
4756800	10.0
4757600	11.0
4758400	11.0
4759200	11.0
4760000	10.0
4760800	11.0
4761600	10.0
4762400	10.0
4763200	10.0
4764000	11.0
4764800	10.0
4765600	11.0
4766400	10.0
4767200	11.0
4768000	11.0
4768800	11.0
4769600	10.0
4770400	10.0
4771200	9.0
4772000	11.0
4772800	11.0
4773600	11.0
4774400	11.0
4775200	11.0
4776000	10.0
4776800	11.0
4777600	11.0
4778400	11.0
4779200	11.0
4780000	11.0
4780800	11.0
4781600	10.0
4782400	11.0
4783200	11.0
4784000	11.0
4784800	10.0
4785600	10.0
4786400	11.0
4787200	10.0
4788000	11.0
4788800	11.0
4789600	11.0
4790400	10.0
4791200	11.0
4792000	10.0
4792800	11.0
4793600	11.0
4794400	10.0
4795200	10.0
4796000	11.0
4796800	11.0
4797600	10.0
4798400	11.0
4799200	11.0
4800000	11.0
4800800	10.0
4801600	10.0
4802400	11.0
4803200	11.0
4804000	11.0
4804800	11.0
4805600	10.0
4806400	10.0
4807200	10.0
4808000	10.0
4808800	11.0
4809600	10.0
4810400	11.0
4811200	10.0
4812000	10.0
4812800	11.0
4813600	10.0
4814400	11.0
4815200	10.0
4816000	10.0
4816800	11.0
4817600	11.0
4818400	8.0
4819200	8.0
4820000	10.0
4820800	10.0
4821600	11.0
4822400	12.0
4823200	10.0
4824000	11.0
4824800	10.0
4825600	8.0
4826400	10.0
4827200	11.0
4828000	10.0
4828800	11.0
4829600	10.0
4830400	10.0
4831200	10.0
4832000	8.0
4832800	8.0
4833600	8.0
4834400	8.0
4835200	7.0
4836000	11.0
4836800	10.0
4837600	10.0
4838400	10.0
4839200	10.0
4840000	11.0
4840800	10.0
4841600	11.0
4842400	11.0
4843200	10.0
4844000	8.0
4844800	2.0
4845600	10.0
4846400	11.0
4847200	11.0
4848000	10.0
4848800	10.0
4849600	11.0
4850400	11.0
4851200	9.0
4852000	12.0
4852800	8.0
4853600	9.0
4854400	2.0
4855200	4.0
4856000	10.0
4856800	11.0
4857600	10.0
4858400	11.0
4859200	10.0
4860000	9.0
4860800	10.0
4861600	10.0
4862400	10.0
4863200	10.0
4864000	8.0
4864800	4.0
4865600	9.0
4866400	10.0
4867200	9.0
4868000	9.0
4868800	10.0
4869600	12.0
4870400	4.0
4871200	10.0
4872000	10.0
4872800	11.0
4873600	11.0
4874400	10.0
4875200	10.0
4876000	9.0
4876800	9.0
4877600	8.0
4878400	11.0
4879200	11.0
4880000	10.0
4880800	11.0
4881600	11.0
4882400	10.0
4883200	10.0
4884000	11.0
4884800	11.0
4885600	11.0
4886400	8.0
4887200	7.0
4888000	11.0
4888800	11.0
4889600	11.0
4890400	11.0
4891200	11.0
4892000	11.0
4892800	11.0
4893600	11.0
4894400	10.0
4895200	9.0
4896000	11.0
4896800	11.0
4897600	11.0
4898400	11.0
4899200	10.0
4900000	12.0
4900800	10.0
4901600	11.0
4902400	11.0
4903200	11.0
4904000	9.0
4904800	11.0
4905600	11.0
4906400	9.0
4907200	2.0
4908000	0.0
4908800	0.0
4909600	0.0
4910400	0.0
4911200	1.0
4912000	0.0
4912800	0.0
4913600	0.0
4914400	0.0
4915200	0.0
4916000	0.0
4916800	0.0
4917600	0.0
4918400	0.0
4919200	0.0
4920000	0.0
4920800	0.0
4921600	0.0
4922400	0.0
4923200	4.0
4924000	8.0
4924800	9.0
4925600	9.0
4926400	10.0
4927200	8.0
4928000	10.0
4928800	9.0
4929600	9.0
4930400	8.0
4931200	5.0
4932000	7.0
4932800	10.0
4933600	11.0
4934400	11.0
4935200	11.0
4936000	10.0
4936800	10.0
4937600	10.0
4938400	11.0
4939200	11.0
4940000	11.0
4940800	9.0
4941600	11.0
4942400	11.0
4943200	11.0
4944000	11.0
4944800	11.0
4945600	9.0
4946400	9.0
4947200	9.0
4948000	9.0
4948800	10.0
4949600	10.0
4950400	10.0
4951200	11.0
4952000	11.0
4952800	10.0
4953600	10.0
4954400	10.0
4955200	11.0
4956000	11.0
4956800	11.0
4957600	10.0
4958400	11.0
4959200	10.0
4960000	11.0
4960800	10.0
4961600	12.0
4962400	10.0
4963200	11.0
4964000	11.0
4964800	11.0
4965600	11.0
4966400	11.0
4967200	10.0
4968000	11.0
4968800	11.0
4969600	10.0
4970400	10.0
4971200	11.0
4972000	11.0
4972800	10.0
4973600	10.0
4974400	11.0
4975200	11.0
4976000	11.0
4976800	11.0
4977600	11.0
4978400	10.0
4979200	11.0
4980000	11.0
4980800	10.0
4981600	11.0
4982400	11.0
4983200	11.0
4984000	12.0
4984800	12.0
4985600	11.0
4986400	9.0
4987200	9.0
4988000	11.0
4988800	10.0
4989600	10.0
4990400	11.0
4991200	11.0
4992000	10.0
4992800	10.0
4993600	11.0
4994400	11.0
4995200	11.0
4996000	11.0
4996800	11.0
4997600	10.0
4998400	10.0
4999200	11.0
5000000	10.0
5000800	11.0
5001600	10.0
5002400	11.0
5003200	10.0
5004000	11.0
5004800	11.0
5005600	11.0
5006400	10.0
5007200	10.0
5008000	8.0
5008800	8.0
5009600	10.0
5010400	11.0
5011200	10.0
5012000	11.0
5012800	10.0
5013600	10.0
5014400	11.0
5015200	9.0
5016000	10.0
5016800	10.0
5017600	10.0
5018400	10.0
5019200	11.0
5020000	11.0
5020800	10.0
5021600	11.0
5022400	6.0
5023200	5.0
5024000	9.0
5024800	10.0
5025600	10.0
5026400	11.0
5027200	11.0
5028000	12.0
5028800	10.0
5029600	9.0
5030400	10.0
5031200	11.0
5032000	8.0
5032800	10.0
5033600	11.0
5034400	10.0
5035200	11.0
5036000	11.0
5036800	10.0
5037600	11.0
5038400	10.0
5039200	9.0
5040000	11.0
5040800	10.0
5041600	11.0
5042400	11.0
5043200	9.0
5044000	4.0
5044800	6.0
5045600	8.0
5046400	12.0
5047200	11.0
5048000	10.0
5048800	9.0
5049600	11.0
5050400	10.0
5051200	10.0
5052000	10.0
5052800	8.0
5053600	10.0
5054400	4.0
5055200	10.0
5056000	10.0
5056800	11.0
5057600	11.0
5058400	6.0
5059200	10.0
5060000	11.0
5060800	9.0
5061600	11.0
5062400	8.0
5063200	9.0
5064000	11.0
5064800	11.0
5065600	6.0
5066400	8.0
5067200	10.0
5068000	11.0
5068800	11.0
5069600	10.0
5070400	9.0
5071200	11.0
5072000	10.0
5072800	7.0
5073600	10.0
5074400	10.0
5075200	11.0
5076000	9.0
5076800	10.0
5077600	7.0
5078400	11.0
5079200	11.0
5080000	10.0
5080800	9.0
5081600	6.0
5082400	9.0
5083200	11.0
5084000	10.0
5084800	12.0
5085600	8.0
5086400	6.0
5087200	10.0
5088000	10.0
5088800	9.0
5089600	10.0
5090400	10.0
5091200	9.0
5092000	10.0
5092800	10.0
5093600	10.0
5094400	9.0
5095200	10.0
5096000	10.0
5096800	5.0
5097600	9.0
5098400	9.0
5099200	11.0
5100000	10.0
5100800	8.0
5101600	7.0
5102400	11.0
5103200	10.0
5104000	11.0
5104800	10.0
5105600	11.0
5106400	10.0
5107200	11.0
5108000	9.0
5108800	9.0
5109600	10.0
5110400	11.0
5111200	11.0
5112000	11.0
5112800	10.0
5113600	11.0
5114400	10.0
5115200	9.0
5116000	11.0
5116800	11.0
5117600	10.0
5118400	12.0
5119200	11.0
5120000	9.0
5120800	11.0
5121600	10.0
5122400	11.0
5123200	10.0
5124000	10.0
5124800	10.0
5125600	10.0
5126400	11.0
5127200	10.0
5128000	9.0
5128800	8.0
5129600	9.0
5130400	11.0
5131200	10.0
5132000	11.0
5132800	9.0
5133600	11.0
5134400	11.0
5135200	10.0
5136000	11.0
5136800	10.0
5137600	10.0
5138400	11.0
5139200	10.0
5140000	11.0
5140800	11.0
5141600	10.0
5142400	10.0
5143200	11.0
5144000	11.0
5144800	10.0
5145600	10.0
5146400	11.0
5147200	11.0
5148000	11.0
5148800	10.0
5149600	11.0
5150400	11.0
5151200	10.0
5152000	10.0
5152800	10.0
5153600	10.0
5154400	11.0
5155200	10.0
5156000	7.0
5156800	4.0
5157600	10.0
5158400	7.0
5159200	10.0
5160000	11.0
5160800	9.0
5161600	11.0
5162400	10.0
5163200	11.0
5164000	12.0
5164800	11.0
5165600	11.0
5166400	11.0
5167200	10.0
5168000	12.0
5168800	10.0
5169600	10.0
5170400	10.0
5171200	10.0
5172000	11.0
5172800	10.0
5173600	11.0
5174400	10.0
5175200	10.0
5176000	9.0
5176800	12.0
5177600	10.0
5178400	11.0
5179200	10.0
5180000	11.0
5180800	11.0
5181600	11.0
5182400	10.0
5183200	9.0
5184000	10.0
5184800	11.0
5185600	11.0
5186400	11.0
5187200	11.0
5188000	10.0
5188800	11.0
5189600	11.0
5190400	10.0
5191200	11.0
5192000	11.0
5192800	11.0
5193600	11.0
5194400	10.0
5195200	11.0
5196000	11.0
5196800	10.0
5197600	10.0
5198400	11.0
5199200	11.0
5200000	11.0
5200800	11.0
5201600	10.0
5202400	10.0
5203200	11.0
5204000	10.0
5204800	10.0
5205600	11.0
5206400	11.0
5207200	12.0
5208000	11.0
5208800	10.0
5209600	11.0
5210400	11.0
5211200	10.0
5212000	11.0
5212800	10.0
5213600	10.0
5214400	10.0
5215200	11.0
5216000	11.0
5216800	10.0
5217600	10.0
5218400	11.0
5219200	9.0
5220000	11.0
5220800	11.0
5221600	11.0
5222400	11.0
5223200	11.0
5224000	10.0
5224800	11.0
5225600	12.0
5226400	11.0
5227200	11.0
5228000	10.0
5228800	11.0
5229600	11.0
5230400	11.0
5231200	11.0
5232000	10.0
5232800	11.0
5233600	10.0
5234400	11.0
5235200	11.0
5236000	11.0
5236800	11.0
5237600	11.0
5238400	10.0
5239200	10.0
5240000	11.0
5240800	10.0
5241600	10.0
5242400	11.0
5243200	11.0
5244000	11.0
5244800	11.0
5245600	10.0
5246400	11.0
5247200	10.0
5248000	11.0
5248800	11.0
5249600	10.0
5250400	11.0
5251200	11.0
5252000	10.0
5252800	10.0
5253600	9.0
5254400	11.0
5255200	10.0
5256000	10.0
5256800	11.0
5257600	10.0
5258400	11.0
5259200	10.0
5260000	10.0
5260800	11.0
5261600	10.0
5262400	11.0
5263200	11.0
5264000	10.0
5264800	9.0
5265600	11.0
5266400	11.0
5267200	10.0
5268000	10.0
5268800	11.0
5269600	12.0
5270400	10.0
5271200	11.0
5272000	10.0
5272800	11.0
5273600	10.0
5274400	9.0
5275200	10.0
5276000	8.0
5276800	10.0
5277600	10.0
5278400	11.0
5279200	12.0
5280000	10.0
5280800	11.0
5281600	11.0
5282400	11.0
5283200	10.0
5284000	10.0
5284800	11.0
5285600	11.0
5286400	10.0
5287200	9.0
5288000	10.0
5288800	9.0
5289600	10.0
5290400	11.0
5291200	11.0
5292000	10.0
5292800	7.0
5293600	11.0
5294400	11.0
5295200	10.0
5296000	10.0
5296800	11.0
5297600	11.0
5298400	7.0
5299200	10.0
5300000	9.0
5300800	6.0
5301600	8.0
5302400	10.0
5303200	11.0
5304000	11.0
5304800	11.0
5305600	10.0
5306400	12.0
5307200	11.0
5308000	11.0
5308800	10.0
5309600	10.0
5310400	10.0
5311200	10.0
5312000	10.0
5312800	9.0
5313600	11.0
5314400	12.0
5315200	11.0
5316000	11.0
5316800	9.0
5317600	10.0
5318400	7.0
5319200	9.0
5320000	10.0
5320800	11.0
5321600	11.0
5322400	9.0
5323200	10.0
5324000	11.0
5324800	6.0
5325600	7.0
5326400	10.0
5327200	11.0
5328000	11.0
5328800	10.0
5329600	11.0
5330400	11.0
5331200	10.0
5332000	12.0
5332800	11.0
5333600	11.0
5334400	9.0
5335200	8.0
5336000	11.0
5336800	11.0
5337600	11.0
5338400	10.0
5339200	10.0
5340000	9.0
5340800	9.0
5341600	11.0
5342400	10.0
5343200	6.0
5344000	5.0
5344800	11.0
5345600	10.0
5346400	10.0
5347200	11.0
5348000	11.0
5348800	10.0
5349600	11.0
5350400	10.0
5351200	6.0
5352000	8.0
5352800	9.0
5353600	11.0
5354400	11.0
5355200	10.0
5356000	10.0
5356800	10.0
5357600	11.0
5358400	10.0
5359200	11.0
5360000	10.0
5360800	10.0
5361600	9.0
5362400	10.0
5363200	7.0
5364000	8.0
5364800	10.0
5365600	11.0
5366400	10.0
5367200	8.0
5368000	10.0
5368800	10.0
5369600	11.0
5370400	11.0
5371200	11.0
5372000	10.0
5372800	8.0
5373600	12.0
5374400	11.0
5375200	10.0
5376000	10.0
5376800	9.0
5377600	11.0
5378400	11.0
5379200	10.0
5380000	11.0
5380800	10.0
5381600	11.0
5382400	11.0
5383200	10.0
5384000	11.0
5384800	10.0
5385600	11.0
5386400	10.0
5387200	11.0
5388000	11.0
5388800	10.0
5389600	9.0
5390400	5.0
5391200	10.0
5392000	11.0
5392800	11.0
5393600	10.0
5394400	9.0
5395200	10.0
5396000	10.0
5396800	7.0
5397600	11.0
5398400	10.0
5399200	10.0
5400000	11.0
5400800	10.0
5401600	10.0
5402400	10.0
5403200	9.0
5404000	6.0
5404800	10.0
5405600	10.0
5406400	8.0
5407200	10.0
5408000	10.0
5408800	11.0
5409600	5.0
5410400	5.0
5411200	11.0
5412000	11.0
5412800	9.0
5413600	11.0
5414400	11.0
5415200	9.0
5416000	12.0
5416800	11.0
5417600	11.0
5418400	11.0
5419200	11.0
5420000	10.0
5420800	11.0
5421600	10.0
5422400	9.0
5423200	9.0
5424000	9.0
5424800	10.0
5425600	11.0
5426400	11.0
5427200	11.0
5428000	10.0
5428800	10.0
5429600	10.0
5430400	11.0
5431200	10.0
5432000	6.0
5432800	3.0
5433600	10.0
5434400	11.0
5435200	10.0
5436000	10.0
5436800	10.0
5437600	11.0
5438400	11.0
5439200	10.0
5440000	10.0
5440800	11.0
5441600	10.0
5442400	11.0
5443200	10.0
5444000	9.0
5444800	11.0
5445600	11.0
5446400	11.0
5447200	10.0
5448000	11.0
5448800	8.0
5449600	9.0
5450400	11.0
5451200	10.0
5452000	6.0
5452800	7.0
5453600	7.0
5454400	10.0
5455200	11.0
5456000	10.0
5456800	10.0
5457600	11.0
5458400	10.0
5459200	11.0
5460000	10.0
5460800	11.0
5461600	10.0
5462400	11.0
5463200	12.0
5464000	10.0
5464800	11.0
5465600	11.0
5466400	11.0
5467200	11.0
5468000	10.0
5468800	10.0
5469600	11.0
5470400	11.0
5471200	10.0
5472000	10.0
5472800	9.0
5473600	11.0
5474400	7.0
5475200	8.0
5476000	10.0
5476800	11.0
5477600	11.0
5478400	10.0
5479200	11.0
5480000	10.0
5480800	8.0
5481600	11.0
5482400	11.0
5483200	11.0
5484000	10.0
5484800	11.0
5485600	10.0
5486400	11.0
5487200	11.0
5488000	12.0
5488800	10.0
5489600	11.0
5490400	11.0
5491200	11.0
5492000	9.0
5492800	11.0
5493600	10.0
5494400	10.0
5495200	11.0
5496000	11.0
5496800	10.0
5497600	11.0
5498400	10.0
5499200	11.0
5500000	11.0
5500800	10.0
5501600	11.0
5502400	11.0
5503200	11.0
5504000	11.0
5504800	10.0
5505600	11.0
5506400	11.0
5507200	10.0
5508000	11.0
5508800	11.0
5509600	11.0
5510400	10.0
5511200	10.0
5512000	11.0
5512800	11.0
5513600	12.0
5514400	10.0
5515200	11.0
5516000	12.0
5516800	10.0
5517600	11.0
5518400	11.0
5519200	10.0
5520000	10.0
5520800	11.0
5521600	11.0
5522400	10.0
5523200	11.0
5524000	10.0
5524800	11.0
5525600	11.0
5526400	10.0
5527200	11.0
5528000	11.0
5528800	11.0
5529600	10.0
5530400	10.0
5531200	10.0
5532000	11.0
5532800	11.0
5533600	11.0
5534400	10.0
5535200	11.0
5536000	10.0
5536800	11.0
5537600	10.0
5538400	11.0
5539200	11.0
5540000	11.0
5540800	10.0
5541600	11.0
5542400	11.0
5543200	10.0
5544000	8.0
5544800	7.0
5545600	10.0
5546400	10.0
5547200	11.0
5548000	11.0
5548800	11.0
5549600	10.0
5550400	11.0
5551200	10.0
5552000	10.0
5552800	10.0
5553600	10.0
5554400	11.0
5555200	10.0
5556000	9.0
5556800	11.0
5557600	11.0
5558400	11.0
5559200	11.0
5560000	10.0
5560800	11.0
5561600	11.0
5562400	11.0
5563200	11.0
5564000	10.0
5564800	11.0
5565600	10.0
5566400	9.0
5567200	9.0
5568000	11.0
5568800	11.0
5569600	11.0
5570400	9.0
5571200	11.0
5572000	11.0
5572800	10.0
5573600	11.0
5574400	11.0
5575200	11.0
5576000	10.0
5576800	11.0
5577600	11.0
5578400	11.0
5579200	11.0
5580000	10.0
5580800	11.0
5581600	11.0
5582400	9.0
5583200	11.0
5584000	11.0
5584800	11.0
5585600	10.0
5586400	9.0
5587200	9.0
5588000	10.0
5588800	11.0
5589600	10.0
5590400	10.0
5591200	12.0
5592000	10.0
5592800	10.0
5593600	10.0
5594400	10.0
5595200	11.0
5596000	10.0
5596800	10.0
5597600	9.0
5598400	8.0
5599200	11.0
5600000	11.0
5600800	10.0
5601600	10.0
5602400	11.0
5603200	10.0
5604000	11.0
5604800	11.0
5605600	10.0
5606400	11.0
5607200	11.0
5608000	9.0
5608800	9.0
5609600	11.0
5610400	11.0
5611200	9.0
5612000	11.0
5612800	10.0
5613600	11.0
5614400	11.0
5615200	11.0
5616000	11.0
5616800	9.0
5617600	11.0
5618400	10.0
5619200	11.0
5620000	10.0
5620800	11.0
5621600	10.0
5622400	10.0
5623200	10.0
5624000	7.0
5624800	8.0
5625600	7.0
5626400	11.0
5627200	10.0
5628000	10.0
5628800	10.0
5629600	5.0
5630400	6.0
5631200	11.0
5632000	8.0
5632800	4.0
5633600	2.0
5634400	8.0
5635200	8.0
5636000	11.0
5636800	10.0
5637600	11.0
5638400	8.0
5639200	9.0
5640000	10.0
5640800	11.0
5641600	10.0
5642400	8.0
5643200	8.0
5644000	11.0
5644800	10.0
5645600	10.0
5646400	11.0
5647200	8.0
5648000	11.0
5648800	6.0
5649600	8.0
5650400	6.0
5651200	10.0
5652000	11.0
5652800	10.0
5653600	11.0
5654400	10.0
5655200	10.0
5656000	11.0
5656800	10.0
5657600	10.0
5658400	11.0
5659200	10.0
5660000	11.0
5660800	11.0
5661600	10.0
5662400	9.0
5663200	9.0
5664000	11.0
5664800	11.0
5665600	10.0
5666400	10.0
5667200	9.0
5668000	8.0
5668800	11.0
5669600	11.0
5670400	11.0
5671200	10.0
5672000	11.0
5672800	9.0
5673600	10.0
5674400	10.0
5675200	11.0
5676000	10.0
5676800	10.0
5677600	9.0
5678400	9.0
5679200	9.0
5680000	10.0
5680800	7.0
5681600	11.0
5682400	9.0
5683200	10.0
5684000	10.0
5684800	11.0
5685600	11.0
5686400	7.0
5687200	10.0
5688000	11.0
5688800	10.0
5689600	10.0
5690400	10.0
5691200	8.0
5692000	11.0
5692800	3.0
5693600	9.0
5694400	9.0
5695200	12.0
5696000	10.0
5696800	10.0
5697600	11.0
5698400	8.0
5699200	9.0
5700000	8.0
5700800	8.0
5701600	11.0
5702400	10.0
5703200	10.0
5704000	9.0
5704800	4.0
5705600	6.0
5706400	10.0
5707200	11.0
5708000	9.0
5708800	9.0
5709600	8.0
5710400	9.0
5711200	11.0
5712000	11.0
5712800	10.0
5713600	11.0
5714400	10.0
5715200	10.0
5716000	11.0
5716800	10.0
5717600	11.0
5718400	10.0
5719200	11.0
5720000	10.0
5720800	11.0
5721600	10.0
5722400	10.0
5723200	10.0
5724000	11.0
5724800	11.0
5725600	11.0
5726400	11.0
5727200	11.0
5728000	11.0
5728800	7.0
5729600	8.0
5730400	9.0
5731200	10.0
5732000	10.0
5732800	11.0
5733600	11.0
5734400	10.0
5735200	11.0
5736000	11.0
5736800	9.0
5737600	10.0
5738400	12.0
5739200	10.0
5740000	10.0
5740800	10.0
5741600	12.0
5742400	10.0
5743200	9.0
5744000	10.0
5744800	11.0
5745600	11.0
5746400	10.0
5747200	11.0
5748000	10.0
5748800	10.0
5749600	11.0
5750400	10.0
5751200	8.0
5752000	11.0
5752800	9.0
5753600	9.0
5754400	11.0
5755200	10.0
5756000	11.0
5756800	10.0
5757600	11.0
5758400	10.0
5759200	11.0
5760000	11.0
5760800	10.0
5761600	11.0
5762400	10.0
5763200	11.0
5764000	10.0
5764800	12.0
5765600	11.0
5766400	10.0
5767200	10.0
5768000	11.0
5768800	11.0
5769600	10.0
5770400	11.0
5771200	11.0
5772000	10.0
5772800	8.0
5773600	10.0
5774400	11.0
5775200	11.0
5776000	11.0
5776800	10.0
5777600	11.0
5778400	11.0
5779200	11.0
5780000	11.0
5780800	10.0
5781600	10.0
5782400	11.0
5783200	10.0
5784000	11.0
5784800	10.0
5785600	11.0
5786400	10.0
5787200	11.0
5788000	10.0
5788800	11.0
5789600	12.0
5790400	10.0
5791200	11.0
5792000	11.0
5792800	11.0
5793600	9.0
5794400	8.0
5795200	10.0
5796000	11.0
5796800	10.0
5797600	11.0
5798400	11.0
5799200	10.0
5800000	11.0
5800800	11.0
5801600	11.0
5802400	11.0
5803200	11.0
5804000	12.0
5804800	11.0
5805600	10.0
5806400	11.0
5807200	10.0
5808000	12.0
5808800	10.0
5809600	11.0
5810400	10.0
5811200	11.0
5812000	11.0
5812800	10.0
5813600	11.0
5814400	11.0
5815200	10.0
5816000	11.0
5816800	10.0
5817600	12.0
5818400	11.0
5819200	11.0
5820000	10.0
5820800	11.0
5821600	10.0
5822400	10.0
5823200	10.0
5824000	11.0
5824800	9.0
5825600	10.0
5826400	11.0
5827200	11.0
5828000	11.0
5828800	11.0
5829600	11.0
5830400	10.0
5831200	11.0
5832000	11.0
5832800	10.0
5833600	11.0
5834400	10.0
5835200	11.0
5836000	10.0
5836800	11.0
5837600	11.0
5838400	10.0
5839200	11.0
5840000	11.0
5840800	11.0
5841600	11.0
5842400	10.0
5843200	10.0
5844000	11.0
5844800	10.0
5845600	8.0
5846400	11.0
5847200	11.0
5848000	10.0
5848800	9.0
5849600	11.0
5850400	10.0
5851200	11.0
5852000	10.0
5852800	11.0
5853600	10.0
5854400	11.0
5855200	11.0
5856000	11.0
5856800	11.0
5857600	11.0
5858400	10.0
5859200	11.0
5860000	11.0
5860800	10.0
5861600	11.0
5862400	9.0
5863200	11.0
5864000	11.0
5864800	10.0
5865600	11.0
5866400	11.0
5867200	10.0
5868000	11.0
5868800	11.0
5869600	11.0
5870400	11.0
5871200	10.0
5872000	11.0
5872800	10.0
5873600	11.0
5874400	10.0
5875200	11.0
5876000	11.0
5876800	10.0
5877600	11.0
5878400	11.0
5879200	10.0
5880000	10.0
5880800	11.0
5881600	11.0
5882400	9.0
5883200	10.0
5884000	11.0
5884800	10.0
5885600	10.0
5886400	10.0
5887200	10.0
5888000	9.0
5888800	10.0
5889600	10.0
5890400	11.0
5891200	11.0
5892000	10.0
5892800	11.0
5893600	10.0
5894400	11.0
5895200	11.0
5896000	8.0
5896800	11.0
5897600	10.0
5898400	10.0
5899200	11.0
5900000	10.0
5900800	11.0
5901600	6.0
5902400	9.0
5903200	8.0
5904000	10.0
5904800	9.0
5905600	10.0
5906400	10.0
5907200	10.0
5908000	11.0
5908800	9.0
5909600	11.0
5910400	7.0
5911200	7.0
5912000	10.0
5912800	11.0
5913600	11.0
5914400	11.0
5915200	10.0
5916000	10.0
5916800	9.0
5917600	11.0
5918400	10.0
5919200	12.0
5920000	9.0
5920800	10.0
5921600	11.0
5922400	10.0
5923200	11.0
5924000	11.0
5924800	8.0
5925600	12.0
5926400	10.0
5927200	9.0
5928000	9.0
5928800	10.0
5929600	10.0
5930400	10.0
5931200	11.0
5932000	11.0
5932800	11.0
5933600	10.0
5934400	9.0
5935200	10.0
5936000	10.0
5936800	11.0
5937600	10.0
5938400	9.0
5939200	8.0
5940000	1.0
5940800	9.0
5941600	9.0
5942400	6.0
5943200	10.0
5944000	10.0
5944800	11.0
5945600	11.0
5946400	11.0
5947200	10.0
5948000	10.0
5948800	10.0
5949600	11.0
5950400	9.0
5951200	11.0
5952000	10.0
5952800	11.0
5953600	11.0
5954400	11.0
5955200	10.0
5956000	11.0
5956800	10.0
5957600	11.0
5958400	11.0
5959200	10.0
5960000	10.0
5960800	8.0
5961600	7.0
5962400	10.0
5963200	10.0
5964000	10.0
5964800	11.0
5965600	6.0
5966400	8.0
5967200	9.0
5968000	11.0
5968800	11.0
5969600	10.0
5970400	11.0
5971200	10.0
5972000	8.0
5972800	10.0
5973600	11.0
5974400	10.0
5975200	11.0
5976000	11.0
5976800	11.0
5977600	10.0
5978400	10.0
5979200	11.0
5980000	10.0
5980800	11.0
5981600	9.0
5982400	11.0
5983200	9.0
5984000	6.0
5984800	4.0
5985600	5.0
5986400	7.0
5987200	4.0
5988000	4.0
5988800	9.0
5989600	9.0
5990400	10.0
5991200	11.0
5992000	10.0
5992800	7.0
5993600	5.0
5994400	7.0
5995200	10.0
5996000	10.0
5996800	8.0
5997600	8.0
5998400	9.0
5999200	10.0
6000000	10.0
