200	0.0
400	0.0
600	0.0
800	0.0
1000	0.0
1200	0.0
1400	0.0
1600	0.0
1800	0.0
2000	0.0
2200	0.0
2400	0.0
2600	0.0
2800	0.0
3000	0.0
3200	0.0
3400	0.0
3600	0.0
3800	0.0
4000	0.0
4200	0.0
4400	0.0
4600	1.0
4800	0.0
5000	0.0
5200	0.0
5400	0.0
5600	0.0
5800	0.0
6000	0.0
6200	0.0
6400	0.0
6600	0.0
6800	0.0
7000	1.0
7200	0.0
7400	0.0
7600	0.0
7800	0.0
8000	0.0
8200	0.0
8400	0.0
8600	0.0
8800	0.0
9000	0.0
9200	0.0
9400	0.0
9600	0.0
9800	0.0
10000	1.0
10200	0.0
10400	0.0
10600	0.0
10800	0.0
11000	0.0
11200	0.0
11400	0.0
11600	0.0
11800	0.0
12000	0.0
12200	0.0
12400	0.0
12600	0.0
12800	0.0
13000	0.0
13200	0.0
13400	0.0
13600	0.0
13800	0.0
14000	0.0
14200	0.0
14400	0.0
14600	0.0
14800	1.0
15000	0.0
15200	0.0
15400	0.0
15600	0.0
15800	0.0
16000	0.0
16200	0.0
16400	0.0
16600	1.0
16800	0.0
17000	0.0
17200	0.0
17400	0.0
17600	0.0
17800	0.0
18000	0.0
18200	0.0
18400	0.0
18600	0.0
18800	0.0
19000	0.0
19200	0.0
19400	0.0
19600	0.0
19800	0.0
20000	0.0
20200	0.0
20400	0.0
20600	0.0
20800	0.0
21000	0.0
21200	0.0
21400	0.0
21600	0.0
21800	0.0
22000	0.0
22200	0.0
22400	0.0
22600	0.0
22800	0.0
23000	0.0
23200	0.0
23400	0.0
23600	0.0
23800	0.0
24000	0.0
24200	1.0
24400	0.0
24600	1.0
24800	0.0
25000	0.0
25200	0.0
25400	0.0
25600	0.0
25800	0.0
26000	0.0
26200	0.0
26400	0.0
26600	0.0
26800	0.0
27000	0.0
27200	1.0
27400	0.0
27600	0.0
27800	0.0
28000	0.0
28200	0.0
28400	0.0
28600	0.0
28800	0.0
29000	0.0
29200	0.0
29400	0.0
29600	0.0
29800	0.0
30000	0.0
30200	0.0
30400	0.0
30600	1.0
30800	0.0
31000	0.0
31200	0.0
31400	0.0
31600	0.0
31800	0.0
32000	1.0
32200	0.0
32400	0.0
32600	0.0
32800	1.0
33000	0.0
33200	0.0
33400	0.0
33600	0.0
33800	0.0
34000	0.0
34200	0.0
34400	0.0
34600	0.0
34800	0.0
35000	0.0
35200	0.0
35400	0.0
35600	0.0
35800	0.0
36000	1.0
36200	0.0
36400	1.0
36600	0.0
36800	0.0
37000	0.0
37200	0.0
37400	0.0
37600	1.0
37800	0.0
38000	0.0
38200	0.0
38400	0.0
38600	0.0
38800	0.0
39000	0.0
39200	0.0
39400	0.0
39600	0.0
39800	1.0
40000	0.0
40200	0.0
40400	0.0
40600	1.0
40800	1.0
41000	0.0
41200	0.0
41400	0.0
41600	0.0
41800	0.0
42000	0.0
42200	0.0
42400	0.0
42600	0.0
42800	0.0
43000	1.0
43200	0.0
43400	0.0
43600	0.0
43800	0.0
44000	0.0
44200	0.0
44400	0.0
44600	1.0
44800	0.0
45000	0.0
45200	0.0
45400	0.0
45600	0.0
45800	0.0
46000	0.0
46200	0.0
46400	0.0
46600	0.0
46800	0.0
47000	0.0
47200	0.0
47400	0.0
47600	0.0
47800	0.0
48000	0.0
48200	0.0
48400	0.0
48600	0.0
48800	0.0
49000	0.0
49200	0.0
49400	1.0
49600	0.0
49800	0.0
50000	0.0
50200	0.0
50400	0.0
50600	0.0
50800	0.0
51000	0.0
51200	0.0
51400	0.0
51600	1.0
51800	0.0
52000	0.0
52200	0.0
52400	0.0
52600	0.0
52800	0.0
53000	0.0
53200	0.0
53400	0.0
53600	0.0
53800	0.0
54000	0.0
54200	1.0
54400	0.0
54600	0.0
54800	0.0
55000	0.0
55200	0.0
55400	0.0
55600	0.0
55800	0.0
56000	0.0
56200	0.0
56400	0.0
56600	0.0
56800	0.0
57000	0.0
57200	0.0
57400	0.0
57600	0.0
57800	0.0
58000	0.0
58200	0.0
58400	1.0
58600	0.0
58800	0.0
59000	0.0
59200	0.0
59400	0.0
59600	0.0
59800	0.0
60000	0.0
60200	0.0
60400	0.0
60600	0.0
60800	0.0
61000	0.0
61200	0.0
61400	1.0
61600	0.0
61800	0.0
62000	0.0
62200	0.0
62400	0.0
62600	0.0
62800	0.0
63000	0.0
63200	0.0
63400	0.0
63600	0.0
63800	0.0
64000	0.0
64200	0.0
64400	0.0
64600	0.0
64800	0.0
65000	0.0
65200	0.0
65400	1.0
65600	0.0
65800	0.0
66000	0.0
66200	0.0
66400	0.0
66600	0.0
66800	0.0
67000	0.0
67200	0.0
67400	0.0
67600	0.0
67800	0.0
68000	0.0
68200	0.0
68400	1.0
68600	0.0
68800	0.0
69000	0.0
69200	0.0
69400	0.0
69600	0.0
69800	0.0
70000	1.0
70200	0.0
70400	0.0
70600	0.0
70800	0.0
71000	0.0
71200	1.0
71400	0.0
71600	0.0
71800	0.0
72000	0.0
72200	0.0
72400	0.0
72600	0.0
72800	0.0
73000	0.0
73200	0.0
73400	0.0
73600	0.0
73800	0.0
74000	0.0
74200	0.0
74400	0.0
74600	0.0
74800	0.0
75000	1.0
75200	0.0
75400	0.0
75600	0.0
75800	0.0
76000	0.0
76200	0.0
76400	0.0
76600	0.0
76800	0.0
77000	0.0
77200	0.0
77400	0.0
77600	0.0
77800	0.0
78000	0.0
78200	0.0
78400	0.0
78600	0.0
78800	0.0
79000	0.0
79200	0.0
79400	0.0
79600	0.0
79800	0.0
80000	0.0
80200	0.0
80400	0.0
80600	0.0
80800	0.0
81000	0.0
81200	1.0
81400	0.0
81600	0.0
81800	0.0
82000	0.0
82200	0.0
82400	0.0
82600	0.0
82800	0.0
83000	0.0
83200	1.0
83400	0.0
83600	0.0
83800	0.0
84000	0.0
84200	0.0
84400	0.0
84600	0.0
84800	0.0
85000	0.0
85200	0.0
85400	1.0
85600	0.0
85800	0.0
86000	0.0
86200	0.0
86400	0.0
86600	0.0
86800	0.0
87000	0.0
87200	0.0
87400	1.0
87600	0.0
87800	0.0
88000	0.0
88200	0.0
88400	1.0
88600	0.0
88800	0.0
89000	0.0
89200	0.0
89400	0.0
89600	0.0
89800	0.0
90000	0.0
90200	0.0
90400	0.0
90600	0.0
90800	0.0
91000	1.0
91200	0.0
91400	0.0
91600	0.0
91800	0.0
92000	0.0
92200	0.0
92400	1.0
92600	0.0
92800	0.0
93000	1.0
93200	0.0
93400	0.0
93600	0.0
93800	0.0
94000	0.0
94200	0.0
94400	0.0
94600	0.0
94800	0.0
95000	0.0
95200	0.0
95400	0.0
95600	0.0
95800	0.0
96000	0.0
96200	0.0
96400	1.0
96600	0.0
96800	0.0
97000	0.0
97200	0.0
97400	0.0
97600	0.0
97800	0.0
98000	0.0
98200	0.0
98400	0.0
98600	0.0
98800	0.0
99000	1.0
99200	0.0
99400	0.0
99600	0.0
99800	0.0
100000	1.0
100200	0.0
100400	0.0
100600	1.0
100800	0.0
101000	0.0
101200	0.0
101400	0.0
101600	0.0
101800	0.0
102000	0.0
102200	0.0
102400	0.0
102600	0.0
102800	0.0
103000	0.0
103200	0.0
103400	0.0
103600	0.0
103800	0.0
104000	0.0
104200	0.0
104400	0.0
104600	0.0
104800	0.0
105000	0.0
105200	0.0
105400	0.0
105600	1.0
105800	0.0
106000	0.0
106200	0.0
106400	0.0
106600	0.0
106800	0.0
107000	0.0
107200	0.0
107400	0.0
107600	0.0
107800	0.0
108000	0.0
108200	0.0
108400	0.0
108600	0.0
108800	0.0
109000	0.0
109200	0.0
109400	0.0
109600	0.0
109800	0.0
110000	0.0
110200	0.0
110400	0.0
110600	0.0
110800	0.0
111000	0.0
111200	0.0
111400	0.0
111600	1.0
111800	1.0
112000	0.0
112200	0.0
112400	0.0
112600	0.0
112800	0.0
113000	0.0
113200	0.0
113400	0.0
113600	0.0
113800	0.0
114000	0.0
114200	0.0
114400	0.0
114600	1.0
114800	0.0
115000	1.0
115200	0.0
115400	0.0
115600	0.0
115800	0.0
116000	0.0
116200	0.0
116400	0.0
116600	0.0
116800	0.0
117000	0.0
117200	0.0
117400	0.0
117600	0.0
117800	0.0
118000	0.0
118200	0.0
118400	0.0
118600	0.0
118800	0.0
119000	0.0
119200	0.0
119400	0.0
119600	0.0
119800	0.0
120000	0.0
120200	0.0
120400	1.0
120600	0.0
120800	0.0
121000	0.0
121200	0.0
121400	0.0
121600	0.0
121800	0.0
122000	0.0
122200	0.0
122400	0.0
122600	0.0
122800	0.0
123000	0.0
123200	0.0
123400	0.0
123600	0.0
123800	0.0
124000	0.0
124200	1.0
124400	0.0
124600	0.0
124800	0.0
125000	0.0
125200	0.0
125400	0.0
125600	0.0
125800	0.0
126000	1.0
126200	0.0
126400	0.0
126600	0.0
126800	0.0
127000	1.0
127200	0.0
127400	0.0
127600	1.0
127800	0.0
128000	0.0
128200	0.0
128400	0.0
128600	0.0
128800	0.0
129000	0.0
129200	0.0
129400	0.0
129600	0.0
129800	0.0
130000	0.0
130200	0.0
130400	0.0
130600	0.0
130800	0.0
131000	0.0
131200	1.0
131400	0.0
131600	0.0
131800	0.0
132000	0.0
132200	1.0
132400	0.0
132600	0.0
132800	0.0
133000	0.0
133200	0.0
133400	0.0
133600	0.0
133800	0.0
134000	0.0
134200	0.0
134400	0.0
134600	0.0
134800	0.0
135000	0.0
135200	0.0
135400	0.0
135600	0.0
135800	0.0
136000	0.0
136200	0.0
136400	0.0
136600	0.0
136800	0.0
137000	0.0
137200	0.0
137400	0.0
137600	0.0
137800	0.0
138000	0.0
138200	0.0
138400	0.0
138600	0.0
138800	1.0
139000	0.0
139200	0.0
139400	0.0
139600	0.0
139800	0.0
140000	0.0
140200	0.0
140400	0.0
140600	0.0
140800	0.0
141000	0.0
141200	0.0
141400	0.0
141600	1.0
141800	0.0
142000	0.0
142200	0.0
142400	0.0
142600	1.0
142800	0.0
143000	0.0
143200	0.0
143400	0.0
143600	0.0
143800	1.0
144000	0.0
144200	0.0
144400	0.0
144600	0.0
144800	0.0
145000	0.0
145200	0.0
145400	0.0
145600	0.0
145800	0.0
146000	0.0
146200	0.0
146400	0.0
146600	0.0
146800	0.0
147000	0.0
147200	0.0
147400	1.0
147600	0.0
147800	0.0
148000	0.0
148200	0.0
148400	0.0
148600	1.0
148800	0.0
149000	0.0
149200	0.0
149400	1.0
149600	0.0
149800	0.0
150000	0.0
150200	0.0
150400	0.0
150600	0.0
150800	0.0
151000	0.0
151200	0.0
151400	0.0
151600	0.0
151800	0.0
152000	1.0
152200	0.0
152400	0.0
152600	0.0
152800	0.0
153000	0.0
153200	0.0
153400	0.0
153600	0.0
153800	0.0
154000	0.0
154200	0.0
154400	0.0
154600	0.0
154800	0.0
155000	0.0
155200	0.0
155400	0.0
155600	1.0
155800	0.0
156000	0.0
156200	0.0
156400	0.0
156600	0.0
156800	0.0
157000	0.0
157200	0.0
157400	0.0
157600	0.0
157800	0.0
158000	0.0
158200	0.0
158400	0.0
158600	0.0
158800	0.0
159000	0.0
159200	1.0
159400	0.0
159600	0.0
159800	0.0
160000	0.0
160200	0.0
160400	0.0
160600	0.0
160800	0.0
161000	0.0
161200	1.0
161400	0.0
161600	0.0
161800	0.0
162000	0.0
162200	0.0
162400	0.0
162600	0.0
162800	0.0
163000	0.0
163200	0.0
163400	0.0
163600	0.0
163800	0.0
164000	0.0
164200	0.0
164400	0.0
164600	0.0
164800	0.0
165000	0.0
165200	0.0
165400	0.0
165600	0.0
165800	0.0
166000	0.0
166200	0.0
166400	0.0
166600	0.0
166800	0.0
167000	0.0
167200	0.0
167400	1.0
167600	0.0
167800	0.0
168000	0.0
168200	0.0
168400	0.0
168600	0.0
168800	0.0
169000	0.0
169200	0.0
169400	0.0
169600	0.0
169800	0.0
170000	0.0
170200	0.0
170400	0.0
170600	0.0
170800	0.0
171000	0.0
171200	0.0
171400	0.0
171600	0.0
171800	0.0
172000	0.0
172200	0.0
172400	0.0
172600	0.0
172800	0.0
173000	0.0
173200	0.0
173400	0.0
173600	0.0
173800	0.0
174000	0.0
174200	0.0
174400	0.0
174600	1.0
174800	0.0
175000	0.0
175200	0.0
175400	0.0
175600	1.0
175800	0.0
176000	0.0
176200	0.0
176400	0.0
176600	0.0
176800	0.0
177000	1.0
177200	0.0
177400	0.0
177600	0.0
177800	0.0
178000	0.0
178200	0.0
178400	0.0
178600	0.0
178800	0.0
179000	0.0
179200	0.0
179400	0.0
179600	0.0
179800	0.0
180000	0.0
180200	0.0
180400	0.0
180600	0.0
180800	1.0
181000	0.0
181200	0.0
181400	0.0
181600	0.0
181800	0.0
182000	0.0
182200	0.0
182400	0.0
182600	0.0
182800	0.0
183000	1.0
183200	0.0
183400	0.0
183600	0.0
183800	0.0
184000	0.0
184200	1.0
184400	0.0
184600	0.0
184800	0.0
185000	0.0
185200	0.0
185400	0.0
185600	0.0
185800	0.0
186000	0.0
186200	0.0
186400	0.0
186600	0.0
186800	0.0
187000	0.0
187200	0.0
187400	0.0
187600	0.0
187800	0.0
188000	0.0
188200	0.0
188400	1.0
188600	0.0
188800	0.0
189000	0.0
189200	0.0
189400	0.0
189600	0.0
189800	0.0
190000	0.0
190200	0.0
190400	0.0
190600	0.0
190800	0.0
191000	0.0
191200	0.0
191400	0.0
191600	0.0
191800	0.0
192000	0.0
192200	0.0
192400	0.0
192600	0.0
192800	0.0
193000	0.0
193200	0.0
193400	0.0
193600	0.0
193800	0.0
194000	0.0
194200	0.0
194400	0.0
194600	0.0
194800	1.0
195000	0.0
195200	0.0
195400	0.0
195600	0.0
195800	0.0
196000	0.0
196200	0.0
196400	0.0
196600	0.0
196800	0.0
197000	0.0
197200	0.0
197400	0.0
197600	0.0
197800	1.0
198000	0.0
198200	0.0
198400	0.0
198600	0.0
198800	0.0
199000	0.0
199200	0.0
199400	0.0
199600	0.0
199800	0.0
200000	0.0
200200	0.0
200400	0.0
200600	0.0
200800	0.0
201000	0.0
201200	0.0
201400	0.0
201600	0.0
201800	0.0
202000	0.0
202200	0.0
202400	1.0
202600	0.0
202800	0.0
203000	0.0
203200	0.0
203400	0.0
203600	0.0
203800	0.0
204000	0.0
204200	0.0
204400	0.0
204600	1.0
204800	0.0
205000	0.0
205200	0.0
205400	0.0
205600	0.0
205800	0.0
206000	0.0
206200	0.0
206400	0.0
206600	0.0
206800	0.0
207000	0.0
207200	1.0
207400	0.0
207600	0.0
207800	0.0
208000	0.0
208200	0.0
208400	0.0
208600	0.0
208800	0.0
209000	0.0
209200	0.0
209400	0.0
209600	0.0
209800	0.0
210000	1.0
210200	0.0
210400	0.0
210600	0.0
210800	0.0
211000	1.0
211200	0.0
211400	0.0
211600	0.0
211800	1.0
212000	0.0
212200	0.0
212400	0.0
212600	0.0
212800	0.0
213000	0.0
213200	0.0
213400	0.0
213600	0.0
213800	0.0
214000	0.0
214200	0.0
214400	0.0
214600	0.0
214800	0.0
215000	0.0
215200	0.0
215400	0.0
215600	0.0
215800	0.0
216000	0.0
216200	0.0
216400	0.0
216600	0.0
216800	0.0
217000	0.0
217200	0.0
217400	0.0
217600	0.0
217800	0.0
218000	0.0
218200	0.0
218400	0.0
218600	0.0
218800	0.0
219000	0.0
219200	0.0
219400	0.0
219600	0.0
219800	0.0
220000	0.0
220200	0.0
220400	0.0
220600	0.0
220800	0.0
221000	1.0
221200	0.0
221400	0.0
221600	0.0
221800	0.0
222000	0.0
222200	0.0
222400	0.0
222600	0.0
222800	0.0
223000	0.0
223200	1.0
223400	0.0
223600	0.0
223800	0.0
224000	0.0
224200	0.0
224400	0.0
224600	0.0
224800	1.0
225000	0.0
225200	0.0
225400	0.0
225600	0.0
225800	0.0
226000	0.0
226200	0.0
226400	0.0
226600	0.0
226800	0.0
227000	0.0
227200	0.0
227400	0.0
227600	0.0
227800	0.0
228000	0.0
228200	0.0
228400	0.0
228600	0.0
228800	0.0
229000	0.0
229200	0.0
229400	0.0
229600	0.0
229800	0.0
230000	0.0
230200	0.0
230400	0.0
230600	0.0
230800	0.0
231000	0.0
231200	0.0
231400	0.0
231600	0.0
231800	0.0
232000	0.0
232200	0.0
232400	0.0
232600	0.0
232800	0.0
233000	0.0
233200	0.0
233400	1.0
233600	0.0
233800	0.0
234000	0.0
234200	0.0
234400	0.0
234600	0.0
234800	0.0
235000	0.0
235200	0.0
235400	0.0
235600	0.0
235800	0.0
236000	0.0
236200	1.0
236400	0.0
236600	0.0
236800	1.0
237000	0.0
237200	0.0
237400	0.0
237600	0.0
237800	0.0
238000	0.0
238200	0.0
238400	0.0
238600	0.0
238800	0.0
239000	0.0
239200	1.0
239400	0.0
239600	0.0
239800	0.0
240000	0.0
240200	0.0
240400	0.0
240600	0.0
240800	0.0
241000	0.0
241200	0.0
241400	0.0
241600	0.0
241800	0.0
242000	0.0
242200	0.0
242400	0.0
242600	0.0
242800	0.0
243000	1.0
243200	0.0
243400	0.0
243600	1.0
243800	0.0
244000	0.0
244200	0.0
244400	1.0
244600	0.0
244800	0.0
245000	0.0
245200	0.0
245400	0.0
245600	0.0
245800	0.0
246000	0.0
246200	0.0
246400	0.0
246600	0.0
246800	0.0
247000	0.0
247200	0.0
247400	1.0
247600	0.0
247800	0.0
248000	0.0
248200	0.0
248400	0.0
248600	1.0
248800	0.0
249000	0.0
249200	0.0
249400	0.0
249600	0.0
249800	0.0
250000	0.0
250200	0.0
250400	0.0
250600	0.0
250800	0.0
251000	0.0
251200	0.0
251400	0.0
251600	0.0
251800	0.0
252000	0.0
252200	1.0
252400	0.0
252600	0.0
252800	0.0
253000	0.0
253200	0.0
253400	0.0
253600	0.0
253800	0.0
254000	1.0
254200	0.0
254400	0.0
254600	0.0
254800	0.0
255000	0.0
255200	0.0
255400	0.0
255600	0.0
255800	0.0
256000	0.0
256200	0.0
256400	1.0
256600	0.0
256800	0.0
257000	0.0
257200	0.0
257400	0.0
257600	0.0
257800	0.0
258000	0.0
258200	0.0
258400	0.0
258600	1.0
258800	0.0
259000	0.0
259200	0.0
259400	0.0
259600	0.0
259800	0.0
260000	0.0
260200	0.0
260400	0.0
260600	0.0
260800	0.0
261000	0.0
261200	0.0
261400	0.0
261600	0.0
261800	0.0
262000	0.0
262200	0.0
262400	0.0
262600	0.0
262800	0.0
263000	0.0
263200	1.0
263400	0.0
263600	0.0
263800	0.0
264000	0.0
264200	0.0
264400	0.0
264600	0.0
264800	0.0
265000	0.0
265200	0.0
265400	0.0
265600	0.0
265800	0.0
266000	0.0
266200	0.0
266400	0.0
266600	0.0
266800	1.0
267000	0.0
267200	0.0
267400	0.0
267600	1.0
267800	0.0
268000	1.0
268200	0.0
268400	0.0
268600	0.0
268800	0.0
269000	0.0
269200	0.0
269400	0.0
269600	0.0
269800	0.0
270000	0.0
270200	1.0
270400	0.0
270600	0.0
270800	0.0
271000	0.0
271200	0.0
271400	0.0
271600	0.0
271800	0.0
272000	0.0
272200	0.0
272400	0.0
272600	0.0
272800	0.0
273000	0.0
273200	0.0
273400	0.0
273600	1.0
273800	0.0
274000	0.0
274200	0.0
274400	0.0
274600	0.0
274800	0.0
275000	0.0
275200	0.0
275400	0.0
275600	0.0
275800	0.0
276000	0.0
276200	0.0
276400	1.0
276600	0.0
276800	0.0
277000	0.0
277200	0.0
277400	0.0
277600	0.0
277800	0.0
278000	0.0
278200	0.0
278400	0.0
278600	0.0
278800	0.0
279000	1.0
279200	0.0
279400	0.0
279600	0.0
279800	0.0
280000	0.0
280200	0.0
280400	0.0
280600	0.0
280800	0.0
281000	0.0
281200	0.0
281400	0.0
281600	0.0
281800	1.0
282000	0.0
282200	0.0
282400	0.0
282600	0.0
282800	0.0
283000	0.0
283200	0.0
283400	0.0
283600	1.0
283800	0.0
284000	0.0
284200	0.0
284400	0.0
284600	0.0
284800	0.0
285000	0.0
285200	0.0
285400	0.0
285600	0.0
285800	0.0
286000	1.0
286200	0.0
286400	0.0
286600	0.0
286800	0.0
287000	0.0
287200	0.0
287400	0.0
287600	0.0
287800	1.0
288000	0.0
288200	0.0
288400	0.0
288600	0.0
288800	0.0
289000	0.0
289200	0.0
289400	0.0
289600	0.0
289800	1.0
290000	0.0
290200	0.0
290400	0.0
290600	0.0
290800	0.0
291000	0.0
291200	0.0
291400	0.0
291600	0.0
291800	0.0
292000	0.0
292200	0.0
292400	0.0
292600	0.0
292800	0.0
293000	0.0
293200	0.0
293400	0.0
293600	0.0
293800	0.0
294000	0.0
294200	0.0
294400	0.0
294600	1.0
294800	0.0
295000	0.0
295200	0.0
295400	0.0
295600	0.0
295800	0.0
296000	0.0
296200	0.0
296400	0.0
296600	0.0
296800	1.0
297000	0.0
297200	0.0
297400	0.0
297600	0.0
297800	0.0
298000	0.0
298200	0.0
298400	0.0
298600	0.0
298800	0.0
299000	0.0
299200	0.0
299400	0.0
299600	0.0
299800	0.0
300000	0.0
300200	0.0
300400	0.0
300600	0.0
300800	0.0
301000	0.0
301200	0.0
301400	0.0
301600	0.0
301800	0.0
302000	0.0
302200	0.0
302400	0.0
302600	0.0
302800	1.0
303000	0.0
303200	0.0
303400	0.0
303600	0.0
303800	0.0
304000	0.0
304200	0.0
304400	0.0
304600	0.0
304800	1.0
305000	0.0
305200	0.0
305400	0.0
305600	0.0
305800	0.0
306000	0.0
306200	0.0
306400	0.0
306600	0.0
306800	0.0
307000	0.0
307200	0.0
307400	0.0
307600	1.0
307800	0.0
308000	0.0
308200	0.0
308400	0.0
308600	0.0
308800	0.0
309000	0.0
309200	0.0
309400	0.0
309600	0.0
309800	0.0
310000	0.0
310200	0.0
310400	0.0
310600	0.0
310800	0.0
311000	0.0
311200	0.0
311400	1.0
311600	0.0
311800	0.0
312000	0.0
312200	0.0
312400	0.0
312600	1.0
312800	0.0
313000	0.0
313200	0.0
313400	1.0
313600	1.0
313800	0.0
314000	0.0
314200	0.0
314400	1.0
314600	0.0
314800	1.0
315000	0.0
315200	0.0
315400	1.0
315600	2.0
315800	1.0
316000	0.0
316200	0.0
316400	0.0
316600	0.0
316800	0.0
317000	0.0
317200	0.0
317400	0.0
317600	0.0
317800	0.0
318000	0.0
318200	0.0
318400	1.0
318600	0.0
318800	0.0
319000	0.0
319200	0.0
319400	0.0
319600	0.0
319800	0.0
320000	0.0
320200	0.0
320400	0.0
320600	0.0
320800	0.0
321000	1.0
321200	0.0
321400	0.0
321600	0.0
321800	0.0
322000	0.0
322200	1.0
322400	0.0
322600	0.0
322800	0.0
323000	0.0
323200	0.0
323400	0.0
323600	0.0
323800	0.0
324000	0.0
324200	0.0
324400	0.0
324600	1.0
324800	0.0
325000	0.0
325200	0.0
325400	0.0
325600	0.0
325800	0.0
326000	0.0
326200	0.0
326400	0.0
326600	0.0
326800	0.0
327000	0.0
327200	0.0
327400	0.0
327600	0.0
327800	0.0
328000	0.0
328200	0.0
328400	0.0
328600	0.0
328800	0.0
329000	0.0
329200	1.0
329400	0.0
329600	0.0
329800	0.0
330000	0.0
330200	0.0
330400	0.0
330600	0.0
330800	0.0
331000	0.0
331200	0.0
331400	0.0
331600	0.0
331800	0.0
332000	0.0
332200	0.0
332400	0.0
332600	0.0
332800	0.0
333000	0.0
333200	0.0
333400	0.0
333600	0.0
333800	0.0
334000	0.0
334200	0.0
334400	0.0
334600	0.0
334800	0.0
335000	0.0
335200	0.0
335400	0.0
335600	0.0
335800	0.0
336000	0.0
336200	0.0
336400	0.0
336600	0.0
336800	0.0
337000	0.0
337200	1.0
337400	0.0
337600	0.0
337800	0.0
338000	0.0
338200	0.0
338400	0.0
338600	0.0
338800	0.0
339000	0.0
339200	0.0
339400	0.0
339600	0.0
339800	0.0
340000	0.0
340200	1.0
340400	0.0
340600	0.0
340800	0.0
341000	0.0
341200	0.0
341400	1.0
341600	0.0
341800	0.0
342000	0.0
342200	0.0
342400	0.0
342600	0.0
342800	0.0
343000	0.0
343200	0.0
343400	1.0
343600	0.0
343800	0.0
344000	0.0
344200	0.0
344400	0.0
344600	0.0
344800	0.0
345000	0.0
345200	0.0
345400	0.0
345600	0.0
345800	0.0
346000	0.0
346200	0.0
346400	0.0
346600	0.0
346800	0.0
347000	0.0
347200	1.0
347400	0.0
347600	0.0
347800	0.0
348000	1.0
348200	0.0
348400	0.0
348600	0.0
348800	0.0
349000	1.0
349200	0.0
349400	0.0
349600	0.0
349800	0.0
350000	0.0
350200	0.0
350400	0.0
350600	0.0
350800	0.0
351000	0.0
351200	0.0
351400	0.0
351600	0.0
351800	0.0
352000	0.0
352200	0.0
352400	0.0
352600	0.0
352800	0.0
353000	0.0
353200	0.0
353400	0.0
353600	0.0
353800	0.0
354000	0.0
354200	1.0
354400	0.0
354600	1.0
354800	0.0
355000	0.0
355200	0.0
355400	0.0
355600	0.0
355800	1.0
356000	0.0
356200	0.0
356400	0.0
356600	0.0
356800	0.0
357000	0.0
357200	1.0
357400	0.0
357600	0.0
357800	0.0
358000	0.0
358200	0.0
358400	0.0
358600	0.0
358800	0.0
359000	0.0
359200	0.0
359400	1.0
359600	0.0
359800	0.0
360000	0.0
360200	0.0
360400	0.0
360600	1.0
360800	0.0
361000	0.0
361200	0.0
361400	0.0
361600	0.0
361800	0.0
362000	0.0
362200	1.0
362400	1.0
362600	0.0
362800	0.0
363000	0.0
363200	0.0
363400	0.0
363600	0.0
363800	0.0
364000	0.0
364200	0.0
364400	0.0
364600	0.0
364800	0.0
365000	1.0
365200	0.0
365400	0.0
365600	0.0
365800	0.0
366000	0.0
366200	0.0
366400	1.0
366600	0.0
366800	0.0
367000	0.0
367200	0.0
367400	0.0
367600	0.0
367800	0.0
368000	0.0
368200	0.0
368400	0.0
368600	0.0
368800	0.0
369000	0.0
369200	0.0
369400	0.0
369600	0.0
369800	0.0
370000	0.0
370200	0.0
370400	0.0
370600	0.0
370800	0.0
371000	0.0
371200	0.0
371400	0.0
371600	0.0
371800	0.0
372000	0.0
372200	0.0
372400	0.0
372600	0.0
372800	0.0
373000	0.0
373200	0.0
373400	0.0
373600	0.0
373800	0.0
374000	0.0
374200	0.0
374400	0.0
374600	0.0
374800	0.0
375000	0.0
375200	0.0
375400	0.0
375600	0.0
375800	0.0
376000	0.0
376200	0.0
376400	0.0
376600	0.0
376800	0.0
377000	0.0
377200	0.0
377400	0.0
377600	0.0
377800	0.0
378000	0.0
378200	0.0
378400	0.0
378600	0.0
378800	1.0
379000	0.0
379200	0.0
379400	1.0
379600	0.0
379800	0.0
380000	0.0
380200	0.0
380400	0.0
380600	0.0
380800	0.0
381000	1.0
381200	0.0
381400	0.0
381600	0.0
381800	0.0
382000	1.0
382200	0.0
382400	1.0
382600	0.0
382800	0.0
383000	1.0
383200	0.0
383400	0.0
383600	0.0
383800	1.0
384000	0.0
384200	0.0
384400	0.0
384600	0.0
384800	0.0
385000	1.0
385200	1.0
385400	1.0
385600	0.0
385800	0.0
386000	0.0
386200	0.0
386400	0.0
386600	0.0
386800	0.0
387000	1.0
387200	0.0
387400	0.0
387600	1.0
387800	0.0
388000	0.0
388200	0.0
388400	0.0
388600	0.0
388800	1.0
389000	0.0
389200	1.0
389400	0.0
389600	1.0
389800	0.0
390000	1.0
390200	1.0
390400	1.0
390600	1.0
390800	0.0
391000	0.0
391200	1.0
391400	0.0
391600	0.0
391800	1.0
392000	0.0
392200	0.0
392400	1.0
392600	0.0
392800	0.0
393000	1.0
393200	0.0
393400	0.0
393600	0.0
393800	0.0
394000	0.0
394200	0.0
394400	1.0
394600	1.0
394800	0.0
395000	1.0
395200	1.0
395400	0.0
395600	0.0
395800	1.0
396000	0.0
396200	1.0
396400	0.0
396600	0.0
396800	0.0
397000	0.0
397200	0.0
397400	0.0
397600	0.0
397800	0.0
398000	0.0
398200	0.0
398400	0.0
398600	0.0
398800	0.0
399000	0.0
399200	0.0
399400	0.0
399600	0.0
399800	0.0
400000	0.0
400200	1.0
400400	0.0
400600	0.0
400800	1.0
401000	0.0
401200	1.0
401400	1.0
401600	0.0
401800	0.0
402000	0.0
402200	1.0
402400	0.0
402600	0.0
402800	0.0
403000	0.0
403200	0.0
403400	0.0
403600	1.0
403800	0.0
404000	0.0
404200	0.0
404400	0.0
404600	0.0
404800	0.0
405000	1.0
405200	1.0
405400	1.0
405600	0.0
405800	0.0
406000	0.0
406200	0.0
406400	1.0
406600	1.0
406800	0.0
407000	0.0
407200	1.0
407400	0.0
407600	0.0
407800	0.0
408000	1.0
408200	0.0
408400	0.0
408600	0.0
408800	0.0
409000	0.0
409200	1.0
409400	0.0
409600	0.0
409800	1.0
410000	0.0
410200	1.0
410400	0.0
410600	0.0
410800	0.0
411000	2.0
411200	0.0
411400	0.0
411600	0.0
411800	0.0
412000	1.0
412200	0.0
412400	0.0
412600	0.0
412800	0.0
413000	0.0
413200	0.0
413400	0.0
413600	0.0
413800	1.0
414000	1.0
414200	1.0
414400	0.0
414600	0.0
414800	0.0
415000	1.0
415200	0.0
415400	0.0
415600	0.0
415800	0.0
416000	0.0
416200	1.0
416400	1.0
416600	1.0
416800	0.0
417000	0.0
417200	0.0
417400	0.0
417600	0.0
417800	0.0
418000	0.0
418200	0.0
418400	0.0
418600	1.0
418800	0.0
419000	1.0
419200	1.0
419400	0.0
419600	1.0
419800	0.0
420000	1.0
420200	0.0
420400	1.0
420600	1.0
420800	0.0
421000	1.0
421200	0.0
421400	1.0
421600	1.0
421800	1.0
422000	0.0
422200	0.0
422400	0.0
422600	1.0
422800	0.0
423000	0.0
423200	0.0
423400	1.0
423600	0.0
423800	0.0
424000	0.0
424200	2.0
424400	0.0
424600	0.0
424800	0.0
425000	0.0
425200	1.0
425400	0.0
425600	1.0
425800	1.0
426000	0.0
426200	0.0
426400	0.0
426600	0.0
426800	0.0
427000	2.0
427200	0.0
427400	0.0
427600	0.0
427800	0.0
428000	0.0
428200	0.0
428400	0.0
428600	0.0
428800	0.0
429000	0.0
429200	1.0
429400	1.0
429600	0.0
429800	0.0
430000	1.0
430200	0.0
430400	0.0
430600	0.0
430800	0.0
431000	1.0
431200	0.0
431400	0.0
431600	0.0
431800	0.0
432000	0.0
432200	0.0
432400	1.0
432600	0.0
432800	0.0
433000	0.0
433200	0.0
433400	0.0
433600	0.0
433800	1.0
434000	1.0
434200	0.0
434400	0.0
434600	0.0
434800	0.0
435000	1.0
435200	0.0
435400	0.0
435600	0.0
435800	0.0
436000	0.0
436200	1.0
436400	0.0
436600	0.0
436800	0.0
437000	1.0
437200	0.0
437400	0.0
437600	0.0
437800	0.0
438000	0.0
438200	0.0
438400	0.0
438600	0.0
438800	0.0
439000	0.0
439200	0.0
439400	0.0
439600	0.0
439800	0.0
440000	0.0
440200	0.0
440400	0.0
440600	0.0
440800	0.0
441000	1.0
441200	0.0
441400	0.0
441600	0.0
441800	0.0
442000	0.0
442200	0.0
442400	0.0
442600	0.0
442800	0.0
443000	0.0
443200	0.0
443400	0.0
443600	0.0
443800	0.0
444000	0.0
444200	0.0
444400	0.0
444600	0.0
444800	0.0
445000	0.0
445200	0.0
445400	0.0
445600	0.0
445800	1.0
446000	0.0
446200	0.0
446400	0.0
446600	0.0
446800	1.0
447000	0.0
447200	0.0
447400	0.0
447600	0.0
447800	0.0
448000	0.0
448200	0.0
448400	0.0
448600	0.0
448800	0.0
449000	0.0
449200	0.0
449400	0.0
449600	0.0
449800	0.0
450000	0.0
450200	0.0
450400	0.0
450600	0.0
450800	0.0
451000	0.0
451200	0.0
451400	0.0
451600	0.0
451800	0.0
452000	0.0
452200	0.0
452400	0.0
452600	0.0
452800	0.0
453000	0.0
453200	0.0
453400	0.0
453600	0.0
453800	0.0
454000	0.0
454200	0.0
454400	0.0
454600	0.0
454800	0.0
455000	0.0
455200	0.0
455400	0.0
455600	1.0
455800	0.0
456000	0.0
456200	0.0
456400	1.0
456600	0.0
456800	0.0
457000	0.0
457200	0.0
457400	1.0
457600	0.0
457800	0.0
458000	0.0
458200	0.0
458400	0.0
458600	0.0
458800	0.0
459000	0.0
459200	0.0
459400	0.0
459600	0.0
459800	0.0
460000	0.0
460200	0.0
460400	1.0
460600	0.0
460800	0.0
461000	0.0
461200	0.0
461400	0.0
461600	0.0
461800	0.0
462000	0.0
462200	0.0
462400	0.0
462600	0.0
462800	0.0
463000	0.0
463200	0.0
463400	0.0
463600	0.0
463800	0.0
464000	0.0
464200	0.0
464400	0.0
464600	0.0
464800	0.0
465000	0.0
465200	0.0
465400	0.0
465600	0.0
465800	0.0
466000	0.0
466200	0.0
466400	0.0
466600	0.0
466800	0.0
467000	0.0
467200	0.0
467400	1.0
467600	0.0
467800	0.0
468000	0.0
468200	0.0
468400	1.0
468600	0.0
468800	0.0
469000	0.0
469200	0.0
469400	0.0
469600	0.0
469800	0.0
470000	0.0
470200	0.0
470400	0.0
470600	0.0
470800	0.0
471000	0.0
471200	0.0
471400	0.0
471600	0.0
471800	0.0
472000	0.0
472200	0.0
472400	0.0
472600	0.0
472800	0.0
473000	0.0
473200	0.0
473400	0.0
473600	0.0
473800	0.0
474000	0.0
474200	0.0
474400	0.0
474600	0.0
474800	0.0
475000	0.0
475200	0.0
475400	0.0
475600	0.0
475800	0.0
476000	0.0
476200	0.0
476400	0.0
476600	0.0
476800	0.0
477000	1.0
477200	0.0
477400	1.0
477600	0.0
477800	0.0
478000	0.0
478200	0.0
478400	0.0
478600	0.0
478800	0.0
479000	0.0
479200	0.0
479400	0.0
479600	0.0
479800	0.0
480000	0.0
480200	0.0
480400	0.0
480600	0.0
480800	0.0
481000	0.0
481200	0.0
481400	0.0
481600	0.0
481800	0.0
482000	0.0
482200	1.0
482400	0.0
482600	0.0
482800	0.0
483000	0.0
483200	0.0
483400	0.0
483600	0.0
483800	0.0
484000	1.0
484200	0.0
484400	0.0
484600	0.0
484800	0.0
485000	0.0
485200	0.0
485400	0.0
485600	0.0
485800	0.0
486000	1.0
486200	0.0
486400	0.0
486600	0.0
486800	0.0
487000	0.0
487200	0.0
487400	0.0
487600	0.0
487800	0.0
488000	0.0
488200	0.0
488400	0.0
488600	0.0
488800	0.0
489000	0.0
489200	0.0
489400	0.0
489600	0.0
489800	0.0
490000	0.0
490200	0.0
490400	0.0
490600	0.0
490800	0.0
491000	0.0
491200	0.0
491400	0.0
491600	0.0
491800	0.0
492000	0.0
492200	0.0
492400	0.0
492600	0.0
492800	0.0
493000	0.0
493200	0.0
493400	0.0
493600	0.0
493800	0.0
494000	0.0
494200	0.0
494400	0.0
494600	1.0
494800	0.0
495000	1.0
495200	0.0
495400	0.0
495600	1.0
495800	1.0
496000	1.0
496200	1.0
496400	0.0
496600	2.0
496800	1.0
497000	1.0
497200	1.0
497400	1.0
497600	0.0
497800	0.0
498000	1.0
498200	0.0
498400	1.0
498600	0.0
498800	2.0
499000	2.0
499200	2.0
499400	2.0
499600	1.0
499800	0.0
500000	0.0
500200	2.0
500400	0.0
500600	0.0
500800	0.0
501000	1.0
501200	3.0
501400	1.0
501600	0.0
501800	1.0
502000	1.0
502200	1.0
502400	0.0
502600	0.0
502800	0.0
503000	0.0
503200	0.0
503400	0.0
503600	0.0
503800	0.0
504000	0.0
504200	0.0
504400	0.0
504600	0.0
504800	0.0
505000	0.0
505200	0.0
505400	0.0
505600	0.0
505800	0.0
506000	0.0
506200	0.0
506400	0.0
506600	0.0
506800	0.0
507000	0.0
507200	0.0
507400	0.0
507600	0.0
507800	0.0
508000	0.0
508200	0.0
508400	0.0
508600	0.0
508800	0.0
509000	0.0
509200	0.0
509400	0.0
509600	0.0
509800	0.0
510000	0.0
510200	0.0
510400	0.0
510600	0.0
510800	0.0
511000	0.0
511200	0.0
511400	0.0
511600	0.0
511800	0.0
512000	0.0
512200	0.0
512400	0.0
512600	0.0
512800	0.0
513000	0.0
513200	0.0
513400	0.0
513600	0.0
513800	0.0
514000	0.0
514200	0.0
514400	0.0
514600	0.0
514800	0.0
515000	0.0
515200	0.0
515400	0.0
515600	0.0
515800	0.0
516000	0.0
516200	0.0
516400	0.0
516600	0.0
516800	0.0
517000	0.0
517200	1.0
517400	0.0
517600	0.0
517800	0.0
518000	0.0
518200	0.0
518400	0.0
518600	0.0
518800	0.0
519000	0.0
519200	0.0
519400	0.0
519600	0.0
519800	0.0
520000	0.0
520200	0.0
520400	0.0
520600	0.0
520800	0.0
521000	0.0
521200	0.0
521400	0.0
521600	0.0
521800	0.0
522000	0.0
522200	0.0
522400	0.0
522600	0.0
522800	0.0
523000	0.0
523200	0.0
523400	0.0
523600	0.0
523800	0.0
524000	0.0
524200	0.0
524400	0.0
524600	0.0
524800	0.0
525000	0.0
525200	0.0
525400	0.0
525600	0.0
525800	0.0
526000	0.0
526200	0.0
526400	0.0
526600	0.0
526800	0.0
527000	0.0
527200	0.0
527400	0.0
527600	0.0
527800	0.0
528000	0.0
528200	0.0
528400	0.0
528600	0.0
528800	0.0
529000	0.0
529200	0.0
529400	0.0
529600	0.0
529800	0.0
530000	0.0
530200	0.0
530400	0.0
530600	0.0
530800	0.0
531000	0.0
531200	0.0
531400	0.0
531600	0.0
531800	0.0
532000	0.0
532200	0.0
532400	0.0
532600	0.0
532800	0.0
533000	0.0
533200	0.0
533400	0.0
533600	0.0
533800	0.0
534000	0.0
534200	0.0
534400	0.0
534600	0.0
534800	0.0
535000	0.0
535200	0.0
535400	0.0
535600	0.0
535800	0.0
536000	0.0
536200	0.0
536400	0.0
536600	0.0
536800	0.0
537000	0.0
537200	0.0
537400	0.0
537600	0.0
537800	0.0
538000	0.0
538200	0.0
538400	0.0
538600	0.0
538800	0.0
539000	0.0
539200	0.0
539400	0.0
539600	0.0
539800	0.0
540000	0.0
540200	0.0
540400	0.0
540600	0.0
540800	0.0
541000	0.0
541200	0.0
541400	0.0
541600	0.0
541800	0.0
542000	0.0
542200	0.0
542400	0.0
542600	0.0
542800	0.0
543000	0.0
543200	0.0
543400	0.0
543600	0.0
543800	0.0
544000	0.0
544200	0.0
544400	0.0
544600	0.0
544800	0.0
545000	0.0
545200	0.0
545400	0.0
545600	0.0
545800	0.0
546000	0.0
546200	0.0
546400	0.0
546600	0.0
546800	0.0
547000	0.0
547200	0.0
547400	0.0
547600	0.0
547800	0.0
548000	0.0
548200	0.0
548400	0.0
548600	0.0
548800	0.0
549000	0.0
549200	0.0
549400	0.0
549600	0.0
549800	0.0
550000	0.0
550200	0.0
550400	0.0
550600	0.0
550800	0.0
551000	0.0
551200	0.0
551400	0.0
551600	0.0
551800	0.0
552000	0.0
552200	0.0
552400	0.0
552600	0.0
552800	0.0
553000	1.0
553200	0.0
553400	0.0
553600	0.0
553800	0.0
554000	0.0
554200	0.0
554400	0.0
554600	0.0
554800	1.0
555000	0.0
555200	0.0
555400	1.0
555600	0.0
555800	0.0
556000	0.0
556200	0.0
556400	0.0
556600	0.0
556800	0.0
557000	0.0
557200	0.0
557400	0.0
557600	0.0
557800	0.0
558000	0.0
558200	0.0
558400	0.0
558600	0.0
558800	0.0
559000	1.0
559200	0.0
559400	0.0
559600	0.0
559800	0.0
560000	0.0
560200	0.0
560400	0.0
560600	0.0
560800	0.0
561000	0.0
561200	0.0
561400	0.0
561600	0.0
561800	0.0
562000	0.0
562200	0.0
562400	0.0
562600	0.0
562800	0.0
563000	0.0
563200	0.0
563400	0.0
563600	0.0
563800	0.0
564000	0.0
564200	0.0
564400	0.0
564600	0.0
564800	0.0
565000	0.0
565200	0.0
565400	0.0
565600	0.0
565800	0.0
566000	0.0
566200	0.0
566400	0.0
566600	0.0
566800	0.0
567000	1.0
567200	1.0
567400	0.0
567600	0.0
567800	0.0
568000	0.0
568200	0.0
568400	0.0
568600	0.0
568800	0.0
569000	0.0
569200	0.0
569400	0.0
569600	0.0
569800	0.0
570000	0.0
570200	0.0
570400	0.0
570600	0.0
570800	0.0
571000	0.0
571200	0.0
571400	0.0
571600	0.0
571800	0.0
572000	0.0
572200	0.0
572400	0.0
572600	0.0
572800	0.0
573000	0.0
573200	0.0
573400	0.0
573600	0.0
573800	0.0
574000	0.0
574200	0.0
574400	0.0
574600	0.0
574800	0.0
575000	0.0
575200	0.0
575400	0.0
575600	0.0
575800	0.0
576000	0.0
576200	0.0
576400	0.0
576600	0.0
576800	1.0
577000	0.0
577200	0.0
577400	0.0
577600	0.0
577800	0.0
578000	0.0
578200	0.0
578400	0.0
578600	0.0
578800	0.0
579000	0.0
579200	0.0
579400	0.0
579600	0.0
579800	0.0
580000	0.0
580200	0.0
580400	0.0
580600	0.0
580800	0.0
581000	0.0
581200	0.0
581400	0.0
581600	0.0
581800	0.0
582000	0.0
582200	0.0
582400	0.0
582600	0.0
582800	0.0
583000	0.0
583200	0.0
583400	0.0
583600	0.0
583800	0.0
584000	0.0
584200	1.0
584400	0.0
584600	0.0
584800	0.0
585000	0.0
585200	0.0
585400	0.0
585600	0.0
585800	0.0
586000	0.0
586200	0.0
586400	0.0
586600	0.0
586800	0.0
587000	0.0
587200	0.0
587400	0.0
587600	0.0
587800	0.0
588000	0.0
588200	0.0
588400	0.0
588600	0.0
588800	0.0
589000	1.0
589200	0.0
589400	0.0
589600	0.0
589800	0.0
590000	0.0
590200	0.0
590400	0.0
590600	0.0
590800	0.0
591000	0.0
591200	0.0
591400	0.0
591600	0.0
591800	0.0
592000	0.0
592200	0.0
592400	0.0
592600	1.0
592800	1.0
593000	0.0
593200	0.0
593400	0.0
593600	0.0
593800	1.0
594000	0.0
594200	0.0
594400	0.0
594600	0.0
594800	0.0
595000	0.0
595200	0.0
595400	0.0
595600	1.0
595800	1.0
596000	0.0
596200	0.0
596400	0.0
596600	0.0
596800	0.0
597000	0.0
597200	0.0
597400	0.0
597600	0.0
597800	0.0
598000	0.0
598200	0.0
598400	1.0
598600	0.0
598800	0.0
599000	0.0
599200	0.0
599400	0.0
599600	0.0
599800	0.0
600000	0.0
600200	0.0
600400	0.0
600600	0.0
600800	0.0
601000	0.0
601200	0.0
601400	0.0
601600	0.0
601800	0.0
602000	0.0
602200	0.0
602400	0.0
602600	0.0
602800	0.0
603000	0.0
603200	0.0
603400	0.0
603600	0.0
603800	0.0
604000	0.0
604200	0.0
604400	0.0
604600	0.0
604800	0.0
605000	0.0
605200	0.0
605400	0.0
605600	0.0
605800	0.0
606000	0.0
606200	0.0
606400	0.0
606600	0.0
606800	0.0
607000	0.0
607200	0.0
607400	0.0
607600	1.0
607800	0.0
608000	0.0
608200	0.0
608400	0.0
608600	0.0
608800	0.0
609000	0.0
609200	0.0
609400	0.0
609600	0.0
609800	0.0
610000	0.0
610200	0.0
610400	0.0
610600	0.0
610800	0.0
611000	0.0
611200	0.0
611400	0.0
611600	0.0
611800	0.0
612000	0.0
612200	0.0
612400	0.0
612600	0.0
612800	0.0
613000	0.0
613200	0.0
613400	0.0
613600	0.0
613800	0.0
614000	0.0
614200	0.0
614400	0.0
614600	0.0
614800	0.0
615000	0.0
615200	0.0
615400	0.0
615600	0.0
615800	0.0
616000	0.0
616200	0.0
616400	0.0
616600	0.0
616800	0.0
617000	0.0
617200	0.0
617400	0.0
617600	0.0
617800	0.0
618000	0.0
618200	0.0
618400	0.0
618600	0.0
618800	0.0
619000	0.0
619200	0.0
619400	0.0
619600	0.0
619800	0.0
620000	0.0
620200	0.0
620400	0.0
620600	0.0
620800	0.0
621000	0.0
621200	0.0
621400	0.0
621600	0.0
621800	0.0
622000	0.0
622200	0.0
622400	0.0
622600	0.0
622800	0.0
623000	0.0
623200	0.0
623400	0.0
623600	0.0
623800	0.0
624000	0.0
624200	0.0
624400	0.0
624600	0.0
624800	0.0
625000	1.0
625200	0.0
625400	0.0
625600	0.0
625800	0.0
626000	0.0
626200	0.0
626400	0.0
626600	0.0
626800	0.0
627000	0.0
627200	0.0
627400	0.0
627600	0.0
627800	1.0
628000	0.0
628200	0.0
628400	1.0
628600	0.0
628800	0.0
629000	1.0
629200	0.0
629400	0.0
629600	0.0
629800	0.0
630000	0.0
630200	0.0
630400	0.0
630600	0.0
630800	0.0
631000	0.0
631200	0.0
631400	0.0
631600	0.0
631800	0.0
632000	0.0
632200	0.0
632400	0.0
632600	0.0
632800	0.0
633000	0.0
633200	0.0
633400	0.0
633600	0.0
633800	0.0
634000	1.0
634200	0.0
634400	0.0
634600	0.0
634800	0.0
635000	0.0
635200	0.0
635400	0.0
635600	0.0
635800	0.0
636000	0.0
636200	0.0
636400	0.0
636600	0.0
636800	0.0
637000	0.0
637200	0.0
637400	0.0
637600	0.0
637800	0.0
638000	0.0
638200	0.0
638400	0.0
638600	0.0
638800	0.0
639000	0.0
639200	0.0
639400	0.0
639600	0.0
639800	0.0
640000	0.0
640200	0.0
640400	0.0
640600	0.0
640800	0.0
641000	0.0
641200	0.0
641400	0.0
641600	0.0
641800	0.0
642000	0.0
642200	0.0
642400	0.0
642600	0.0
642800	0.0
643000	0.0
643200	0.0
643400	0.0
643600	0.0
643800	0.0
644000	0.0
644200	0.0
644400	0.0
644600	0.0
644800	0.0
645000	0.0
645200	0.0
645400	0.0
645600	0.0
645800	0.0
646000	0.0
646200	0.0
646400	0.0
646600	0.0
646800	0.0
647000	0.0
647200	0.0
647400	0.0
647600	0.0
647800	0.0
648000	0.0
648200	0.0
648400	0.0
648600	0.0
648800	0.0
649000	0.0
649200	0.0
649400	0.0
649600	0.0
649800	0.0
650000	0.0
650200	0.0
650400	0.0
650600	0.0
650800	0.0
651000	0.0
651200	0.0
651400	0.0
651600	0.0
651800	0.0
652000	0.0
652200	0.0
652400	0.0
652600	0.0
652800	0.0
653000	0.0
653200	0.0
653400	0.0
653600	0.0
653800	0.0
654000	0.0
654200	1.0
654400	1.0
654600	0.0
654800	0.0
655000	1.0
655200	0.0
655400	0.0
655600	0.0
655800	0.0
656000	0.0
656200	0.0
656400	0.0
656600	0.0
656800	0.0
657000	0.0
657200	0.0
657400	0.0
657600	0.0
657800	0.0
658000	0.0
658200	0.0
658400	0.0
658600	0.0
658800	0.0
659000	0.0
659200	0.0
659400	0.0
659600	0.0
659800	0.0
660000	1.0
660200	0.0
660400	1.0
660600	1.0
660800	1.0
661000	0.0
661200	0.0
661400	1.0
661600	0.0
661800	0.0
662000	0.0
662200	0.0
662400	0.0
662600	0.0
662800	0.0
663000	0.0
663200	0.0
663400	0.0
663600	0.0
663800	0.0
664000	0.0
664200	0.0
664400	0.0
664600	0.0
664800	0.0
665000	0.0
665200	0.0
665400	0.0
665600	0.0
665800	0.0
666000	0.0
666200	0.0
666400	0.0
666600	0.0
666800	0.0
667000	0.0
667200	0.0
667400	0.0
667600	0.0
667800	0.0
668000	0.0
668200	0.0
668400	0.0
668600	0.0
668800	0.0
669000	0.0
669200	0.0
669400	0.0
669600	0.0
669800	0.0
670000	0.0
670200	0.0
670400	0.0
670600	0.0
670800	0.0
671000	0.0
671200	0.0
671400	4.0
671600	0.0
671800	0.0
672000	0.0
672200	0.0
672400	0.0
672600	0.0
672800	0.0
673000	0.0
673200	0.0
673400	0.0
673600	0.0
673800	0.0
674000	0.0
674200	0.0
674400	0.0
674600	0.0
674800	0.0
675000	0.0
675200	0.0
675400	0.0
675600	0.0
675800	0.0
676000	0.0
676200	0.0
676400	0.0
676600	4.0
676800	4.0
677000	3.0
677200	1.0
677400	0.0
677600	0.0
677800	0.0
678000	0.0
678200	0.0
678400	0.0
678600	0.0
678800	0.0
679000	0.0
679200	0.0
679400	0.0
679600	0.0
679800	0.0
680000	0.0
680200	0.0
680400	0.0
680600	0.0
680800	0.0
681000	3.0
681200	3.0
681400	3.0
681600	5.0
681800	3.0
682000	4.0
682200	4.0
682400	6.0
682600	5.0
682800	0.0
683000	2.0
683200	5.0
683400	4.0
683600	4.0
683800	4.0
684000	4.0
684200	2.0
684400	5.0
684600	5.0
684800	0.0
685000	0.0
685200	2.0
685400	5.0
685600	3.0
685800	5.0
686000	2.0
686200	3.0
686400	4.0
686600	2.0
686800	4.0
687000	4.0
687200	6.0
687400	3.0
687600	5.0
687800	3.0
688000	1.0
688200	4.0
688400	2.0
688600	4.0
688800	0.0
689000	2.0
689200	5.0
689400	3.0
689600	3.0
689800	6.0
690000	4.0
690200	1.0
690400	4.0
690600	3.0
690800	5.0
691000	3.0
691200	4.0
691400	3.0
691600	4.0
691800	3.0
692000	3.0
692200	6.0
692400	6.0
692600	6.0
692800	4.0
693000	5.0
693200	4.0
693400	5.0
693600	5.0
693800	4.0
694000	4.0
694200	4.0
694400	6.0
694600	5.0
694800	4.0
695000	4.0
695200	5.0
695400	5.0
695600	3.0
695800	5.0
696000	5.0
696200	4.0
696400	6.0
696600	2.0
696800	6.0
697000	4.0
697200	5.0
697400	4.0
697600	3.0
697800	4.0
698000	0.0
698200	5.0
698400	5.0
698600	3.0
698800	5.0
699000	4.0
699200	4.0
699400	5.0
699600	5.0
699800	3.0
700000	5.0
700200	5.0
700400	3.0
700600	5.0
700800	5.0
701000	3.0
701200	6.0
701400	5.0
701600	4.0
701800	5.0
702000	6.0
702200	5.0
702400	5.0
702600	5.0
702800	4.0
703000	2.0
703200	0.0
703400	0.0
703600	0.0
703800	0.0
704000	0.0
704200	1.0
704400	4.0
704600	5.0
704800	6.0
705000	5.0
705200	6.0
705400	4.0
705600	3.0
705800	5.0
706000	5.0
706200	4.0
706400	6.0
706600	4.0
706800	3.0
707000	5.0
707200	2.0
707400	5.0
707600	3.0
707800	6.0
708000	4.0
708200	6.0
708400	4.0
708600	3.0
708800	3.0
709000	6.0
709200	5.0
709400	4.0
709600	5.0
709800	4.0
710000	5.0
710200	5.0
710400	5.0
710600	4.0
710800	4.0
711000	6.0
711200	5.0
711400	4.0
711600	5.0
711800	6.0
712000	5.0
712200	5.0
712400	4.0
712600	4.0
712800	5.0
713000	5.0
713200	6.0
713400	6.0
713600	4.0
713800	5.0
714000	5.0
714200	4.0
714400	3.0
714600	6.0
714800	5.0
715000	5.0
715200	5.0
715400	4.0
715600	5.0
715800	5.0
716000	4.0
716200	6.0
716400	5.0
716600	5.0
716800	4.0
717000	5.0
717200	5.0
717400	5.0
717600	6.0
717800	5.0
718000	4.0
718200	6.0
718400	5.0
718600	7.0
718800	4.0
719000	4.0
719200	4.0
719400	5.0
719600	3.0
719800	3.0
720000	5.0
720200	5.0
720400	4.0
720600	5.0
720800	5.0
721000	5.0
721200	5.0
721400	5.0
721600	6.0
721800	5.0
722000	5.0
722200	4.0
722400	3.0
722600	5.0
722800	4.0
723000	5.0
723200	4.0
723400	6.0
723600	5.0
723800	4.0
724000	4.0
724200	5.0
724400	4.0
724600	6.0
724800	3.0
725000	5.0
725200	5.0
725400	5.0
725600	4.0
725800	5.0
726000	4.0
726200	5.0
726400	7.0
726600	4.0
726800	4.0
727000	5.0
727200	6.0
727400	5.0
727600	5.0
727800	4.0
728000	6.0
728200	5.0
728400	5.0
728600	5.0
728800	5.0
729000	5.0
729200	4.0
729400	5.0
729600	5.0
729800	4.0
730000	6.0
730200	6.0
730400	6.0
730600	4.0
730800	6.0
731000	6.0
731200	4.0
731400	3.0
731600	5.0
731800	6.0
732000	5.0
732200	5.0
732400	6.0
732600	0.0
732800	0.0
733000	2.0
733200	4.0
733400	5.0
733600	4.0
733800	5.0
734000	4.0
734200	5.0
734400	5.0
734600	5.0
734800	3.0
735000	4.0
735200	5.0
735400	4.0
735600	6.0
735800	6.0
736000	5.0
736200	6.0
736400	2.0
736600	5.0
736800	4.0
737000	5.0
737200	3.0
737400	4.0
737600	4.0
737800	5.0
738000	6.0
738200	4.0
738400	4.0
738600	6.0
738800	5.0
739000	6.0
739200	3.0
739400	4.0
739600	4.0
739800	3.0
740000	6.0
740200	6.0
740400	5.0
740600	4.0
740800	6.0
741000	5.0
741200	5.0
741400	6.0
741600	5.0
741800	6.0
742000	5.0
742200	4.0
742400	6.0
742600	6.0
742800	4.0
743000	4.0
743200	5.0
743400	5.0
743600	5.0
743800	5.0
744000	5.0
744200	5.0
744400	5.0
744600	5.0
744800	4.0
745000	6.0
745200	5.0
745400	5.0
745600	5.0
745800	5.0
746000	5.0
746200	4.0
746400	5.0
746600	5.0
746800	5.0
747000	5.0
747200	6.0
747400	6.0
747600	4.0
747800	5.0
748000	6.0
748200	4.0
748400	6.0
748600	4.0
748800	5.0
749000	5.0
749200	6.0
749400	6.0
749600	3.0
749800	5.0
750000	6.0
750200	5.0
750400	5.0
750600	5.0
750800	6.0
751000	5.0
751200	5.0
751400	5.0
751600	5.0
751800	6.0
752000	5.0
752200	4.0
752400	5.0
752600	6.0
752800	4.0
753000	3.0
753200	6.0
753400	6.0
753600	6.0
753800	5.0
754000	6.0
754200	5.0
754400	6.0
754600	5.0
754800	6.0
755000	6.0
755200	5.0
755400	5.0
755600	3.0
755800	6.0
756000	4.0
756200	5.0
756400	6.0
756600	4.0
756800	5.0
757000	5.0
757200	4.0
757400	2.0
757600	6.0
757800	5.0
758000	5.0
758200	5.0
758400	5.0
758600	5.0
758800	5.0
759000	5.0
759200	6.0
759400	5.0
759600	6.0
759800	5.0
760000	6.0
760200	5.0
760400	5.0
760600	6.0
760800	5.0
761000	6.0
761200	5.0
761400	5.0
761600	5.0
761800	5.0
762000	5.0
762200	5.0
762400	5.0
762600	5.0
762800	6.0
763000	5.0
763200	3.0
763400	5.0
763600	5.0
763800	5.0
764000	6.0
764200	5.0
764400	6.0
764600	5.0
764800	5.0
765000	6.0
765200	2.0
765400	4.0
765600	6.0
765800	5.0
766000	6.0
766200	5.0
766400	5.0
766600	5.0
766800	6.0
767000	4.0
767200	3.0
767400	0.0
767600	1.0
767800	6.0
768000	5.0
768200	5.0
768400	5.0
768600	2.0
768800	4.0
769000	5.0
769200	5.0
769400	6.0
769600	3.0
769800	5.0
770000	5.0
770200	5.0
770400	6.0
770600	4.0
770800	5.0
771000	6.0
771200	5.0
771400	5.0
771600	5.0
771800	6.0
772000	6.0
772200	5.0
772400	6.0
772600	4.0
772800	6.0
773000	5.0
773200	5.0
773400	6.0
773600	6.0
773800	5.0
774000	6.0
774200	4.0
774400	4.0
774600	5.0
774800	6.0
775000	6.0
775200	4.0
775400	5.0
775600	7.0
775800	3.0
776000	4.0
776200	6.0
776400	5.0
776600	4.0
776800	5.0
777000	5.0
777200	5.0
777400	5.0
777600	5.0
777800	5.0
778000	5.0
778200	6.0
778400	5.0
778600	5.0
778800	6.0
779000	4.0
779200	6.0
779400	5.0
779600	4.0
779800	5.0
780000	6.0
780200	5.0
780400	5.0
780600	5.0
780800	5.0
781000	6.0
781200	2.0
781400	0.0
781600	0.0
781800	0.0
782000	0.0
782200	0.0
782400	0.0
782600	0.0
782800	0.0
783000	0.0
783200	0.0
783400	0.0
783600	0.0
783800	0.0
784000	0.0
784200	0.0
784400	0.0
784600	0.0
784800	0.0
785000	0.0
785200	0.0
785400	0.0
785600	0.0
785800	0.0
786000	0.0
786200	4.0
786400	5.0
786600	5.0
786800	5.0
787000	6.0
787200	5.0
787400	5.0
787600	5.0
787800	5.0
788000	5.0
788200	6.0
788400	5.0
788600	5.0
788800	5.0
789000	6.0
789200	6.0
789400	5.0
789600	5.0
789800	5.0
790000	6.0
790200	6.0
790400	6.0
790600	4.0
790800	4.0
791000	6.0
791200	5.0
791400	5.0
791600	6.0
791800	5.0
792000	5.0
792200	5.0
792400	5.0
792600	6.0
792800	6.0
793000	5.0
793200	4.0
793400	6.0
793600	6.0
793800	6.0
794000	5.0
794200	5.0
794400	5.0
794600	5.0
794800	5.0
795000	5.0
795200	5.0
795400	5.0
795600	5.0
795800	5.0
796000	5.0
796200	5.0
796400	1.0
796600	5.0
796800	6.0
797000	5.0
797200	6.0
797400	6.0
797600	5.0
797800	4.0
798000	6.0
798200	6.0
798400	5.0
798600	4.0
798800	6.0
799000	5.0
799200	6.0
799400	6.0
799600	5.0
799800	5.0
800000	5.0
800200	4.0
800400	5.0
800600	4.0
800800	5.0
801000	6.0
801200	4.0
801400	5.0
801600	5.0
801800	6.0
802000	6.0
802200	5.0
802400	4.0
802600	6.0
802800	5.0
803000	5.0
803200	5.0
803400	6.0
803600	6.0
803800	6.0
804000	5.0
804200	4.0
804400	5.0
804600	6.0
804800	5.0
805000	6.0
805200	5.0
805400	5.0
805600	5.0
805800	5.0
806000	5.0
806200	6.0
806400	5.0
806600	6.0
806800	4.0
807000	6.0
807200	5.0
807400	4.0
807600	5.0
807800	5.0
808000	5.0
808200	5.0
808400	5.0
808600	5.0
808800	5.0
809000	3.0
809200	5.0
809400	6.0
809600	5.0
809800	5.0
810000	6.0
810200	6.0
810400	5.0
810600	4.0
810800	5.0
811000	6.0
811200	5.0
811400	6.0
811600	6.0
811800	5.0
812000	4.0
812200	6.0
812400	3.0
812600	4.0
812800	6.0
813000	4.0
813200	6.0
813400	4.0
813600	5.0
813800	5.0
814000	6.0
814200	5.0
814400	4.0
814600	6.0
814800	4.0
815000	5.0
815200	4.0
815400	6.0
815600	4.0
815800	5.0
816000	6.0
816200	6.0
816400	5.0
816600	5.0
816800	7.0
817000	4.0
817200	6.0
817400	5.0
817600	5.0
817800	4.0
818000	5.0
818200	5.0
818400	5.0
818600	5.0
818800	6.0
819000	5.0
819200	6.0
819400	5.0
819600	6.0
819800	4.0
820000	4.0
820200	5.0
820400	6.0
820600	6.0
820800	5.0
821000	3.0
821200	6.0
821400	5.0
821600	6.0
821800	3.0
822000	5.0
822200	5.0
822400	6.0
822600	6.0
822800	5.0
823000	4.0
823200	5.0
823400	6.0
823600	4.0
823800	5.0
824000	5.0
824200	6.0
824400	5.0
824600	5.0
824800	6.0
825000	5.0
825200	4.0
825400	5.0
825600	5.0
825800	5.0
826000	4.0
826200	5.0
826400	6.0
826600	6.0
826800	4.0
827000	6.0
827200	6.0
827400	5.0
827600	5.0
827800	5.0
828000	5.0
828200	5.0
828400	5.0
828600	5.0
828800	5.0
829000	5.0
829200	5.0
829400	5.0
829600	5.0
829800	5.0
830000	6.0
830200	4.0
830400	6.0
830600	4.0
830800	5.0
831000	6.0
831200	6.0
831400	6.0
831600	4.0
831800	5.0
832000	5.0
832200	5.0
832400	5.0
832600	6.0
832800	5.0
833000	6.0
833200	6.0
833400	6.0
833600	5.0
833800	4.0
834000	6.0
834200	5.0
834400	6.0
834600	5.0
834800	4.0
835000	5.0
835200	1.0
835400	0.0
835600	0.0
835800	0.0
836000	0.0
836200	0.0
836400	0.0
836600	0.0
836800	0.0
837000	0.0
837200	0.0
837400	0.0
837600	0.0
837800	0.0
838000	0.0
838200	0.0
838400	0.0
838600	0.0
838800	0.0
839000	0.0
839200	0.0
839400	0.0
839600	0.0
839800	0.0
840000	0.0
840200	5.0
840400	4.0
840600	6.0
840800	6.0
841000	5.0
841200	6.0
841400	6.0
841600	5.0
841800	6.0
842000	4.0
842200	5.0
842400	3.0
842600	6.0
842800	5.0
843000	5.0
843200	4.0
843400	5.0
843600	6.0
843800	4.0
844000	5.0
844200	5.0
844400	6.0
844600	5.0
844800	7.0
845000	5.0
845200	5.0
845400	6.0
845600	5.0
845800	6.0
846000	5.0
846200	6.0
846400	5.0
846600	6.0
846800	2.0
847000	2.0
847200	7.0
847400	4.0
847600	5.0
847800	5.0
848000	5.0
848200	5.0
848400	6.0
848600	5.0
848800	4.0
849000	6.0
849200	5.0
849400	3.0
849600	0.0
849800	3.0
850000	5.0
850200	3.0
850400	5.0
850600	5.0
850800	5.0
851000	6.0
851200	4.0
851400	5.0
851600	6.0
851800	6.0
852000	6.0
852200	5.0
852400	6.0
852600	3.0
852800	5.0
853000	5.0
853200	5.0
853400	4.0
853600	6.0
853800	5.0
854000	5.0
854200	5.0
854400	6.0
854600	5.0
854800	5.0
855000	6.0
855200	5.0
855400	4.0
855600	3.0
855800	6.0
856000	6.0
856200	5.0
856400	6.0
856600	6.0
856800	5.0
857000	5.0
857200	6.0
857400	4.0
857600	6.0
857800	6.0
858000	4.0
858200	6.0
858400	5.0
858600	6.0
858800	5.0
859000	5.0
859200	6.0
859400	5.0
859600	5.0
859800	6.0
860000	6.0
860200	3.0
860400	3.0
860600	5.0
860800	5.0
861000	6.0
861200	6.0
861400	5.0
861600	4.0
861800	6.0
862000	6.0
862200	5.0
862400	6.0
862600	5.0
862800	6.0
863000	4.0
863200	6.0
863400	5.0
863600	6.0
863800	5.0
864000	5.0
864200	6.0
864400	6.0
864600	5.0
864800	4.0
865000	2.0
865200	6.0
865400	5.0
865600	3.0
865800	2.0
866000	6.0
866200	5.0
866400	5.0
866600	5.0
866800	4.0
867000	6.0
867200	6.0
867400	4.0
867600	5.0
867800	5.0
868000	5.0
868200	5.0
868400	5.0
868600	5.0
868800	6.0
869000	5.0
869200	5.0
869400	5.0
869600	5.0
869800	2.0
870000	6.0
870200	4.0
870400	5.0
870600	5.0
870800	6.0
871000	5.0
871200	6.0
871400	5.0
871600	5.0
871800	5.0
872000	5.0
872200	6.0
872400	4.0
872600	5.0
872800	6.0
873000	3.0
873200	5.0
873400	5.0
873600	6.0
873800	5.0
874000	4.0
874200	5.0
874400	5.0
874600	5.0
874800	6.0
875000	5.0
875200	6.0
875400	6.0
875600	5.0
875800	5.0
876000	5.0
876200	5.0
876400	5.0
876600	6.0
876800	5.0
877000	4.0
877200	6.0
877400	5.0
877600	5.0
877800	5.0
878000	6.0
878200	6.0
878400	5.0
878600	4.0
878800	5.0
879000	6.0
879200	5.0
879400	5.0
879600	5.0
879800	4.0
880000	5.0
880200	4.0
880400	5.0
880600	5.0
880800	5.0
881000	5.0
881200	6.0
881400	5.0
881600	6.0
881800	4.0
882000	4.0
882200	6.0
882400	4.0
882600	5.0
882800	6.0
883000	6.0
883200	5.0
883400	6.0
883600	5.0
883800	5.0
884000	4.0
884200	6.0
884400	5.0
884600	4.0
884800	5.0
885000	6.0
885200	6.0
885400	5.0
885600	5.0
885800	6.0
886000	5.0
886200	6.0
886400	5.0
886600	6.0
886800	6.0
887000	5.0
887200	4.0
887400	5.0
887600	5.0
887800	6.0
888000	5.0
888200	5.0
888400	4.0
888600	6.0
888800	3.0
889000	6.0
889200	4.0
889400	5.0
889600	1.0
889800	5.0
890000	5.0
890200	6.0
890400	5.0
890600	5.0
890800	6.0
891000	4.0
891200	6.0
891400	6.0
891600	6.0
891800	5.0
892000	5.0
892200	3.0
892400	3.0
892600	3.0
892800	6.0
893000	6.0
893200	6.0
893400	6.0
893600	6.0
893800	5.0
894000	5.0
894200	5.0
894400	5.0
894600	5.0
894800	5.0
895000	5.0
895200	5.0
895400	4.0
895600	7.0
895800	5.0
896000	4.0
896200	4.0
896400	6.0
896600	5.0
896800	5.0
897000	5.0
897200	5.0
897400	4.0
897600	5.0
897800	6.0
898000	6.0
898200	3.0
898400	5.0
898600	6.0
898800	5.0
899000	5.0
899200	5.0
899400	5.0
899600	6.0
899800	5.0
900000	6.0
900200	5.0
900400	5.0
900600	5.0
900800	5.0
901000	4.0
901200	6.0
901400	5.0
901600	4.0
901800	6.0
902000	4.0
902200	0.0
902400	0.0
902600	0.0
902800	0.0
903000	0.0
903200	0.0
903400	0.0
903600	0.0
903800	0.0
904000	0.0
904200	0.0
904400	0.0
904600	0.0
904800	0.0
905000	0.0
905200	0.0
905400	0.0
905600	0.0
905800	0.0
906000	0.0
906200	0.0
906400	0.0
906600	0.0
906800	0.0
907000	1.0
907200	3.0
907400	5.0
907600	4.0
907800	5.0
908000	4.0
908200	5.0
908400	5.0
908600	6.0
908800	6.0
909000	5.0
909200	5.0
909400	5.0
909600	6.0
909800	5.0
910000	5.0
910200	6.0
910400	4.0
910600	6.0
910800	5.0
911000	6.0
911200	5.0
911400	6.0
911600	6.0
911800	4.0
912000	5.0
912200	6.0
912400	5.0
912600	6.0
912800	5.0
913000	5.0
913200	5.0
913400	5.0
913600	5.0
913800	5.0
914000	5.0
914200	5.0
914400	5.0
914600	4.0
914800	6.0
915000	6.0
915200	6.0
915400	5.0
915600	5.0
915800	5.0
916000	4.0
916200	5.0
916400	3.0
916600	6.0
916800	6.0
917000	5.0
917200	5.0
917400	6.0
917600	4.0
917800	5.0
918000	5.0
918200	5.0
918400	5.0
918600	4.0
918800	6.0
919000	5.0
919200	5.0
919400	5.0
919600	6.0
919800	5.0
920000	6.0
920200	6.0
920400	6.0
920600	4.0
920800	6.0
921000	6.0
921200	7.0
921400	4.0
921600	6.0
921800	5.0
922000	5.0
922200	3.0
922400	5.0
922600	5.0
922800	6.0
923000	5.0
923200	5.0
923400	4.0
923600	6.0
923800	6.0
924000	6.0
924200	5.0
924400	6.0
924600	4.0
924800	6.0
925000	6.0
925200	4.0
925400	6.0
925600	5.0
925800	5.0
926000	6.0
926200	5.0
926400	6.0
926600	5.0
926800	6.0
927000	6.0
927200	5.0
927400	6.0
927600	6.0
927800	5.0
928000	5.0
928200	6.0
928400	5.0
928600	5.0
928800	5.0
929000	6.0
929200	5.0
929400	5.0
929600	3.0
929800	6.0
930000	5.0
930200	4.0
930400	5.0
930600	5.0
930800	6.0
931000	4.0
931200	3.0
931400	5.0
931600	5.0
931800	6.0
932000	2.0
932200	6.0
932400	3.0
932600	6.0
932800	4.0
933000	5.0
933200	6.0
933400	5.0
933600	5.0
933800	5.0
934000	5.0
934200	6.0
934400	5.0
934600	6.0
934800	5.0
935000	6.0
935200	6.0
935400	5.0
935600	5.0
935800	4.0
936000	6.0
936200	5.0
936400	6.0
936600	5.0
936800	5.0
937000	5.0
937200	6.0
937400	5.0
937600	6.0
937800	6.0
938000	5.0
938200	6.0
938400	5.0
938600	5.0
938800	5.0
939000	5.0
939200	5.0
939400	6.0
939600	5.0
939800	5.0
940000	4.0
940200	3.0
940400	5.0
940600	5.0
940800	6.0
941000	5.0
941200	6.0
941400	5.0
941600	4.0
941800	4.0
942000	5.0
942200	5.0
942400	4.0
942600	5.0
942800	4.0
943000	4.0
943200	5.0
943400	4.0
943600	6.0
943800	5.0
944000	6.0
944200	5.0
944400	5.0
944600	5.0
944800	6.0
945000	6.0
945200	5.0
945400	6.0
945600	4.0
945800	4.0
946000	4.0
946200	4.0
946400	5.0
946600	5.0
946800	6.0
947000	5.0
947200	6.0
947400	4.0
947600	4.0
947800	6.0
948000	5.0
948200	6.0
948400	5.0
948600	4.0
948800	5.0
949000	5.0
949200	3.0
949400	1.0
949600	0.0
949800	0.0
950000	0.0
950200	0.0
950400	0.0
950600	0.0
950800	0.0
951000	0.0
951200	0.0
951400	0.0
951600	0.0
951800	0.0
952000	0.0
952200	0.0
952400	0.0
952600	0.0
952800	0.0
953000	0.0
953200	0.0
953400	0.0
953600	0.0
953800	0.0
954000	0.0
954200	0.0
954400	4.0
954600	6.0
954800	4.0
955000	4.0
955200	3.0
955400	6.0
955600	5.0
955800	6.0
956000	5.0
956200	5.0
956400	6.0
956600	5.0
956800	6.0
957000	4.0
957200	6.0
957400	5.0
957600	5.0
957800	5.0
958000	5.0
958200	5.0
958400	6.0
958600	5.0
958800	6.0
959000	6.0
959200	4.0
959400	6.0
959600	5.0
959800	6.0
960000	5.0
960200	4.0
960400	5.0
960600	6.0
960800	5.0
961000	6.0
961200	5.0
961400	6.0
961600	4.0
961800	6.0
962000	6.0
962200	4.0
962400	4.0
962600	5.0
962800	6.0
963000	6.0
963200	5.0
963400	4.0
963600	6.0
963800	5.0
964000	6.0
964200	5.0
964400	5.0
964600	6.0
964800	5.0
965000	5.0
965200	6.0
965400	5.0
965600	6.0
965800	5.0
966000	5.0
966200	5.0
966400	4.0
966600	5.0
966800	5.0
967000	5.0
967200	6.0
967400	6.0
967600	2.0
967800	0.0
968000	0.0
968200	5.0
968400	6.0
968600	5.0
968800	5.0
969000	5.0
969200	4.0
969400	5.0
969600	7.0
969800	5.0
970000	6.0
970200	4.0
970400	6.0
970600	4.0
970800	4.0
971000	6.0
971200	4.0
971400	6.0
971600	5.0
971800	5.0
972000	6.0
972200	6.0
972400	3.0
972600	6.0
972800	6.0
973000	5.0
973200	5.0
973400	6.0
973600	4.0
973800	6.0
974000	5.0
974200	5.0
974400	6.0
974600	5.0
974800	6.0
975000	5.0
975200	5.0
975400	6.0
975600	5.0
975800	5.0
976000	6.0
976200	5.0
976400	4.0
976600	6.0
976800	4.0
977000	5.0
977200	6.0
977400	5.0
977600	6.0
977800	3.0
978000	0.0
978200	0.0
978400	0.0
978600	0.0
978800	0.0
979000	0.0
979200	0.0
979400	0.0
979600	0.0
979800	0.0
980000	0.0
980200	0.0
980400	0.0
980600	0.0
980800	0.0
981000	0.0
981200	0.0
981400	0.0
981600	0.0
981800	0.0
982000	0.0
982200	0.0
982400	0.0
982600	0.0
982800	2.0
983000	6.0
983200	5.0
983400	6.0
983600	4.0
983800	5.0
984000	5.0
984200	1.0
984400	0.0
984600	0.0
984800	0.0
985000	0.0
985200	5.0
985400	5.0
985600	6.0
985800	5.0
986000	5.0
986200	6.0
986400	5.0
986600	5.0
986800	6.0
987000	5.0
987200	5.0
987400	5.0
987600	5.0
987800	5.0
988000	5.0
988200	3.0
988400	0.0
988600	0.0
988800	0.0
989000	6.0
989200	4.0
989400	3.0
989600	6.0
989800	5.0
990000	6.0
990200	5.0
990400	4.0
990600	6.0
990800	5.0
991000	6.0
991200	5.0
991400	6.0
991600	4.0
991800	5.0
992000	4.0
992200	6.0
992400	5.0
992600	5.0
992800	4.0
993000	5.0
993200	5.0
993400	4.0
993600	6.0
993800	4.0
994000	6.0
994200	6.0
994400	5.0
994600	6.0
994800	6.0
995000	4.0
995200	4.0
995400	6.0
995600	2.0
995800	4.0
996000	5.0
996200	5.0
996400	6.0
996600	3.0
996800	5.0
997000	5.0
997200	3.0
997400	0.0
997600	0.0
997800	0.0
998000	2.0
998200	6.0
998400	5.0
998600	5.0
998800	5.0
999000	5.0
999200	6.0
999400	5.0
999600	4.0
999800	5.0
1000000	6.0
