Test step	Reward
200	0
400	0
600	0
800	0
1000	0
1200	0
1400	0
1600	0
1800	0
2000	0
2200	0
2400	0
2600	0
2800	0
3000	0
3200	0
3400	0
3600	0
3800	0
4000	0
4200	0
4400	0
4600	0
4800	0
5000	0
5200	0
5400	0
5600	0
5800	0
6000	0
6200	0
6400	0
6600	0
6800	0
7000	0
7200	0
7400	0
7600	0
7800	0
8000	0
8200	0
8400	0
8600	0
8800	0
9000	0
9200	0
9400	0
9600	0
9800	0
10000	0
10200	0
10400	0
10600	0
10800	0
11000	0
11200	0
11400	0
11600	0
11800	0
12000	0
12200	0
12400	0
12600	0
12800	0
13000	0
13200	0
13400	0
13600	0
13800	0
14000	0
14200	0
14400	0
14600	0
14800	0
15000	0
15200	0
15400	0
15600	0
15800	0
16000	0
16200	0
16400	0
16600	0
16800	0
17000	0
17200	0
17400	0
17600	0
17800	0
18000	0
18200	0
18400	0
18600	0
18800	0
19000	0
19200	0
19400	0
19600	0
19800	0
20000	0
20200	0
20400	0
20600	0
20800	0
21000	0
21200	0
21400	0
21600	0
21800	0
22000	0
22200	0
22400	0
22600	0
22800	0
23000	0
23200	0
23400	0
23600	0
23800	0
24000	0
24200	0
24400	0
24600	0
24800	0
25000	0
25200	0
25400	0
25600	0
25800	0
26000	0
26200	0
26400	0
26600	0
26800	0
27000	0
27200	0
27400	0
27600	0
27800	0
28000	0
28200	0
28400	0
28600	0
28800	0
29000	0
29200	0
29400	0
29600	0
29800	0
30000	0
30200	0
30400	0
30600	0
30800	0
31000	0
31200	0
31400	0
31600	0
31800	0
32000	0
32200	0
32400	0
32600	0
32800	0
33000	0
33200	0
33400	0
33600	0
33800	0
34000	0
34200	0
34400	0
34600	0
34800	0
35000	0
35200	0
35400	0
35600	0
35800	0
36000	0
36200	0
36400	0
36600	0
36800	0
37000	0
37200	0
37400	0
37600	0
37800	0
38000	0
38200	0
38400	0
38600	0
38800	0
39000	0
39200	0
39400	0
39600	0
39800	0
40000	0
40200	0
40400	0
40600	0
40800	0
41000	0
41200	0
41400	0
41600	0
41800	0
42000	0
42200	0
42400	0
42600	0
42800	0
43000	0
43200	0
43400	0
43600	0
43800	0
44000	0
44200	0
44400	0
44600	0
44800	0
45000	1
45200	0
45400	0
45600	0
45800	0
46000	0
46200	0
46400	0
46600	0
46800	0
47000	0
47200	0
47400	0
47600	0
47800	0
48000	0
48200	0
48400	0
48600	0
48800	0
49000	0
49200	0
49400	0
49600	0
49800	0
50000	0
50200	0
50400	0
50600	0
50800	0
51000	0
51200	0
51400	0
51600	0
51800	0
52000	0
52200	0
52400	0
52600	0
52800	0
53000	0
53200	0
53400	0
53600	0
53800	0
54000	0
54200	0
54400	0
54600	0
54800	0
55000	0
55200	0
55400	0
55600	0
55800	0
56000	0
56200	0
56400	0
56600	0
56800	0
57000	0
57200	0
57400	0
57600	0
57800	0
58000	0
58200	0
58400	0
58600	0
58800	0
59000	0
59200	0
59400	0
59600	0
59800	0
60000	0
60200	0
60400	0
60600	0
60800	0
61000	0
61200	0
61400	0
61600	0
61800	0
62000	0
62200	0
62400	0
62600	0
62800	0
63000	0
63200	0
63400	0
63600	0
63800	0
64000	0
64200	0
64400	0
64600	1
64800	0
65000	0
65200	0
65400	0
65600	0
65800	0
66000	0
66200	0
66400	0
66600	0
66800	0
67000	0
67200	0
67400	0
67600	0
67800	0
68000	0
68200	0
68400	0
68600	0
68800	0
69000	0
69200	0
69400	0
69600	0
69800	0
70000	0
70200	0
70400	0
70600	0
70800	0
71000	0
71200	0
71400	0
71600	0
71800	0
72000	0
72200	0
72400	0
72600	0
72800	0
73000	0
73200	0
73400	0
73600	0
73800	0
74000	0
74200	0
74400	0
74600	0
74800	0
75000	0
75200	0
75400	0
75600	0
75800	0
76000	0
76200	0
76400	0
76600	0
76800	0
77000	0
77200	0
77400	0
77600	0
77800	0
78000	0
78200	0
78400	0
78600	0
78800	0
79000	0
79200	0
79400	0
79600	0
79800	0
80000	0
80200	0
80400	0
80600	0
80800	0
81000	0
81200	0
81400	0
81600	1
81800	0
82000	0
82200	0
82400	0
82600	0
82800	0
83000	0
83200	0
83400	0
83600	0
83800	0
84000	0
84200	0
84400	0
84600	0
84800	0
85000	0
85200	0
85400	0
85600	0
85800	0
86000	0
86200	0
86400	0
86600	0
86800	0
87000	0
87200	0
87400	0
87600	0
87800	0
88000	0
88200	0
88400	0
88600	0
88800	0
89000	0
89200	0
89400	0
89600	0
89800	0
90000	0
90200	0
90400	0
90600	0
90800	0
91000	0
91200	0
91400	0
91600	0
91800	0
92000	0
92200	0
92400	0
92600	0
92800	0
93000	0
93200	0
93400	0
93600	0
93800	0
94000	0
94200	0
94400	0
94600	0
94800	0
95000	0
95200	0
95400	0
95600	0
95800	0
96000	0
96200	0
96400	0
96600	0
96800	0
97000	0
97200	0
97400	0
97600	0
97800	0
98000	0
98200	0
98400	0
98600	0
98800	0
99000	0
99200	0
99400	0
99600	0
99800	0
100000	0
100200	0
100400	0
100600	0
100800	0
101000	0
101200	0
101400	0
101600	0
101800	0
102000	0
102200	0
102400	0
102600	0
102800	0
103000	0
103200	0
103400	0
103600	0
103800	0
104000	0
104200	0
104400	0
104600	0
104800	0
105000	0
105200	0
105400	0
105600	0
105800	0
106000	0
106200	0
106400	0
106600	0
106800	0
107000	0
107200	0
107400	0
107600	0
107800	0
108000	0
108200	0
108400	0
108600	0
108800	0
109000	0
109200	0
109400	0
109600	0
109800	0
110000	0
110200	0
110400	0
110600	0
110800	0
111000	0
111200	0
111400	0
111600	0
111800	0
112000	0
112200	0
112400	0
112600	0
112800	0
113000	0
113200	0
113400	0
113600	0
113800	0
114000	0
114200	0
114400	0
114600	0
114800	0
115000	0
115200	0
115400	0
115600	0
115800	0
116000	0
116200	0
116400	0
116600	0
116800	0
117000	0
117200	0
117400	0
117600	0
117800	0
118000	0
118200	0
118400	0
118600	0
118800	0
119000	0
119200	0
119400	0
119600	0
119800	0
120000	0
120200	0
120400	0
120600	0
120800	0
121000	0
121200	0
121400	0
121600	0
121800	0
122000	0
122200	0
122400	0
122600	0
122800	0
123000	0
123200	0
123400	0
123600	0
123800	0
124000	0
124200	0
124400	0
124600	0
124800	0
125000	0
125200	0
125400	0
125600	0
125800	0
126000	0
126200	0
126400	0
126600	0
126800	0
127000	0
127200	0
127400	0
127600	0
127800	0
128000	0
128200	0
128400	0
128600	0
128800	0
129000	0
129200	0
129400	0
129600	0
129800	0
130000	0
130200	0
130400	0
130600	0
130800	0
131000	0
131200	0
131400	0
131600	0
131800	0
132000	0
132200	0
132400	0
132600	0
132800	0
133000	0
133200	0
133400	0
133600	0
133800	0
134000	0
134200	0
134400	0
134600	0
134800	0
135000	0
135200	0
135400	0
135600	0
135800	0
136000	0
136200	0
136400	0
136600	0
136800	0
137000	0
137200	0
137400	0
137600	0
137800	0
138000	0
138200	0
138400	0
138600	0
138800	0
139000	0
139200	0
139400	0
139600	0
139800	0
140000	0
140200	0
140400	0
140600	0
140800	0
141000	0
141200	0
141400	0
141600	0
141800	0
142000	0
142200	0
142400	0
142600	0
142800	0
143000	0
143200	0
143400	0
143600	0
143800	0
144000	0
144200	0
144400	0
144600	0
144800	0
145000	0
145200	0
145400	0
145600	0
145800	0
146000	0
146200	0
146400	0
146600	0
146800	0
147000	0
147200	0
147400	0
147600	0
147800	0
148000	0
148200	0
148400	0
148600	0
148800	0
149000	0
149200	0
149400	0
149600	0
149800	0
150000	0
150200	0
150400	0
150600	0
150800	0
151000	0
151200	0
151400	0
151600	0
151800	0
152000	0
152200	0
152400	0
152600	0
152800	0
153000	0
153200	0
153400	0
153600	0
153800	0
154000	1
154200	0
154400	0
154600	0
154800	0
155000	0
155200	0
155400	0
155600	0
155800	0
156000	0
156200	0
156400	0
156600	0
156800	0
157000	0
157200	0
157400	0
157600	0
157800	0
158000	0
158200	0
158400	0
158600	0
158800	0
159000	0
159200	0
159400	0
159600	0
159800	0
160000	0
160200	0
160400	0
160600	0
160800	0
161000	0
161200	0
161400	0
161600	0
161800	0
162000	0
162200	0
162400	0
162600	0
162800	0
163000	0
163200	0
163400	0
163600	0
163800	0
164000	0
164200	0
164400	0
164600	0
164800	0
165000	0
165200	0
165400	0
165600	0
165800	0
166000	0
166200	0
166400	0
166600	0
166800	0
167000	0
167200	0
167400	0
167600	0
167800	0
168000	0
168200	0
168400	0
168600	0
168800	0
169000	0
169200	0
169400	0
169600	0
169800	0
170000	0
170200	0
170400	0
170600	0
170800	0
171000	0
171200	0
171400	0
171600	0
171800	0
172000	0
172200	0
172400	0
172600	0
172800	0
173000	0
173200	0
173400	0
173600	0
173800	0
174000	0
174200	0
174400	0
174600	0
174800	0
175000	0
175200	0
175400	0
175600	0
175800	0
176000	0
176200	0
176400	0
176600	0
176800	0
177000	0
177200	0
177400	0
177600	0
177800	0
178000	0
178200	0
178400	0
178600	0
178800	0
179000	0
179200	0
179400	0
179600	0
179800	0
180000	0
180200	0
180400	0
180600	0
180800	0
181000	0
181200	0
181400	0
181600	0
181800	0
182000	0
182200	0
182400	0
182600	0
182800	0
183000	0
183200	0
183400	0
183600	0
183800	0
184000	0
184200	0
184400	0
184600	0
184800	0
185000	0
185200	0
185400	0
185600	0
185800	0
186000	0
186200	0
186400	0
186600	0
186800	0
187000	0
187200	0
187400	0
187600	0
187800	0
188000	0
188200	0
188400	0
188600	0
188800	0
189000	0
189200	0
189400	0
189600	0
189800	0
190000	0
190200	0
190400	0
190600	0
190800	0
191000	0
191200	0
191400	0
191600	0
191800	0
192000	0
192200	0
192400	0
192600	0
192800	0
193000	0
193200	0
193400	0
193600	0
193800	0
194000	0
194200	0
194400	0
194600	0
194800	0
195000	0
195200	0
195400	0
195600	0
195800	0
196000	0
196200	0
196400	0
196600	0
196800	0
197000	0
197200	0
197400	0
197600	0
197800	0
198000	0
198200	0
198400	0
198600	0
198800	0
199000	0
199200	0
199400	0
199600	0
199800	0
200000	0
200200	0
200400	0
200600	0
200800	0
201000	0
201200	0
201400	0
201600	0
201800	0
202000	0
202200	0
202400	0
202600	0
202800	0
203000	0
203200	0
203400	0
203600	0
203800	0
204000	0
204200	0
204400	0
204600	0
204800	0
205000	0
205200	0
205400	0
205600	0
205800	0
206000	0
206200	0
206400	0
206600	0
206800	0
207000	0
207200	0
207400	0
207600	0
207800	0
208000	0
208200	0
208400	0
208600	0
208800	0
209000	0
209200	0
209400	0
209600	0
209800	0
210000	0
210200	0
210400	0
210600	0
210800	0
211000	0
211200	0
211400	0
211600	0
211800	0
212000	0
212200	0
212400	0
212600	0
212800	0
213000	0
213200	0
213400	0
213600	0
213800	0
214000	0
214200	0
214400	0
214600	0
214800	0
215000	0
215200	0
215400	0
215600	0
215800	0
216000	0
216200	0
216400	0
216600	0
216800	0
217000	0
217200	0
217400	0
217600	0
217800	0
218000	0
218200	0
218400	0
218600	0
218800	0
219000	0
219200	0
219400	0
219600	0
219800	0
220000	0
220200	0
220400	0
220600	0
220800	0
221000	0
221200	0
221400	0
221600	0
221800	0
222000	0
222200	0
222400	0
222600	0
222800	0
223000	0
223200	0
223400	0
223600	0
223800	0
224000	0
224200	0
224400	0
224600	0
224800	0
225000	0
225200	0
225400	0
225600	0
225800	0
226000	0
226200	0
226400	0
226600	0
226800	0
227000	0
227200	0
227400	0
227600	0
227800	0
228000	0
228200	0
228400	0
228600	0
228800	0
229000	0
229200	0
229400	0
229600	0
229800	0
230000	0
230200	0
230400	0
230600	0
230800	0
231000	0
231200	0
231400	0
231600	0
231800	0
232000	0
232200	0
232400	0
232600	0
232800	0
233000	0
233200	0
233400	0
233600	0
233800	0
234000	0
234200	0
234400	0
234600	0
234800	0
235000	0
235200	0
235400	0
235600	0
235800	0
236000	0
236200	0
236400	0
236600	0
236800	0
237000	0
237200	0
237400	0
237600	0
237800	0
238000	0
238200	0
238400	0
238600	0
238800	0
239000	0
239200	0
239400	0
239600	0
239800	0
240000	0
240200	0
240400	0
240600	0
240800	0
241000	0
241200	0
241400	0
241600	0
241800	0
242000	0
242200	0
242400	0
242600	0
242800	0
243000	0
243200	0
243400	0
243600	0
243800	0
244000	0
244200	0
244400	0
244600	0
244800	0
245000	0
245200	0
245400	0
245600	0
245800	0
246000	0
246200	0
246400	0
246600	0
246800	0
247000	0
247200	0
247400	0
247600	0
247800	0
248000	0
248200	0
248400	0
248600	0
248800	0
249000	0
249200	0
249400	0
249600	0
249800	0
250000	0
250200	0
250400	0
250600	0
250800	0
251000	0
251200	0
251400	0
251600	0
251800	0
252000	0
252200	0
252400	0
252600	0
252800	0
253000	0
253200	0
253400	0
253600	0
253800	0
254000	0
254200	0
254400	0
254600	0
254800	0
255000	0
255200	0
255400	0
255600	0
255800	0
256000	0
256200	0
256400	0
256600	0
256800	0
257000	0
257200	0
257400	0
257600	0
257800	0
258000	0
258200	0
258400	0
258600	0
258800	0
259000	0
259200	0
259400	0
259600	0
259800	0
260000	0
260200	0
260400	0
260600	0
260800	0
261000	0
261200	0
261400	0
261600	0
261800	0
262000	0
262200	0
262400	0
262600	0
262800	0
263000	0
263200	0
263400	0
263600	0
263800	0
264000	0
264200	0
264400	0
264600	0
264800	0
265000	0
265200	0
265400	0
265600	0
265800	0
266000	0
266200	0
266400	0
266600	0
266800	0
267000	0
267200	0
267400	0
267600	0
267800	0
268000	0
268200	0
268400	0
268600	0
268800	0
269000	0
269200	0
269400	0
269600	0
269800	0
270000	0
270200	0
270400	0
270600	0
270800	0
271000	0
271200	0
271400	0
271600	0
271800	0
272000	0
272200	0
272400	0
272600	0
272800	0
273000	0
273200	0
273400	0
273600	0
273800	0
274000	0
274200	0
274400	0
274600	0
274800	0
275000	0
275200	0
275400	0
275600	0
275800	0
276000	0
276200	0
276400	0
276600	0
276800	0
277000	0
277200	0
277400	0
277600	0
277800	0
278000	0
278200	0
278400	0
278600	0
278800	0
279000	0
279200	0
279400	0
279600	0
279800	0
280000	0
280200	0
280400	0
280600	0
280800	0
281000	0
281200	0
281400	0
281600	0
281800	0
282000	0
282200	0
282400	0
282600	0
282800	0
283000	0
283200	0
283400	0
283600	0
283800	0
284000	0
284200	0
284400	0
284600	0
284800	0
285000	0
285200	0
285400	0
285600	0
285800	0
286000	0
286200	0
286400	0
286600	0
286800	0
287000	0
287200	0
287400	0
287600	0
287800	0
288000	0
288200	0
288400	0
288600	0
288800	0
289000	0
289200	0
289400	0
289600	0
289800	0
290000	0
290200	0
290400	0
290600	0
290800	0
291000	0
291200	0
291400	0
291600	0
291800	0
292000	0
292200	0
292400	0
292600	0
292800	0
293000	0
293200	0
293400	0
293600	0
293800	0
294000	0
294200	0
294400	0
294600	0
294800	0
295000	0
295200	0
295400	0
295600	0
295800	0
296000	0
296200	0
296400	0
296600	0
296800	0
297000	0
297200	0
297400	0
297600	0
297800	0
298000	0
298200	0
298400	0
298600	0
298800	0
299000	0
299200	0
299400	0
299600	0
299800	0
300000	0
300200	0
300400	0
300600	0
300800	0
301000	0
301200	0
301400	0
301600	0
301800	1
302000	0
302200	0
302400	0
302600	0
302800	0
303000	0
303200	0
303400	0
303600	0
303800	0
304000	0
304200	0
304400	0
304600	0
304800	0
305000	0
305200	0
305400	0
305600	0
305800	0
306000	0
306200	0
306400	0
306600	0
306800	0
307000	0
307200	0
307400	0
307600	0
307800	0
308000	0
308200	0
308400	0
308600	0
308800	0
309000	0
309200	0
309400	0
309600	0
309800	0
310000	0
310200	0
310400	0
310600	0
310800	0
311000	0
311200	0
311400	0
311600	0
311800	0
312000	0
312200	0
312400	0
312600	0
312800	0
313000	0
313200	0
313400	0
313600	0
313800	0
314000	0
314200	0
314400	0
314600	0
314800	0
315000	1
315200	0
315400	1
315600	0
315800	1
316000	0
316200	0
316400	1
316600	0
316800	1
317000	0
317200	1
317400	1
317600	1
317800	0
318000	1
318200	1
318400	0
318600	0
318800	0
319000	0
319200	0
319400	0
319600	0
319800	0
320000	0
320200	0
320400	0
320600	0
320800	0
321000	0
321200	0
321400	0
321600	0
321800	0
322000	0
322200	0
322400	0
322600	0
322800	0
323000	0
323200	0
323400	0
323600	0
323800	0
324000	0
324200	0
324400	0
324600	0
324800	0
325000	0
325200	0
325400	0
325600	0
325800	0
326000	0
326200	0
326400	0
326600	0
326800	0
327000	0
327200	0
327400	0
327600	0
327800	0
328000	0
328200	0
328400	0
328600	0
328800	0
329000	0
329200	0
329400	0
329600	0
329800	0
330000	0
330200	0
330400	0
330600	0
330800	0
331000	0
331200	0
331400	0
331600	0
331800	0
332000	0
332200	0
332400	0
332600	0
332800	0
333000	0
333200	0
333400	0
333600	0
333800	0
334000	0
334200	0
334400	0
334600	0
334800	0
335000	0
335200	0
335400	0
335600	0
335800	0
336000	0
336200	0
336400	0
336600	0
336800	0
337000	0
337200	0
337400	0
337600	0
337800	0
338000	0
338200	0
338400	0
338600	0
338800	0
339000	0
339200	0
339400	0
339600	0
339800	0
340000	0
340200	0
340400	0
340600	0
340800	0
341000	0
341200	0
341400	0
341600	0
341800	0
342000	0
342200	0
342400	0
342600	0
342800	0
343000	0
343200	0
343400	0
343600	0
343800	0
344000	0
344200	0
344400	0
344600	0
344800	0
345000	0
345200	0
345400	0
345600	0
345800	0
346000	0
346200	0
346400	0
346600	0
346800	0
347000	0
347200	0
347400	0
347600	0
347800	0
348000	0
348200	0
348400	0
348600	0
348800	0
349000	0
349200	0
349400	0
349600	0
349800	0
350000	0
350200	0
350400	0
350600	0
350800	0
351000	0
351200	0
351400	0
351600	0
351800	0
352000	0
352200	0
352400	0
352600	0
352800	0
353000	0
353200	0
353400	0
353600	0
353800	0
354000	0
354200	0
354400	0
354600	0
354800	0
355000	0
355200	0
355400	0
355600	0
355800	0
356000	0
356200	0
356400	0
356600	0
356800	0
357000	0
357200	0
357400	0
357600	0
357800	0
358000	0
358200	0
358400	0
358600	0
358800	0
359000	0
359200	0
359400	0
359600	0
359800	0
360000	0
360200	0
360400	0
360600	0
360800	0
361000	0
361200	0
361400	0
361600	0
361800	0
362000	0
362200	0
362400	0
362600	0
362800	0
363000	0
363200	0
363400	0
363600	0
363800	0
364000	0
364200	0
364400	0
364600	0
364800	0
365000	0
365200	0
365400	0
365600	0
365800	0
366000	0
366200	0
366400	0
366600	0
366800	0
367000	0
367200	0
367400	0
367600	0
367800	0
368000	0
368200	0
368400	0
368600	0
368800	0
369000	0
369200	0
369400	0
369600	0
369800	0
370000	0
370200	0
370400	0
370600	0
370800	0
371000	0
371200	0
371400	0
371600	0
371800	0
372000	0
372200	0
372400	0
372600	0
372800	0
373000	0
373200	0
373400	0
373600	0
373800	0
374000	0
374200	0
374400	0
374600	0
374800	0
375000	0
375200	0
375400	0
375600	0
375800	0
376000	0
376200	0
376400	0
376600	0
376800	0
377000	0
377200	0
377400	1
377600	0
377800	0
378000	0
378200	0
378400	0
378600	0
378800	0
379000	0
379200	0
379400	0
379600	0
379800	0
380000	0
380200	0
380400	0
380600	0
380800	0
381000	0
381200	0
381400	0
381600	0
381800	0
382000	0
382200	0
382400	0
382600	0
382800	0
383000	0
383200	0
383400	0
383600	0
383800	0
384000	0
384200	0
384400	0
384600	0
384800	0
385000	0
385200	0
385400	0
385600	0
385800	0
386000	0
386200	0
386400	0
386600	0
386800	0
387000	0
387200	0
387400	0
387600	0
387800	0
388000	0
388200	0
388400	0
388600	0
388800	0
389000	0
389200	0
389400	0
389600	0
389800	0
390000	0
390200	0
390400	0
390600	0
390800	1
391000	0
391200	0
391400	0
391600	0
391800	0
392000	0
392200	0
392400	0
392600	0
392800	0
393000	0
393200	0
393400	0
393600	0
393800	0
394000	0
394200	0
394400	0
394600	0
394800	0
395000	0
395200	0
395400	0
395600	0
395800	0
396000	0
396200	0
396400	0
396600	1
396800	0
397000	0
397200	0
397400	0
397600	0
397800	0
398000	0
398200	0
398400	0
398600	0
398800	0
399000	0
399200	0
399400	0
399600	0
399800	0
400000	0
400200	0
400400	0
400600	0
400800	0
401000	0
401200	0
401400	0
401600	0
401800	0
402000	0
402200	0
402400	0
402600	0
402800	0
403000	0
403200	0
403400	0
403600	0
403800	1
404000	0
404200	0
404400	0
404600	0
404800	1
405000	0
405200	0
405400	0
405600	0
405800	0
406000	0
406200	0
406400	0
406600	0
406800	0
407000	0
407200	0
407400	0
407600	0
407800	0
408000	0
408200	0
408400	0
408600	0
408800	0
409000	0
409200	0
409400	0
409600	0
409800	0
410000	0
410200	0
410400	0
410600	0
410800	0
411000	0
411200	0
411400	0
411600	0
411800	0
412000	0
412200	0
412400	0
412600	0
412800	0
413000	0
413200	0
413400	0
413600	0
413800	0
414000	0
414200	0
414400	0
414600	0
414800	0
415000	0
415200	0
415400	0
415600	0
415800	0
416000	0
416200	0
416400	0
416600	0
416800	0
417000	0
417200	0
417400	0
417600	0
417800	0
418000	0
418200	0
418400	0
418600	0
418800	0
419000	0
419200	0
419400	0
419600	0
419800	0
420000	0
420200	0
420400	0
420600	0
420800	0
421000	0
421200	0
421400	0
421600	0
421800	0
422000	0
422200	0
422400	0
422600	0
422800	0
423000	0
423200	0
423400	0
423600	0
423800	0
424000	0
424200	0
424400	0
424600	0
424800	0
425000	0
425200	0
425400	0
425600	0
425800	0
426000	0
426200	0
426400	0
426600	1
426800	0
427000	0
427200	0
427400	0
427600	0
427800	0
428000	0
428200	0
428400	0
428600	0
428800	0
429000	0
429200	0
429400	0
429600	0
429800	0
430000	0
430200	0
430400	0
430600	0
430800	0
431000	0
431200	0
431400	0
431600	0
431800	0
432000	0
432200	0
432400	0
432600	0
432800	0
433000	0
433200	0
433400	0
433600	0
433800	0
434000	0
434200	0
434400	0
434600	0
434800	0
435000	0
435200	0
435400	0
435600	0
435800	0
436000	0
436200	0
436400	0
436600	0
436800	0
437000	0
437200	0
437400	0
437600	0
437800	0
438000	0
438200	0
438400	0
438600	1
438800	0
439000	0
439200	0
439400	0
439600	0
439800	0
440000	0
440200	0
440400	0
440600	0
440800	0
441000	0
441200	0
441400	0
441600	0
441800	0
442000	0
442200	0
442400	0
442600	0
442800	0
443000	0
443200	0
443400	0
443600	0
443800	0
444000	0
444200	0
444400	0
444600	0
444800	0
445000	0
445200	0
445400	0
445600	0
445800	0
446000	0
446200	0
446400	0
446600	0
446800	0
447000	0
447200	0
447400	0
447600	0
447800	0
448000	0
448200	0
448400	0
448600	0
448800	0
449000	0
449200	0
449400	0
449600	0
449800	0
450000	0
450200	0
450400	0
450600	0
450800	0
451000	0
451200	0
451400	0
451600	0
451800	0
452000	0
452200	0
452400	0
452600	0
452800	0
453000	0
453200	0
453400	0
453600	0
453800	0
454000	0
454200	0
454400	0
454600	0
454800	0
455000	0
455200	0
455400	0
455600	0
455800	0
456000	0
456200	0
456400	0
456600	0
456800	0
457000	0
457200	0
457400	0
457600	0
457800	0
458000	0
458200	0
458400	0
458600	0
458800	0
459000	0
459200	0
459400	0
459600	0
459800	0
460000	0
460200	0
460400	0
460600	0
460800	0
461000	0
461200	0
461400	0
461600	0
461800	0
462000	0
462200	0
462400	0
462600	0
462800	0
463000	0
463200	0
463400	0
463600	0
463800	0
464000	0
464200	0
464400	0
464600	0
464800	0
465000	0
465200	0
465400	0
465600	0
465800	0
466000	0
466200	0
466400	0
466600	0
466800	0
467000	0
467200	0
467400	0
467600	0
467800	0
468000	0
468200	0
468400	0
468600	0
468800	0
469000	0
469200	0
469400	0
469600	0
469800	0
470000	0
470200	0
470400	0
470600	0
470800	0
471000	0
471200	0
471400	0
471600	0
471800	0
472000	0
472200	0
472400	0
472600	0
472800	0
473000	0
473200	0
473400	0
473600	0
473800	0
474000	0
474200	0
474400	0
474600	1
474800	0
475000	0
475200	0
475400	0
475600	0
475800	0
476000	0
476200	0
476400	0
476600	0
476800	0
477000	0
477200	0
477400	0
477600	0
477800	0
478000	0
478200	0
478400	0
478600	0
478800	0
479000	0
479200	0
479400	0
479600	0
479800	0
480000	0
480200	0
480400	0
480600	0
480800	0
481000	0
481200	0
481400	0
481600	0
481800	0
482000	0
482200	0
482400	0
482600	0
482800	0
483000	0
483200	0
483400	0
483600	0
483800	0
484000	0
484200	0
484400	0
484600	0
484800	0
485000	0
485200	0
485400	0
485600	0
485800	0
486000	0
486200	0
486400	0
486600	0
486800	0
487000	0
487200	0
487400	0
487600	0
487800	0
488000	0
488200	0
488400	0
488600	0
488800	0
489000	0
489200	0
489400	0
489600	0
489800	0
490000	0
490200	0
490400	0
490600	0
490800	0
491000	0
491200	0
491400	0
491600	0
491800	0
492000	0
492200	0
492400	0
492600	0
492800	0
493000	0
493200	0
493400	0
493600	0
493800	0
494000	0
494200	0
494400	0
494600	0
494800	0
495000	0
495200	1
495400	0
495600	0
495800	0
496000	0
496200	0
496400	1
496600	0
496800	1
497000	0
497200	1
497400	1
497600	0
497800	0
498000	1
498200	0
498400	1
498600	1
498800	1
499000	1
499200	1
499400	0
499600	1
499800	1
500000	1
500200	0
500400	0
500600	1
500800	0
501000	1
501200	0
501400	1
501600	0
501800	1
502000	1
502200	0
502400	0
502600	0
502800	0
503000	0
503200	1
503400	1
503600	0
503800	0
504000	0
504200	0
504400	0
504600	0
504800	0
505000	0
505200	0
505400	0
505600	0
505800	0
506000	0
506200	0
506400	0
506600	0
506800	0
507000	0
507200	0
507400	0
507600	0
507800	0
508000	0
508200	0
508400	0
508600	0
508800	0
509000	0
509200	0
509400	0
509600	0
509800	0
510000	0
510200	0
510400	0
510600	0
510800	0
511000	0
511200	0
511400	1
511600	0
511800	0
512000	0
512200	0
512400	0
512600	0
512800	0
513000	0
513200	1
513400	0
513600	0
513800	0
514000	0
514200	0
514400	0
514600	0
514800	0
515000	0
515200	0
515400	0
515600	0
515800	0
516000	0
516200	0
516400	0
516600	0
516800	0
517000	0
517200	0
517400	0
517600	0
517800	0
518000	0
518200	0
518400	0
518600	0
518800	0
519000	0
519200	0
519400	0
519600	0
519800	0
520000	0
520200	0
520400	0
520600	0
520800	0
521000	0
521200	0
521400	0
521600	0
521800	0
522000	0
522200	0
522400	0
522600	0
522800	0
523000	0
523200	0
523400	0
523600	0
523800	0
524000	0
524200	0
524400	0
524600	0
524800	0
525000	0
525200	0
525400	0
525600	0
525800	0
526000	0
526200	0
526400	0
526600	0
526800	0
527000	0
527200	0
527400	0
527600	0
527800	0
528000	0
528200	0
528400	0
528600	0
528800	0
529000	0
529200	0
529400	0
529600	0
529800	0
530000	0
530200	0
530400	0
530600	0
530800	0
531000	0
531200	0
531400	0
531600	0
531800	0
532000	0
532200	0
532400	0
532600	0
532800	0
533000	0
533200	0
533400	0
533600	0
533800	0
534000	0
534200	0
534400	0
534600	0
534800	0
535000	0
535200	0
535400	0
535600	0
535800	0
536000	0
536200	0
536400	0
536600	0
536800	0
537000	0
537200	0
537400	0
537600	0
537800	0
538000	0
538200	0
538400	0
538600	0
538800	0
539000	0
539200	0
539400	0
539600	0
539800	0
540000	0
540200	0
540400	0
540600	0
540800	0
541000	0
541200	0
541400	0
541600	0
541800	0
542000	0
542200	0
542400	0
542600	0
542800	0
543000	0
543200	0
543400	0
543600	0
543800	0
544000	0
544200	0
544400	1
544600	0
544800	0
545000	0
545200	0
545400	0
545600	0
545800	0
546000	0
546200	0
546400	0
546600	0
546800	0
547000	0
547200	0
547400	0
547600	0
547800	0
548000	0
548200	0
548400	0
548600	0
548800	0
549000	0
549200	0
549400	0
549600	0
549800	0
550000	0
550200	0
550400	0
550600	0
550800	0
551000	0
551200	0
551400	0
551600	0
551800	0
552000	0
552200	0
552400	0
552600	0
552800	0
553000	0
553200	0
553400	0
553600	0
553800	0
554000	0
554200	0
554400	0
554600	0
554800	0
555000	0
555200	0
555400	0
555600	0
555800	0
556000	0
556200	0
556400	0
556600	0
556800	0
557000	0
557200	0
557400	0
557600	0
557800	0
558000	0
558200	0
558400	0
558600	0
558800	0
559000	0
559200	1
559400	0
559600	0
559800	0
560000	0
560200	0
560400	0
560600	0
560800	0
561000	0
561200	0
561400	0
561600	0
561800	0
562000	0
562200	0
562400	0
562600	0
562800	0
563000	0
563200	0
563400	0
563600	0
563800	0
564000	0
564200	0
564400	0
564600	0
564800	0
565000	0
565200	0
565400	0
565600	0
565800	0
566000	0
566200	0
566400	0
566600	0
566800	0
567000	0
567200	0
567400	0
567600	0
567800	0
568000	0
568200	0
568400	0
568600	0
568800	0
569000	1
569200	0
569400	0
569600	0
569800	0
570000	0
570200	0
570400	0
570600	0
570800	0
571000	0
571200	0
571400	0
571600	0
571800	0
572000	0
572200	0
572400	0
572600	0
572800	0
573000	0
573200	0
573400	0
573600	0
573800	0
574000	0
574200	0
574400	0
574600	0
574800	0
575000	0
575200	0
575400	0
575600	0
575800	0
576000	0
576200	0
576400	0
576600	0
576800	0
577000	0
577200	1
577400	0
577600	0
577800	0
578000	0
578200	0
578400	0
578600	0
578800	0
579000	0
579200	0
579400	0
579600	0
579800	0
580000	0
580200	0
580400	0
580600	0
580800	0
581000	0
581200	0
581400	0
581600	0
581800	0
582000	0
582200	0
582400	0
582600	0
582800	0
583000	0
583200	0
583400	0
583600	0
583800	0
584000	0
584200	0
584400	0
584600	0
584800	0
585000	0
585200	0
585400	0
585600	0
585800	0
586000	0
586200	0
586400	0
586600	0
586800	0
587000	0
587200	0
587400	0
587600	0
587800	0
588000	0
588200	0
588400	0
588600	0
588800	0
589000	0
589200	0
589400	0
589600	0
589800	0
590000	0
590200	0
590400	0
590600	0
590800	0
591000	0
591200	0
591400	0
591600	0
591800	0
592000	0
592200	0
592400	0
592600	0
592800	0
593000	0
593200	1
593400	0
593600	0
593800	0
594000	0
594200	0
594400	0
594600	0
594800	0
595000	0
595200	0
595400	0
595600	0
595800	0
596000	0
596200	0
596400	0
596600	0
596800	0
597000	0
597200	0
597400	0
597600	0
597800	0
598000	0
598200	0
598400	0
598600	0
598800	0
599000	0
599200	0
599400	0
599600	0
599800	0
600000	0
600200	0
600400	0
600600	0
600800	0
601000	0
601200	0
601400	0
601600	0
601800	0
602000	0
602200	0
602400	0
602600	0
602800	1
603000	0
603200	0
603400	0
603600	0
603800	0
604000	0
604200	0
604400	0
604600	0
604800	0
605000	0
605200	0
605400	0
605600	0
605800	0
606000	0
606200	0
606400	0
606600	0
606800	0
607000	0
607200	0
607400	0
607600	0
607800	0
608000	0
608200	0
608400	0
608600	0
608800	0
609000	0
609200	0
609400	0
609600	0
609800	0
610000	0
610200	0
610400	0
610600	0
610800	0
611000	0
611200	0
611400	0
611600	0
611800	0
612000	0
612200	0
612400	0
612600	0
612800	0
613000	0
613200	0
613400	0
613600	0
613800	0
614000	0
614200	0
614400	1
614600	0
614800	0
615000	0
615200	0
615400	0
615600	0
615800	0
616000	0
616200	0
616400	0
616600	0
616800	0
617000	0
617200	0
617400	0
617600	0
617800	0
618000	1
618200	1
618400	0
618600	0
618800	0
619000	0
619200	1
619400	0
619600	0
619800	0
620000	0
620200	0
620400	0
620600	0
620800	0
621000	0
621200	0
621400	0
621600	1
621800	0
622000	0
622200	0
622400	0
622600	0
622800	0
623000	0
623200	0
623400	0
623600	0
623800	0
624000	0
624200	0
624400	0
624600	0
624800	1
625000	0
625200	0
625400	0
625600	0
625800	0
626000	0
626200	0
626400	0
626600	0
626800	0
627000	0
627200	0
627400	0
627600	0
627800	0
628000	0
628200	0
628400	0
628600	0
628800	0
629000	0
629200	0
629400	0
629600	0
629800	0
630000	0
630200	0
630400	0
630600	0
630800	0
631000	0
631200	0
631400	0
631600	0
631800	0
632000	0
632200	0
632400	0
632600	0
632800	0
633000	0
633200	0
633400	0
633600	0
633800	0
634000	0
634200	1
634400	0
634600	0
634800	0
635000	0
635200	0
635400	0
635600	0
635800	0
636000	0
636200	0
636400	0
636600	0
636800	0
637000	0
637200	0
637400	0
637600	0
637800	0
638000	0
638200	0
638400	0
638600	0
638800	0
639000	0
639200	0
639400	0
639600	0
639800	0
640000	0
640200	0
640400	0
640600	0
640800	0
641000	0
641200	0
641400	0
641600	0
641800	0
642000	0
642200	0
642400	0
642600	0
642800	0
643000	0
643200	0
643400	0
643600	0
643800	0
644000	0
644200	0
644400	0
644600	0
644800	0
645000	0
645200	0
645400	0
645600	0
645800	0
646000	0
646200	0
646400	0
646600	0
646800	0
647000	0
647200	0
647400	0
647600	0
647800	0
648000	0
648200	0
648400	0
648600	0
648800	0
649000	0
649200	0
649400	0
649600	0
649800	0
650000	0
650200	0
650400	0
650600	0
650800	0
651000	0
651200	0
651400	0
651600	0
651800	0
652000	0
652200	0
652400	0
652600	0
652800	0
653000	1
653200	0
653400	0
653600	0
653800	0
654000	0
654200	0
654400	0
654600	0
654800	0
655000	0
655200	0
655400	0
655600	0
655800	0
656000	0
656200	0
656400	0
656600	0
656800	1
657000	0
657200	0
657400	0
657600	1
657800	1
658000	1
658200	0
658400	0
658600	0
658800	0
659000	1
659200	0
659400	1
659600	1
659800	0
660000	0
660200	0
660400	0
660600	0
660800	1
661000	0
661200	0
661400	0
661600	1
661800	0
662000	0
662200	0
662400	1
662600	1
662800	0
663000	0
663200	1
663400	0
663600	0
663800	1
664000	0
664200	1
664400	1
664600	1
664800	0
665000	0
665200	0
665400	1
665600	1
665800	1
666000	1
666200	0
666400	1
666600	1
666800	1
667000	0
667200	1
667400	1
667600	0
667800	0
668000	0
668200	1
668400	0
668600	1
668800	0
669000	1
669200	1
669400	1
669600	0
669800	1
670000	1
670200	1
670400	1
670600	1
670800	1
671000	0
671200	0
671400	1
671600	0
671800	1
672000	1
672200	0
672400	1
672600	1
672800	1
673000	1
673200	0
673400	1
673600	1
673800	1
674000	1
674200	1
674400	0
674600	0
674800	1
675000	0
675200	1
675400	0
675600	0
675800	0
676000	0
676200	0
676400	0
676600	0
676800	1
677000	1
677200	1
677400	0
677600	1
677800	0
678000	1
678200	0
678400	0
678600	0
678800	1
679000	1
679200	1
679400	1
679600	0
679800	0
680000	1
680200	1
680400	1
680600	1
680800	0
681000	0
681200	0
681400	1
681600	1
681800	1
682000	1
682200	1
682400	1
682600	1
682800	1
683000	0
683200	1
683400	1
683600	1
683800	1
684000	1
684200	0
684400	1
684600	1
684800	1
685000	0
685200	1
685400	1
685600	1
685800	1
686000	0
686200	1
686400	1
686600	0
686800	1
687000	0
687200	0
687400	1
687600	1
687800	1
688000	0
688200	1
688400	1
688600	1
688800	1
689000	1
689200	1
689400	0
689600	1
689800	1
690000	1
690200	1
690400	1
690600	1
690800	1
691000	1
691200	1
691400	1
691600	1
691800	1
692000	1
692200	1
692400	1
692600	1
692800	1
693000	1
693200	1
693400	1
693600	0
693800	1
694000	1
694200	1
694400	1
694600	1
694800	1
695000	1
695200	1
695400	1
695600	1
695800	1
696000	1
696200	1
696400	1
696600	1
696800	1
697000	1
697200	1
697400	1
697600	1
697800	1
698000	1
698200	0
698400	1
698600	1
698800	1
699000	1
699200	1
699400	1
699600	1
699800	1
700000	1
700200	1
700400	1
700600	1
700800	1
701000	1
701200	1
701400	1
701600	1
701800	1
702000	1
702200	1
702400	1
702600	1
702800	1
703000	1
703200	1
703400	1
703600	1
703800	1
704000	1
704200	1
704400	1
704600	1
704800	1
705000	1
705200	1
705400	1
705600	1
705800	1
706000	1
706200	1
706400	1
706600	1
706800	1
707000	1
707200	1
707400	1
707600	1
707800	1
708000	1
708200	1
708400	1
708600	1
708800	1
709000	1
709200	1
709400	1
709600	1
709800	1
710000	1
710200	1
710400	1
710600	1
710800	0
711000	1
711200	1
711400	1
711600	1
711800	1
712000	1
712200	1
712400	1
712600	1
712800	1
713000	1
713200	1
713400	1
713600	1
713800	1
714000	1
714200	1
714400	1
714600	1
714800	1
715000	1
715200	1
715400	1
715600	1
715800	1
716000	1
716200	1
716400	1
716600	1
716800	1
717000	1
717200	1
717400	1
717600	1
717800	1
718000	1
718200	1
718400	1
718600	1
718800	1
719000	1
719200	1
719400	1
719600	1
719800	1
720000	0
720200	1
720400	1
720600	1
720800	1
721000	1
721200	1
721400	1
721600	1
721800	1
722000	1
722200	1
722400	1
722600	1
722800	1
723000	1
723200	1
723400	1
723600	1
723800	1
724000	1
724200	1
724400	1
724600	1
724800	1
725000	1
725200	1
725400	1
725600	1
725800	1
726000	1
726200	1
726400	1
726600	1
726800	1
727000	1
727200	1
727400	1
727600	1
727800	1
728000	1
728200	1
728400	1
728600	1
728800	1
729000	1
729200	1
729400	1
729600	1
729800	1
730000	1
730200	1
730400	1
730600	1
730800	1
731000	1
731200	1
731400	1
731600	1
731800	1
732000	1
732200	1
732400	1
732600	1
732800	1
733000	1
733200	1
733400	1
733600	1
733800	1
734000	1
734200	1
734400	1
734600	1
734800	1
735000	1
735200	1
735400	1
735600	1
735800	1
736000	1
736200	1
736400	1
736600	1
736800	1
737000	1
737200	1
737400	1
737600	1
737800	1
738000	1
738200	1
738400	1
738600	1
738800	1
739000	1
739200	1
739400	1
739600	1
739800	1
740000	1
740200	1
740400	1
740600	1
740800	1
741000	1
741200	1
741400	1
741600	1
741800	1
742000	1
742200	1
742400	1
742600	1
742800	1
743000	1
743200	1
743400	1
743600	1
743800	1
744000	1
744200	1
744400	1
744600	1
744800	1
745000	1
745200	1
745400	1
745600	1
745800	1
746000	1
746200	1
746400	1
746600	1
746800	1
747000	1
747200	1
747400	1
747600	1
747800	1
748000	1
748200	1
748400	1
748600	1
748800	1
749000	1
749200	1
749400	1
749600	1
749800	1
750000	1
750200	1
750400	1
750600	1
750800	1
751000	1
751200	1
751400	1
751600	1
751800	1
752000	1
752200	1
752400	1
752600	1
752800	1
753000	1
753200	1
753400	1
753600	1
753800	1
754000	1
754200	1
754400	1
754600	1
754800	1
755000	1
755200	1
755400	1
755600	1
755800	1
756000	1
756200	1
756400	1
756600	1
756800	1
757000	1
757200	1
757400	1
757600	1
757800	1
758000	1
758200	1
758400	1
758600	1
758800	1
759000	1
759200	1
759400	1
759600	1
759800	1
760000	1
760200	1
760400	1
760600	1
760800	1
761000	1
761200	1
761400	1
761600	1
761800	1
762000	1
762200	1
762400	1
762600	1
762800	1
763000	1
763200	1
763400	1
763600	1
763800	1
764000	1
764200	1
764400	1
764600	1
764800	1
765000	1
765200	1
765400	1
765600	1
765800	1
766000	1
766200	1
766400	1
766600	1
766800	1
767000	1
767200	1
767400	1
767600	1
767800	1
768000	1
768200	1
768400	1
768600	1
768800	1
769000	1
769200	1
769400	1
769600	1
769800	1
770000	1
770200	1
770400	1
770600	1
770800	1
771000	1
771200	1
771400	1
771600	1
771800	1
772000	1
772200	1
772400	1
772600	1
772800	1
773000	1
773200	1
773400	1
773600	1
773800	1
774000	1
774200	1
774400	1
774600	1
774800	1
775000	1
775200	1
775400	1
775600	1
775800	1
776000	1
776200	1
776400	1
776600	1
776800	1
777000	1
777200	1
777400	1
777600	1
777800	1
778000	1
778200	1
778400	1
778600	1
778800	1
779000	1
779200	1
779400	1
779600	1
779800	1
780000	1
780200	1
780400	1
780600	1
780800	1
781000	1
781200	1
781400	1
781600	1
781800	1
782000	1
782200	1
782400	1
782600	1
782800	1
783000	1
783200	1
783400	1
783600	1
783800	1
784000	1
784200	1
784400	1
784600	1
784800	1
785000	1
785200	1
785400	1
785600	1
785800	1
786000	1
786200	1
786400	1
786600	1
786800	1
787000	1
787200	1
787400	1
787600	1
787800	1
788000	1
788200	1
788400	1
788600	1
788800	1
789000	1
789200	1
789400	1
789600	1
789800	1
790000	1
790200	1
790400	1
790600	1
790800	1
791000	1
791200	1
791400	1
791600	1
791800	1
792000	1
792200	1
792400	1
792600	1
792800	1
793000	1
793200	1
793400	1
793600	1
793800	1
794000	1
794200	1
794400	1
794600	1
794800	1
795000	1
795200	1
795400	1
795600	1
795800	1
796000	1
796200	1
796400	1
796600	1
796800	1
797000	1
797200	1
797400	1
797600	1
797800	1
798000	1
798200	1
798400	1
798600	1
798800	1
799000	1
799200	1
799400	1
799600	1
799800	1
800000	1
800200	1
800400	1
800600	1
800800	1
801000	1
801200	1
801400	1
801600	1
801800	1
802000	1
802200	1
802400	1
802600	1
802800	1
803000	1
803200	1
803400	1
803600	1
803800	1
804000	1
804200	1
804400	1
804600	1
804800	1
805000	1
805200	1
805400	1
805600	1
805800	1
806000	1
806200	1
806400	1
806600	1
806800	1
807000	1
807200	1
807400	1
807600	1
807800	1
808000	1
808200	1
808400	1
808600	1
808800	1
809000	1
809200	1
809400	1
809600	1
809800	1
810000	1
810200	1
810400	1
810600	1
810800	1
811000	1
811200	1
811400	1
811600	1
811800	1
812000	1
812200	1
812400	1
812600	1
812800	1
813000	1
813200	1
813400	1
813600	1
813800	1
814000	1
814200	1
814400	1
814600	1
814800	1
815000	1
815200	1
815400	1
815600	1
815800	1
816000	1
816200	1
816400	1
816600	1
816800	1
817000	1
817200	1
817400	1
817600	1
817800	1
818000	1
818200	1
818400	1
818600	1
818800	1
819000	1
819200	1
819400	1
819600	1
819800	1
820000	1
820200	1
820400	1
820600	1
820800	1
821000	1
821200	1
821400	1
821600	1
821800	1
822000	1
822200	1
822400	1
822600	1
822800	1
823000	1
823200	1
823400	1
823600	1
823800	1
824000	1
824200	1
824400	1
824600	1
824800	1
825000	1
825200	1
825400	1
825600	1
825800	1
826000	1
826200	1
826400	1
826600	1
826800	1
827000	1
827200	1
827400	1
827600	1
827800	1
828000	1
828200	1
828400	1
828600	1
828800	1
829000	1
829200	1
829400	1
829600	1
829800	1
830000	1
830200	1
830400	1
830600	1
830800	1
831000	1
831200	1
831400	1
831600	1
831800	1
832000	1
832200	1
832400	1
832600	1
832800	1
833000	1
833200	1
833400	1
833600	1
833800	1
834000	1
834200	1
834400	1
834600	1
834800	1
835000	1
835200	1
835400	1
835600	1
835800	1
836000	1
836200	1
836400	1
836600	1
836800	1
837000	1
837200	1
837400	1
837600	1
837800	1
838000	1
838200	1
838400	1
838600	1
838800	0
839000	1
839200	1
839400	1
839600	1
839800	1
840000	1
840200	1
840400	1
840600	1
840800	1
841000	1
841200	1
841400	1
841600	1
841800	1
842000	1
842200	1
842400	1
842600	1
842800	1
843000	1
843200	1
843400	1
843600	1
843800	1
844000	1
844200	1
844400	1
844600	1
844800	1
845000	1
845200	1
845400	1
845600	1
845800	1
846000	1
846200	1
846400	1
846600	1
846800	1
847000	1
847200	1
847400	1
847600	1
847800	1
848000	1
848200	1
848400	1
848600	1
848800	1
849000	1
849200	1
849400	1
849600	1
849800	1
850000	1
850200	1
850400	1
850600	1
850800	1
851000	1
851200	1
851400	1
851600	1
851800	1
852000	1
852200	1
852400	1
852600	1
852800	1
853000	1
853200	1
853400	1
853600	1
853800	1
854000	1
854200	1
854400	1
854600	1
854800	1
855000	1
855200	1
855400	1
855600	1
855800	1
856000	1
856200	1
856400	1
856600	1
856800	1
857000	1
857200	1
857400	1
857600	1
857800	1
858000	1
858200	1
858400	1
858600	1
858800	1
859000	1
859200	1
859400	1
859600	1
859800	1
860000	1
860200	1
860400	1
860600	1
860800	1
861000	1
861200	1
861400	1
861600	1
861800	1
862000	1
862200	1
862400	1
862600	1
862800	1
863000	1
863200	1
863400	1
863600	1
863800	1
864000	1
864200	1
864400	1
864600	1
864800	1
865000	1
865200	1
865400	1
865600	1
865800	1
866000	1
866200	1
866400	1
866600	1
866800	1
867000	1
867200	1
867400	1
867600	1
867800	1
868000	1
868200	1
868400	1
868600	1
868800	1
869000	1
869200	1
869400	1
869600	1
869800	1
870000	1
870200	1
870400	1
870600	1
870800	1
871000	1
871200	1
871400	1
871600	1
871800	1
872000	1
872200	1
872400	1
872600	1
872800	1
873000	1
873200	1
873400	1
873600	1
873800	1
874000	1
874200	1
874400	1
874600	1
874800	1
875000	1
875200	1
875400	1
875600	1
875800	1
876000	1
876200	1
876400	1
876600	1
876800	1
877000	1
877200	1
877400	1
877600	1
877800	1
878000	1
878200	1
878400	1
878600	1
878800	1
879000	1
879200	1
879400	1
879600	1
879800	1
880000	1
880200	1
880400	1
880600	1
880800	1
881000	1
881200	1
881400	1
881600	1
881800	1
882000	1
882200	1
882400	1
882600	1
882800	1
883000	1
883200	1
883400	1
883600	1
883800	1
884000	1
884200	1
884400	1
884600	1
884800	1
885000	1
885200	1
885400	1
885600	1
885800	1
886000	1
886200	1
886400	1
886600	1
886800	1
887000	1
887200	1
887400	1
887600	1
887800	1
888000	1
888200	1
888400	1
888600	1
888800	1
889000	1
889200	1
889400	1
889600	1
889800	1
890000	1
890200	1
890400	1
890600	1
890800	1
891000	1
891200	1
891400	1
891600	1
891800	1
892000	1
892200	1
892400	1
892600	1
892800	1
893000	1
893200	1
893400	1
893600	1
893800	1
894000	1
894200	1
894400	1
894600	1
894800	1
895000	1
895200	1
895400	1
895600	1
895800	1
896000	1
896200	1
896400	1
896600	1
896800	1
897000	1
897200	1
897400	1
897600	1
897800	1
898000	1
898200	1
898400	1
898600	1
898800	1
899000	1
899200	1
899400	1
899600	1
899800	1
900000	1
900200	1
900400	1
900600	1
900800	1
901000	1
901200	1
901400	1
901600	1
901800	1
902000	1
902200	1
902400	1
902600	1
902800	1
903000	1
903200	1
903400	1
903600	1
903800	1
904000	1
904200	1
904400	1
904600	1
904800	1
905000	1
905200	1
905400	1
905600	1
905800	1
906000	1
906200	1
906400	1
906600	1
906800	1
907000	1
907200	1
907400	1
907600	1
907800	1
908000	1
908200	1
908400	1
908600	1
908800	1
909000	1
909200	1
909400	1
909600	1
909800	1
910000	1
910200	1
910400	1
910600	1
910800	1
911000	1
911200	1
911400	1
911600	1
911800	1
912000	1
912200	1
912400	1
912600	1
912800	1
913000	1
913200	1
913400	1
913600	1
913800	1
914000	1
914200	1
914400	1
914600	1
914800	1
915000	1
915200	1
915400	1
915600	1
915800	1
916000	1
916200	1
916400	1
916600	1
916800	1
917000	1
917200	1
917400	1
917600	1
917800	1
918000	1
918200	1
918400	1
918600	1
918800	1
919000	1
919200	1
919400	1
919600	1
919800	1
920000	1
920200	1
920400	1
920600	1
920800	1
921000	1
921200	1
921400	1
921600	1
921800	1
922000	1
922200	1
922400	1
922600	1
922800	1
923000	0
923200	1
923400	1
923600	1
923800	1
924000	1
924200	1
924400	1
924600	1
924800	1
925000	1
925200	1
925400	1
925600	1
925800	1
926000	1
926200	1
926400	1
926600	1
926800	1
927000	1
927200	1
927400	1
927600	1
927800	1
928000	1
928200	1
928400	1
928600	1
928800	1
929000	1
929200	1
929400	1
929600	1
929800	1
930000	1
930200	1
930400	1
930600	1
930800	1
931000	1
931200	1
931400	1
931600	0
931800	1
932000	1
932200	1
932400	1
932600	1
932800	1
933000	1
933200	1
933400	1
933600	1
933800	1
934000	1
934200	1
934400	1
934600	1
934800	1
935000	1
935200	1
935400	1
935600	1
935800	1
936000	1
936200	1
936400	1
936600	1
936800	1
937000	1
937200	1
937400	1
937600	1
937800	1
938000	1
938200	1
938400	1
938600	1
938800	1
939000	1
939200	1
939400	1
939600	1
939800	1
940000	1
940200	1
940400	1
940600	1
940800	1
941000	1
941200	1
941400	1
941600	1
941800	1
942000	1
942200	1
942400	1
942600	1
942800	1
943000	1
943200	1
943400	1
943600	1
943800	1
944000	1
944200	1
944400	1
944600	1
944800	1
945000	1
945200	1
945400	1
945600	1
945800	1
946000	1
946200	1
946400	1
946600	1
946800	1
947000	1
947200	1
947400	1
947600	1
947800	1
948000	1
948200	1
948400	1
948600	1
948800	1
949000	1
949200	1
949400	1
949600	1
949800	1
950000	1
950200	1
950400	1
950600	1
950800	1
951000	1
951200	1
951400	1
951600	1
951800	1
952000	1
952200	1
952400	1
952600	1
952800	1
953000	1
953200	1
953400	1
953600	1
953800	1
954000	1
954200	1
954400	1
954600	1
954800	1
955000	1
955200	1
955400	1
955600	1
955800	1
956000	1
956200	1
956400	1
956600	1
956800	0
957000	1
957200	1
957400	1
957600	1
957800	1
958000	1
958200	1
958400	1
958600	1
958800	1
959000	1
959200	1
959400	1
959600	1
959800	1
960000	1
960200	1
960400	1
960600	1
960800	1
961000	1
961200	1
961400	1
961600	1
961800	1
962000	1
962200	1
962400	1
962600	1
962800	1
963000	1
963200	1
963400	1
963600	1
963800	1
964000	1
964200	1
964400	1
964600	1
964800	1
965000	1
965200	1
965400	1
965600	1
965800	1
966000	1
966200	1
966400	1
966600	1
966800	1
967000	1
967200	1
967400	1
967600	1
967800	1
968000	1
968200	1
968400	1
968600	1
968800	1
969000	1
969200	1
969400	1
969600	1
969800	1
970000	1
970200	1
970400	1
970600	1
970800	1
971000	1
971200	1
971400	1
971600	1
971800	1
972000	1
972200	1
972400	1
972600	1
972800	1
973000	1
973200	1
973400	1
973600	1
973800	1
974000	1
974200	1
974400	1
974600	1
974800	1
975000	1
975200	1
975400	1
975600	1
975800	1
976000	1
976200	1
976400	1
976600	1
976800	1
977000	1
977200	1
977400	1
977600	1
977800	1
978000	1
978200	1
978400	1
978600	1
978800	1
979000	1
979200	1
979400	1
979600	1
979800	1
980000	1
980200	1
980400	1
980600	1
980800	1
981000	1
981200	1
981400	1
981600	1
981800	1
982000	1
982200	1
982400	1
982600	1
982800	1
983000	1
983200	1
983400	1
983600	1
983800	1
984000	1
984200	1
984400	1
984600	1
984800	1
985000	1
985200	1
985400	1
985600	1
985800	1
986000	1
986200	1
986400	1
986600	1
986800	1
987000	1
987200	1
987400	1
987600	1
987800	1
988000	1
988200	1
988400	1
988600	1
988800	1
989000	1
989200	1
989400	1
989600	1
989800	1
990000	1
990200	1
990400	1
990600	1
990800	1
991000	1
991200	1
991400	1
991600	1
991800	1
992000	1
992200	1
992400	1
992600	1
992800	1
993000	1
993200	1
993400	1
993600	1
993800	1
994000	1
994200	1
994400	1
994600	1
994800	1
995000	1
995200	1
995400	1
995600	1
995800	1
996000	1
996200	1
996400	1
996600	1
996800	1
997000	1
997200	1
997400	0
997600	1
997800	1
998000	1
998200	1
998400	1
998600	1
998800	1
999000	1
999200	1
999400	1
999600	1
999800	1
1000000	1
