Test step	Reward
400	0
800	0
1200	0
1600	0
2000	0
2400	0
2800	0
3200	0
3600	0
4000	0
4400	0
4800	0
5200	0
5600	0
6000	1
6400	0
6800	0
7200	0
7600	0
8000	0
8400	0
8800	1
9200	0
9600	0
10000	0
10400	0
10800	0
11200	0
11600	0
12000	0
12400	0
12800	0
13200	0
13600	0
14000	0
14400	0
14800	0
15200	0
15600	0
16000	0
16400	0
16800	0
17200	0
17600	0
18000	0
18400	0
18800	0
19200	0
19600	0
20000	0
20400	0
20800	1
21200	0
21600	0
22000	0
22400	0
22800	0
23200	1
23600	0
24000	0
24400	0
24800	0
25200	0
25600	0
26000	0
26400	0
26800	0
27200	0
27600	0
28000	0
28400	0
28800	0
29200	0
29600	0
30000	0
30400	0
30800	0
31200	0
31600	0
32000	0
32400	0
32800	0
33200	0
33600	0
34000	0
34400	0
34800	0
35200	0
35600	0
36000	0
36400	0
36800	0
37200	0
37600	0
38000	0
38400	1
38800	0
39200	0
39600	0
40000	0
40400	0
40800	0
41200	0
41600	0
42000	0
42400	0
42800	0
43200	0
43600	1
44000	0
44400	0
44800	0
45200	0
45600	0
46000	0
46400	0
46800	0
47200	0
47600	0
48000	0
48400	0
48800	0
49200	0
49600	0
50000	0
50400	0
50800	0
51200	0
51600	0
52000	0
52400	0
52800	0
53200	0
53600	0
54000	0
54400	0
54800	0
55200	0
55600	0
56000	0
56400	0
56800	0
57200	0
57600	0
58000	0
58400	0
58800	0
59200	0
59600	0
60000	0
60400	0
60800	0
61200	0
61600	0
62000	0
62400	0
62800	0
63200	1
63600	0
64000	0
64400	0
64800	0
65200	0
65600	0
66000	0
66400	0
66800	0
67200	0
67600	0
68000	0
68400	0
68800	0
69200	1
69600	0
70000	0
70400	0
70800	0
71200	0
71600	0
72000	0
72400	0
72800	0
73200	0
73600	0
74000	0
74400	0
74800	0
75200	0
75600	0
76000	0
76400	0
76800	0
77200	0
77600	0
78000	0
78400	0
78800	0
79200	0
79600	0
80000	0
80400	0
80800	1
81200	0
81600	0
82000	0
82400	1
82800	0
83200	0
83600	0
84000	0
84400	0
84800	0
85200	0
85600	0
86000	0
86400	0
86800	0
87200	0
87600	0
88000	0
88400	0
88800	0
89200	0
89600	0
90000	0
90400	0
90800	0
91200	0
91600	0
92000	0
92400	0
92800	0
93200	0
93600	0
94000	0
94400	0
94800	0
95200	0
95600	0
96000	0
96400	0
96800	0
97200	0
97600	0
98000	0
98400	0
98800	0
99200	0
99600	0
100000	0
100400	0
100800	1
101200	0
101600	0
102000	1
102400	0
102800	0
103200	0
103600	0
104000	0
104400	0
104800	0
105200	0
105600	0
106000	0
106400	0
106800	0
107200	0
107600	0
108000	0
108400	0
108800	0
109200	0
109600	0
110000	0
110400	0
110800	0
111200	0
111600	0
112000	0
112400	0
112800	0
113200	0
113600	0
114000	0
114400	0
114800	0
115200	0
115600	0
116000	0
116400	0
116800	0
117200	0
117600	0
118000	0
118400	0
118800	0
119200	0
119600	0
120000	0
120400	0
120800	0
121200	0
121600	0
122000	0
122400	0
122800	0
123200	0
123600	0
124000	0
124400	0
124800	0
125200	0
125600	0
126000	0
126400	0
126800	0
127200	0
127600	0
128000	0
128400	0
128800	1
129200	0
129600	0
130000	0
130400	0
130800	0
131200	0
131600	0
132000	0
132400	0
132800	0
133200	0
133600	1
134000	0
134400	0
134800	0
135200	0
135600	0
136000	0
136400	0
136800	0
137200	0
137600	0
138000	0
138400	0
138800	0
139200	0
139600	0
140000	0
140400	0
140800	0
141200	0
141600	0
142000	1
142400	0
142800	0
143200	0
143600	0
144000	0
144400	0
144800	0
145200	0
145600	0
146000	0
146400	0
146800	0
147200	0
147600	0
148000	0
148400	0
148800	0
149200	0
149600	0
150000	0
150400	0
150800	0
151200	0
151600	0
152000	0
152400	1
152800	0
153200	0
153600	0
154000	1
154400	0
154800	0
155200	0
155600	0
156000	0
156400	0
156800	0
157200	0
157600	0
158000	1
158400	0
158800	0
159200	0
159600	0
160000	0
160400	0
160800	0
161200	0
161600	0
162000	0
162400	0
162800	0
163200	0
163600	0
164000	0
164400	0
164800	0
165200	0
165600	0
166000	0
166400	0
166800	0
167200	0
167600	0
168000	0
168400	0
168800	0
169200	0
169600	0
170000	0
170400	0
170800	1
171200	0
171600	0
172000	0
172400	0
172800	0
173200	0
173600	0
174000	0
174400	0
174800	0
175200	0
175600	0
176000	0
176400	0
176800	1
177200	0
177600	0
178000	0
178400	0
178800	0
179200	0
179600	0
180000	0
180400	0
180800	1
181200	0
181600	0
182000	0
182400	0
182800	0
183200	0
183600	1
184000	0
184400	0
184800	0
185200	0
185600	0
186000	0
186400	0
186800	0
187200	0
187600	0
188000	0
188400	0
188800	0
189200	0
189600	0
190000	1
190400	0
190800	0
191200	0
191600	1
192000	0
192400	0
192800	0
193200	0
193600	0
194000	0
194400	0
194800	0
195200	0
195600	0
196000	0
196400	0
196800	0
197200	0
197600	0
198000	0
198400	0
198800	0
199200	0
199600	0
200000	0
200400	0
200800	0
201200	0
201600	0
202000	0
202400	0
202800	0
203200	0
203600	0
204000	0
204400	0
204800	0
205200	0
205600	0
206000	0
206400	1
206800	0
207200	0
207600	0
208000	0
208400	0
208800	0
209200	0
209600	0
210000	0
210400	0
210800	0
211200	1
211600	0
212000	0
212400	1
212800	1
213200	0
213600	0
214000	0
214400	0
214800	0
215200	0
215600	0
216000	0
216400	0
216800	0
217200	0
217600	0
218000	0
218400	0
218800	0
219200	0
219600	0
220000	1
220400	0
220800	0
221200	0
221600	0
222000	0
222400	0
222800	0
223200	0
223600	0
224000	0
224400	0
224800	0
225200	0
225600	0
226000	0
226400	0
226800	0
227200	0
227600	0
228000	0
228400	0
228800	0
229200	0
229600	1
230000	0
230400	0
230800	0
231200	0
231600	0
232000	0
232400	0
232800	0
233200	0
233600	0
234000	0
234400	0
234800	0
235200	0
235600	0
236000	0
236400	0
236800	0
237200	0
237600	0
238000	0
238400	0
238800	0
239200	0
239600	0
240000	0
240400	0
240800	0
241200	0
241600	0
242000	0
242400	0
242800	0
243200	0
243600	0
244000	1
244400	0
244800	0
245200	1
245600	0
246000	0
246400	0
246800	0
247200	0
247600	0
248000	0
248400	0
248800	0
249200	0
249600	0
250000	0
250400	0
250800	1
251200	0
251600	0
252000	0
252400	0
252800	0
253200	0
253600	0
254000	1
254400	0
254800	0
255200	0
255600	0
256000	0
256400	0
256800	0
257200	0
257600	0
258000	0
258400	0
258800	0
259200	0
259600	0
260000	0
260400	0
260800	0
261200	0
261600	0
262000	0
262400	0
262800	0
263200	0
263600	0
264000	0
264400	0
264800	1
265200	0
265600	0
266000	0
266400	0
266800	0
267200	0
267600	0
268000	0
268400	1
268800	0
269200	0
269600	0
270000	0
270400	0
270800	0
271200	0
271600	0
272000	0
272400	0
272800	0
273200	0
273600	0
274000	0
274400	0
274800	0
275200	0
275600	0
276000	1
276400	0
276800	0
277200	0
277600	0
278000	0
278400	0
278800	0
279200	0
279600	0
280000	0
280400	0
280800	0
281200	0
281600	1
282000	0
282400	0
282800	0
283200	0
283600	0
284000	0
284400	0
284800	0
285200	0
285600	0
286000	0
286400	0
286800	0
287200	0
287600	0
288000	0
288400	0
288800	0
289200	0
289600	0
290000	0
290400	0
290800	0
291200	0
291600	0
292000	0
292400	0
292800	0
293200	0
293600	0
294000	0
294400	0
294800	0
295200	0
295600	0
296000	0
296400	0
296800	0
297200	0
297600	0
298000	0
298400	0
298800	0
299200	0
299600	0
300000	0
300400	0
300800	0
301200	0
301600	0
302000	0
302400	0
302800	0
303200	0
303600	0
304000	0
304400	0
304800	0
305200	0
305600	0
306000	0
306400	0
306800	0
307200	0
307600	0
308000	0
308400	0
308800	0
309200	0
309600	0
310000	0
310400	0
310800	0
311200	0
311600	0
312000	0
312400	0
312800	0
313200	0
313600	0
314000	0
314400	0
314800	0
315200	0
315600	0
316000	0
316400	0
316800	0
317200	0
317600	0
318000	0
318400	0
318800	0
319200	0
319600	0
320000	0
320400	0
320800	0
321200	0
321600	0
322000	0
322400	0
322800	0
323200	0
323600	0
324000	0
324400	0
324800	0
325200	0
325600	0
326000	0
326400	0
326800	0
327200	0
327600	0
328000	0
328400	0
328800	0
329200	0
329600	0
330000	0
330400	0
330800	0
331200	0
331600	0
332000	0
332400	0
332800	0
333200	0
333600	0
334000	0
334400	0
334800	0
335200	0
335600	0
336000	0
336400	0
336800	0
337200	0
337600	0
338000	0
338400	1
338800	0
339200	1
339600	0
340000	0
340400	0
340800	0
341200	0
341600	0
342000	0
342400	0
342800	0
343200	0
343600	0
344000	0
344400	0
344800	0
345200	0
345600	1
346000	0
346400	0
346800	0
347200	0
347600	0
348000	0
348400	0
348800	0
349200	0
349600	0
350000	0
350400	0
350800	0
351200	0
351600	0
352000	0
352400	0
352800	0
353200	0
353600	0
354000	0
354400	0
354800	0
355200	0
355600	0
356000	0
356400	0
356800	0
357200	0
357600	1
358000	0
358400	0
358800	0
359200	0
359600	0
360000	0
360400	0
360800	0
361200	0
361600	0
362000	0
362400	0
362800	1
363200	0
363600	0
364000	0
364400	0
364800	0
365200	0
365600	0
366000	1
366400	0
366800	0
367200	0
367600	0
368000	0
368400	0
368800	0
369200	0
369600	0
370000	0
370400	0
370800	0
371200	0
371600	0
372000	0
372400	0
372800	0
373200	0
373600	0
374000	0
374400	0
374800	0
375200	0
375600	0
376000	0
376400	0
376800	0
377200	0
377600	0
378000	0
378400	0
378800	0
379200	0
379600	0
380000	0
380400	0
380800	0
381200	0
381600	0
382000	0
382400	0
382800	0
383200	0
383600	0
384000	0
384400	0
384800	0
385200	0
385600	0
386000	0
386400	0
386800	0
387200	0
387600	0
388000	0
388400	0
388800	0
389200	0
389600	0
390000	0
390400	0
390800	0
391200	0
391600	0
392000	0
392400	0
392800	0
393200	0
393600	0
394000	0
394400	0
394800	0
395200	0
395600	0
396000	0
396400	0
396800	0
397200	1
397600	0
398000	0
398400	0
398800	0
399200	0
399600	0
400000	0
