600	0.0
1200	0.0
1800	1.0
2400	1.0
3000	0.0
3600	1.0
4200	0.0
4800	0.0
5400	1.0
6000	0.0
6600	0.0
7200	0.0
7800	1.0
8400	0.0
9000	0.0
9600	0.0
10200	0.0
10800	0.0
11400	1.0
12000	0.0
12600	0.0
13200	1.0
13800	0.0
14400	1.0
15000	1.0
15600	0.0
16200	1.0
16800	0.0
17400	0.0
18000	1.0
18600	0.0
19200	0.0
19800	0.0
20400	0.0
21000	1.0
21600	0.0
22200	0.0
22800	0.0
23400	1.0
24000	0.0
24600	0.0
25200	0.0
25800	1.0
26400	0.0
27000	0.0
27600	1.0
28200	1.0
28800	0.0
29400	0.0
30000	0.0
30600	1.0
31200	0.0
31800	0.0
32400	0.0
33000	0.0
33600	1.0
34200	0.0
34800	0.0
35400	1.0
36000	1.0
36600	0.0
37200	1.0
37800	1.0
38400	0.0
39000	1.0
39600	0.0
40200	0.0
40800	0.0
41400	0.0
42000	1.0
42600	0.0
43200	0.0
43800	1.0
44400	0.0
45000	1.0
45600	0.0
46200	0.0
46800	0.0
47400	0.0
48000	0.0
48600	1.0
49200	0.0
49800	1.0
50400	0.0
51000	1.0
51600	0.0
52200	1.0
52800	0.0
53400	0.0
54000	0.0
54600	0.0
55200	0.0
55800	0.0
56400	1.0
57000	0.0
57600	0.0
58200	1.0
58800	0.0
59400	1.0
60000	0.0
60600	0.0
61200	1.0
61800	0.0
62400	0.0
63000	0.0
63600	0.0
64200	1.0
64800	0.0
65400	0.0
66000	0.0
66600	1.0
67200	0.0
67800	0.0
68400	1.0
69000	1.0
69600	1.0
70200	0.0
70800	0.0
71400	1.0
72000	0.0
72600	0.0
73200	1.0
73800	0.0
74400	0.0
75000	1.0
75600	0.0
76200	0.0
76800	1.0
77400	0.0
78000	1.0
78600	0.0
79200	0.0
79800	1.0
80400	0.0
81000	0.0
81600	0.0
82200	0.0
82800	1.0
83400	0.0
84000	0.0
84600	1.0
85200	0.0
85800	0.0
86400	0.0
87000	0.0
87600	0.0
88200	1.0
88800	0.0
89400	0.0
90000	0.0
90600	0.0
91200	1.0
91800	0.0
92400	0.0
93000	0.0
93600	0.0
94200	0.0
94800	1.0
95400	1.0
96000	0.0
96600	1.0
97200	0.0
97800	0.0
98400	1.0
99000	0.0
99600	0.0
100200	0.0
100800	0.0
101400	1.0
102000	0.0
102600	0.0
103200	0.0
103800	1.0
104400	0.0
105000	0.0
105600	0.0
106200	1.0
106800	0.0
107400	0.0
108000	0.0
108600	1.0
109200	0.0
109800	1.0
110400	0.0
111000	0.0
111600	0.0
112200	0.0
112800	1.0
113400	0.0
114000	0.0
114600	1.0
115200	0.0
115800	0.0
116400	1.0
117000	0.0
117600	0.0
118200	0.0
118800	0.0
119400	0.0
120000	0.0
120600	0.0
121200	0.0
121800	0.0
122400	1.0
123000	0.0
123600	1.0
124200	0.0
124800	1.0
125400	1.0
126000	0.0
126600	0.0
127200	1.0
127800	0.0
128400	0.0
129000	0.0
129600	1.0
130200	0.0
130800	0.0
131400	0.0
132000	0.0
132600	1.0
133200	1.0
133800	0.0
134400	1.0
135000	1.0
135600	0.0
136200	0.0
136800	1.0
137400	0.0
138000	0.0
138600	0.0
139200	1.0
139800	0.0
140400	0.0
141000	1.0
141600	0.0
142200	0.0
142800	1.0
143400	0.0
144000	1.0
144600	0.0
145200	0.0
145800	0.0
146400	0.0
147000	1.0
147600	0.0
148200	0.0
148800	0.0
149400	1.0
150000	0.0
150600	0.0
151200	0.0
151800	1.0
152400	0.0
153000	0.0
153600	1.0
154200	0.0
154800	1.0
155400	0.0
156000	0.0
156600	1.0
157200	0.0
157800	2.0
158400	0.0
159000	0.0
159600	0.0
160200	1.0
160800	0.0
161400	0.0
162000	1.0
162600	0.0
163200	0.0
163800	1.0
164400	0.0
165000	1.0
165600	0.0
166200	1.0
166800	0.0
167400	0.0
168000	0.0
168600	1.0
169200	0.0
169800	0.0
170400	0.0
171000	0.0
171600	1.0
172200	1.0
172800	0.0
173400	0.0
174000	1.0
174600	0.0
175200	0.0
175800	1.0
176400	0.0
177000	1.0
177600	0.0
178200	0.0
178800	1.0
179400	0.0
180000	1.0
180600	0.0
181200	0.0
181800	1.0
182400	0.0
183000	0.0
183600	0.0
184200	1.0
184800	0.0
185400	0.0
186000	1.0
186600	0.0
187200	0.0
187800	0.0
188400	1.0
189000	0.0
189600	0.0
190200	0.0
190800	1.0
191400	0.0
192000	1.0
192600	1.0
193200	0.0
193800	1.0
194400	0.0
195000	0.0
195600	1.0
196200	0.0
196800	0.0
197400	0.0
198000	0.0
198600	1.0
199200	0.0
199800	0.0
200400	0.0
201000	0.0
201600	1.0
202200	1.0
202800	0.0
203400	1.0
204000	0.0
204600	1.0
205200	0.0
205800	0.0
206400	1.0
207000	0.0
207600	0.0
208200	1.0
208800	0.0
209400	1.0
210000	0.0
210600	0.0
211200	1.0
211800	0.0
212400	0.0
213000	0.0
213600	0.0
214200	1.0
214800	0.0
215400	1.0
216000	0.0
216600	0.0
217200	0.0
217800	0.0
218400	0.0
219000	0.0
219600	1.0
220200	0.0
220800	1.0
221400	0.0
222000	0.0
222600	0.0
223200	1.0
223800	0.0
224400	1.0
225000	0.0
225600	0.0
226200	0.0
226800	0.0
227400	0.0
228000	1.0
228600	0.0
229200	1.0
229800	0.0
230400	0.0
231000	1.0
231600	0.0
232200	0.0
232800	0.0
233400	0.0
234000	1.0
234600	0.0
235200	0.0
235800	1.0
236400	0.0
237000	0.0
237600	0.0
238200	1.0
238800	1.0
239400	0.0
240000	1.0
240600	0.0
241200	0.0
241800	1.0
242400	0.0
243000	0.0
243600	0.0
244200	0.0
244800	0.0
245400	0.0
246000	1.0
246600	0.0
247200	0.0
247800	0.0
248400	1.0
249000	1.0
249600	0.0
250200	0.0
250800	1.0
251400	0.0
252000	0.0
252600	1.0
253200	1.0
253800	0.0
254400	0.0
255000	1.0
255600	0.0
256200	1.0
256800	0.0
257400	0.0
258000	0.0
258600	0.0
259200	1.0
259800	0.0
260400	0.0
261000	0.0
261600	1.0
262200	0.0
262800	1.0
263400	1.0
264000	0.0
264600	1.0
265200	0.0
265800	1.0
266400	0.0
267000	0.0
267600	1.0
268200	0.0
268800	1.0
269400	1.0
270000	1.0
270600	0.0
271200	1.0
271800	0.0
272400	1.0
273000	0.0
273600	1.0
274200	0.0
274800	0.0
275400	0.0
276000	0.0
276600	1.0
277200	0.0
277800	0.0
278400	1.0
279000	0.0
279600	0.0
280200	0.0
280800	1.0
281400	0.0
282000	0.0
282600	1.0
283200	0.0
283800	0.0
284400	1.0
285000	0.0
285600	1.0
286200	0.0
286800	0.0
287400	1.0
288000	0.0
288600	0.0
289200	1.0
289800	0.0
290400	0.0
291000	0.0
291600	1.0
292200	0.0
292800	0.0
293400	0.0
294000	0.0
294600	0.0
295200	1.0
295800	0.0
296400	0.0
297000	0.0
297600	1.0
298200	0.0
298800	0.0
299400	1.0
300000	0.0
300600	0.0
301200	0.0
301800	0.0
302400	1.0
303000	0.0
303600	1.0
304200	0.0
304800	0.0
305400	0.0
306000	1.0
306600	1.0
307200	0.0
307800	0.0
308400	1.0
309000	1.0
309600	1.0
310200	0.0
310800	0.0
311400	1.0
312000	0.0
312600	0.0
313200	0.0
313800	0.0
314400	1.0
315000	0.0
315600	0.0
316200	0.0
316800	1.0
317400	0.0
318000	0.0
318600	1.0
319200	0.0
319800	1.0
320400	0.0
321000	1.0
321600	0.0
322200	0.0
322800	0.0
323400	0.0
324000	1.0
324600	0.0
325200	0.0
325800	0.0
326400	1.0
327000	0.0
327600	0.0
328200	1.0
328800	0.0
329400	0.0
330000	0.0
330600	0.0
331200	1.0
331800	0.0
332400	1.0
333000	1.0
333600	0.0
334200	0.0
334800	0.0
335400	0.0
336000	1.0
336600	0.0
337200	0.0
337800	0.0
338400	1.0
339000	0.0
339600	1.0
340200	0.0
340800	0.0
341400	1.0
342000	0.0
342600	0.0
343200	0.0
343800	1.0
344400	0.0
345000	1.0
345600	0.0
346200	0.0
346800	1.0
347400	0.0
348000	0.0
348600	0.0
349200	0.0
349800	1.0
350400	0.0
351000	0.0
351600	1.0
352200	0.0
352800	0.0
353400	0.0
354000	1.0
354600	0.0
355200	0.0
355800	1.0
356400	0.0
357000	0.0
357600	1.0
358200	0.0
358800	0.0
359400	1.0
360000	0.0
360600	0.0
361200	1.0
361800	0.0
362400	0.0
363000	1.0
363600	0.0
364200	0.0
364800	0.0
365400	1.0
366000	0.0
366600	1.0
367200	0.0
367800	0.0
368400	1.0
369000	0.0
369600	0.0
370200	0.0
370800	0.0
371400	1.0
372000	0.0
372600	0.0
373200	0.0
373800	0.0
374400	0.0
375000	1.0
375600	0.0
376200	0.0
376800	1.0
377400	0.0
378000	0.0
378600	0.0
379200	1.0
379800	0.0
380400	1.0
381000	0.0
381600	1.0
382200	0.0
382800	0.0
383400	0.0
384000	1.0
384600	0.0
385200	1.0
385800	1.0
386400	0.0
387000	0.0
387600	0.0
388200	1.0
388800	0.0
389400	1.0
390000	0.0
390600	0.0
391200	1.0
391800	0.0
392400	1.0
393000	0.0
393600	1.0
394200	0.0
394800	0.0
395400	0.0
396000	1.0
396600	1.0
397200	0.0
397800	1.0
398400	0.0
399000	1.0
399600	0.0
400200	1.0
400800	0.0
401400	0.0
402000	1.0
402600	0.0
403200	0.0
403800	1.0
404400	0.0
405000	0.0
405600	1.0
406200	0.0
406800	0.0
407400	1.0
408000	1.0
408600	0.0
409200	0.0
409800	0.0
410400	0.0
411000	1.0
411600	1.0
412200	0.0
412800	0.0
413400	0.0
414000	1.0
414600	0.0
415200	0.0
415800	1.0
416400	1.0
417000	0.0
417600	1.0
418200	0.0
418800	0.0
419400	0.0
420000	0.0
420600	1.0
421200	1.0
421800	0.0
422400	0.0
423000	1.0
423600	0.0
424200	0.0
424800	0.0
425400	1.0
426000	0.0
426600	0.0
427200	0.0
427800	1.0
428400	0.0
429000	0.0
429600	1.0
430200	1.0
430800	0.0
431400	0.0
432000	0.0
432600	0.0
433200	0.0
433800	0.0
434400	0.0
435000	0.0
435600	0.0
436200	0.0
436800	1.0
437400	1.0
438000	0.0
438600	1.0
439200	0.0
439800	0.0
440400	0.0
441000	0.0
441600	1.0
442200	0.0
442800	1.0
443400	0.0
444000	0.0
444600	1.0
445200	1.0
445800	0.0
446400	1.0
447000	0.0
447600	0.0
448200	1.0
448800	0.0
449400	0.0
450000	1.0
450600	0.0
451200	1.0
451800	0.0
452400	0.0
453000	0.0
453600	0.0
454200	1.0
454800	0.0
455400	1.0
456000	0.0
456600	0.0
457200	1.0
457800	0.0
458400	0.0
459000	0.0
459600	1.0
460200	0.0
460800	0.0
461400	1.0
462000	0.0
462600	0.0
463200	0.0
463800	0.0
464400	0.0
465000	1.0
465600	0.0
466200	0.0
466800	1.0
467400	0.0
468000	1.0
468600	1.0
469200	0.0
469800	1.0
470400	0.0
471000	0.0
471600	0.0
472200	0.0
472800	0.0
473400	1.0
474000	0.0
474600	0.0
475200	1.0
475800	0.0
476400	0.0
477000	0.0
477600	1.0
478200	0.0
478800	0.0
479400	1.0
480000	1.0
480600	0.0
481200	1.0
481800	0.0
482400	1.0
483000	0.0
483600	0.0
484200	0.0
484800	1.0
485400	0.0
486000	1.0
486600	0.0
487200	0.0
487800	1.0
488400	0.0
489000	1.0
489600	0.0
490200	0.0
490800	0.0
491400	0.0
492000	1.0
492600	0.0
493200	0.0
493800	0.0
494400	1.0
495000	0.0
495600	1.0
496200	0.0
496800	0.0
497400	0.0
498000	0.0
498600	1.0
499200	1.0
499800	0.0
500400	0.0
501000	0.0
501600	1.0
502200	0.0
502800	1.0
503400	0.0
504000	0.0
504600	1.0
505200	0.0
505800	1.0
506400	0.0
507000	0.0
507600	1.0
508200	1.0
508800	0.0
509400	1.0
510000	0.0
510600	0.0
511200	0.0
511800	1.0
512400	1.0
513000	0.0
513600	0.0
514200	1.0
514800	0.0
515400	0.0
516000	0.0
516600	1.0
517200	0.0
517800	0.0
518400	0.0
519000	1.0
519600	0.0
520200	0.0
520800	1.0
521400	0.0
522000	1.0
522600	0.0
523200	1.0
523800	0.0
524400	1.0
525000	1.0
525600	0.0
526200	0.0
526800	1.0
527400	0.0
528000	1.0
528600	0.0
529200	0.0
529800	0.0
530400	1.0
531000	0.0
531600	1.0
532200	0.0
532800	0.0
533400	0.0
534000	0.0
534600	0.0
535200	0.0
535800	0.0
536400	0.0
537000	0.0
537600	1.0
538200	0.0
538800	1.0
539400	0.0
540000	0.0
540600	0.0
541200	0.0
541800	0.0
542400	1.0
543000	0.0
543600	0.0
544200	1.0
544800	0.0
545400	1.0
546000	0.0
546600	0.0
547200	1.0
547800	1.0
548400	0.0
549000	1.0
549600	0.0
550200	0.0
550800	0.0
551400	0.0
552000	0.0
552600	1.0
553200	0.0
553800	1.0
554400	0.0
555000	0.0
555600	1.0
556200	0.0
556800	0.0
557400	1.0
558000	0.0
558600	0.0
559200	0.0
559800	0.0
560400	1.0
561000	1.0
561600	0.0
562200	0.0
562800	1.0
563400	1.0
564000	0.0
564600	1.0
565200	0.0
565800	1.0
566400	0.0
567000	0.0
567600	1.0
568200	0.0
568800	0.0
569400	1.0
570000	0.0
570600	1.0
571200	0.0
571800	0.0
572400	1.0
573000	0.0
573600	0.0
574200	0.0
574800	0.0
575400	1.0
576000	0.0
576600	0.0
577200	1.0
577800	0.0
578400	0.0
579000	0.0
579600	1.0
580200	0.0
580800	0.0
581400	1.0
582000	0.0
582600	0.0
583200	1.0
583800	0.0
584400	1.0
585000	1.0
585600	0.0
586200	0.0
586800	1.0
587400	1.0
588000	0.0
588600	0.0
589200	1.0
589800	0.0
590400	0.0
591000	1.0
591600	0.0
592200	0.0
592800	1.0
593400	1.0
594000	0.0
594600	0.0
595200	1.0
595800	1.0
596400	0.0
597000	1.0
597600	0.0
598200	0.0
598800	1.0
599400	0.0
600000	1.0
