Test step	Reward
200	0
400	0
600	0
800	0
1000	0
1200	0
1400	1
1600	0
1800	0
2000	0
2200	0
2400	0
2600	0
2800	0
3000	0
3200	0
3400	0
3600	0
3800	0
4000	0
4200	0
4400	0
4600	0
4800	0
5000	0
5200	0
5400	0
5600	0
5800	0
6000	0
6200	0
6400	0
6600	0
6800	0
7000	0
7200	0
7400	0
7600	0
7800	0
8000	0
8200	0
8400	0
8600	0
8800	0
9000	0
9200	0
9400	0
9600	0
9800	0
10000	0
10200	0
10400	0
10600	0
10800	0
11000	0
11200	1
11400	0
11600	0
11800	0
12000	0
12200	0
12400	0
12600	0
12800	0
13000	0
13200	0
13400	0
13600	0
13800	0
14000	0
14200	0
14400	0
14600	0
14800	0
15000	0
15200	0
15400	0
15600	0
15800	0
16000	0
16200	0
16400	0
16600	0
16800	0
17000	0
17200	0
17400	0
17600	0
17800	0
18000	0
18200	0
18400	0
18600	0
18800	0
19000	0
19200	0
19400	0
19600	0
19800	0
20000	0
20200	0
20400	0
20600	0
20800	0
21000	0
21200	0
21400	0
21600	0
21800	0
22000	0
22200	0
22400	0
22600	0
22800	0
23000	0
23200	0
23400	0
23600	0
23800	0
24000	0
24200	0
24400	0
24600	0
24800	0
25000	0
25200	0
25400	0
25600	0
25800	0
26000	0
26200	0
26400	0
26600	0
26800	0
27000	0
27200	0
27400	0
27600	0
27800	0
28000	0
28200	0
28400	0
28600	0
28800	0
29000	0
29200	0
29400	0
29600	0
29800	0
30000	0
30200	0
30400	0
30600	0
30800	0
31000	0
31200	0
31400	0
31600	0
31800	0
32000	0
32200	0
32400	0
32600	0
32800	0
33000	0
33200	0
33400	0
33600	0
33800	0
34000	0
34200	0
34400	0
34600	0
34800	0
35000	0
35200	0
35400	0
35600	0
35800	0
36000	0
36200	0
36400	0
36600	0
36800	0
37000	0
37200	0
37400	0
37600	0
37800	0
38000	0
38200	0
38400	0
38600	0
38800	0
39000	0
39200	0
39400	0
39600	0
39800	0
40000	0
40200	0
40400	0
40600	0
40800	0
41000	0
41200	0
41400	0
41600	0
41800	0
42000	0
42200	0
42400	0
42600	0
42800	0
43000	0
43200	0
43400	0
43600	0
43800	0
44000	0
44200	0
44400	0
44600	0
44800	0
45000	0
45200	0
45400	0
45600	0
45800	0
46000	0
46200	0
46400	0
46600	0
46800	0
47000	0
47200	0
47400	0
47600	0
47800	0
48000	0
48200	0
48400	0
48600	0
48800	0
49000	0
49200	0
49400	0
49600	0
49800	0
50000	0
50200	0
50400	0
50600	0
50800	0
51000	0
51200	0
51400	0
51600	0
51800	0
52000	0
52200	0
52400	0
52600	0
52800	0
53000	0
53200	0
53400	0
53600	0
53800	0
54000	0
54200	0
54400	0
54600	0
54800	0
55000	0
55200	0
55400	0
55600	0
55800	0
56000	0
56200	0
56400	0
56600	0
56800	0
57000	0
57200	0
57400	0
57600	0
57800	0
58000	0
58200	0
58400	0
58600	0
58800	0
59000	0
59200	0
59400	0
59600	0
59800	0
60000	0
60200	0
60400	0
60600	0
60800	0
61000	0
61200	0
61400	0
61600	0
61800	0
62000	0
62200	0
62400	0
62600	0
62800	0
63000	0
63200	0
63400	0
63600	0
63800	0
64000	0
64200	0
64400	0
64600	0
64800	0
65000	0
65200	0
65400	0
65600	0
65800	0
66000	0
66200	0
66400	0
66600	0
66800	0
67000	0
67200	0
67400	0
67600	0
67800	0
68000	0
68200	0
68400	0
68600	0
68800	0
69000	0
69200	0
69400	0
69600	0
69800	0
70000	0
70200	0
70400	0
70600	0
70800	0
71000	0
71200	0
71400	0
71600	0
71800	0
72000	0
72200	0
72400	0
72600	0
72800	0
73000	0
73200	0
73400	0
73600	0
73800	0
74000	0
74200	0
74400	0
74600	0
74800	0
75000	0
75200	0
75400	0
75600	0
75800	0
76000	0
76200	0
76400	0
76600	0
76800	0
77000	0
77200	0
77400	0
77600	0
77800	0
78000	0
78200	0
78400	0
78600	0
78800	0
79000	0
79200	0
79400	0
79600	0
79800	0
80000	0
80200	0
80400	0
80600	0
80800	0
81000	0
81200	0
81400	0
81600	0
81800	0
82000	0
82200	0
82400	0
82600	0
82800	0
83000	0
83200	0
83400	0
83600	0
83800	0
84000	0
84200	0
84400	0
84600	0
84800	0
85000	0
85200	0
85400	0
85600	0
85800	0
86000	0
86200	0
86400	0
86600	0
86800	0
87000	0
87200	0
87400	0
87600	0
87800	0
88000	0
88200	0
88400	0
88600	0
88800	0
89000	0
89200	0
89400	0
89600	0
89800	0
90000	0
90200	0
90400	0
90600	1
90800	0
91000	0
91200	0
91400	0
91600	0
91800	0
92000	0
92200	0
92400	0
92600	0
92800	0
93000	0
93200	0
93400	0
93600	0
93800	0
94000	0
94200	0
94400	0
94600	0
94800	0
95000	0
95200	0
95400	0
95600	0
95800	0
96000	0
96200	0
96400	0
96600	0
96800	0
97000	0
97200	0
97400	0
97600	0
97800	0
98000	0
98200	0
98400	0
98600	0
98800	0
99000	0
99200	0
99400	0
99600	0
99800	0
100000	0
100200	0
100400	0
100600	0
100800	0
101000	0
101200	0
101400	0
101600	0
101800	0
102000	0
102200	0
102400	0
102600	0
102800	0
103000	0
103200	0
103400	0
103600	0
103800	0
104000	0
104200	0
104400	0
104600	0
104800	0
105000	0
105200	0
105400	0
105600	0
105800	0
106000	0
106200	0
106400	0
106600	0
106800	0
107000	0
107200	0
107400	0
107600	0
107800	0
108000	0
108200	0
108400	0
108600	0
108800	0
109000	0
109200	0
109400	0
109600	0
109800	0
110000	0
110200	0
110400	0
110600	0
110800	0
111000	0
111200	0
111400	0
111600	0
111800	0
112000	0
112200	0
112400	0
112600	0
112800	0
113000	0
113200	0
113400	0
113600	0
113800	0
114000	0
114200	0
114400	0
114600	0
114800	0
115000	0
115200	0
115400	0
115600	0
115800	0
116000	0
116200	0
116400	0
116600	0
116800	0
117000	0
117200	0
117400	0
117600	0
117800	0
118000	0
118200	0
118400	0
118600	0
118800	0
119000	0
119200	0
119400	0
119600	0
119800	0
120000	0
120200	0
120400	0
120600	0
120800	0
121000	0
121200	0
121400	0
121600	0
121800	0
122000	0
122200	0
122400	0
122600	0
122800	0
123000	0
123200	0
123400	0
123600	0
123800	0
124000	0
124200	0
124400	0
124600	0
124800	0
125000	0
125200	0
125400	0
125600	0
125800	0
126000	0
126200	0
126400	0
126600	0
126800	0
127000	0
127200	0
127400	0
127600	0
127800	0
128000	0
128200	0
128400	0
128600	0
128800	0
129000	0
129200	0
129400	0
129600	0
129800	0
130000	0
130200	0
130400	0
130600	0
130800	0
131000	0
131200	0
131400	0
131600	0
131800	0
132000	0
132200	0
132400	0
132600	0
132800	0
133000	0
133200	0
133400	0
133600	0
133800	0
134000	0
134200	0
134400	0
134600	0
134800	0
135000	0
135200	0
135400	0
135600	0
135800	0
136000	0
136200	0
136400	0
136600	0
136800	0
137000	0
137200	0
137400	0
137600	0
137800	0
138000	0
138200	0
138400	0
138600	0
138800	0
139000	0
139200	0
139400	0
139600	0
139800	0
140000	0
140200	0
140400	0
140600	0
140800	0
141000	0
141200	0
141400	0
141600	0
141800	0
142000	0
142200	0
142400	0
142600	0
142800	0
143000	0
143200	0
143400	0
143600	0
143800	0
144000	0
144200	0
144400	0
144600	0
144800	0
145000	0
145200	0
145400	0
145600	0
145800	0
146000	0
146200	0
146400	0
146600	0
146800	0
147000	0
147200	0
147400	0
147600	0
147800	0
148000	0
148200	0
148400	0
148600	0
148800	0
149000	0
149200	0
149400	0
149600	0
149800	0
150000	0
150200	0
150400	0
150600	0
150800	0
151000	0
151200	0
151400	0
151600	0
151800	0
152000	0
152200	0
152400	0
152600	0
152800	0
153000	0
153200	0
153400	0
153600	0
153800	0
154000	0
154200	0
154400	0
154600	0
154800	0
155000	0
155200	0
155400	0
155600	0
155800	0
156000	0
156200	0
156400	0
156600	0
156800	0
157000	0
157200	0
157400	0
157600	0
157800	0
158000	0
158200	0
158400	0
158600	0
158800	0
159000	0
159200	0
159400	0
159600	0
159800	0
160000	0
160200	0
160400	0
160600	0
160800	0
161000	0
161200	0
161400	0
161600	0
161800	0
162000	0
162200	0
162400	0
162600	0
162800	0
163000	0
163200	0
163400	0
163600	0
163800	0
164000	0
164200	0
164400	0
164600	0
164800	0
165000	0
165200	0
165400	0
165600	0
165800	0
166000	0
166200	0
166400	0
166600	0
166800	0
167000	0
167200	0
167400	0
167600	0
167800	0
168000	0
168200	0
168400	0
168600	0
168800	0
169000	0
169200	0
169400	0
169600	0
169800	0
170000	0
170200	0
170400	0
170600	0
170800	0
171000	0
171200	0
171400	0
171600	0
171800	0
172000	0
172200	0
172400	0
172600	0
172800	0
173000	0
173200	0
173400	0
173600	0
173800	0
174000	0
174200	0
174400	0
174600	0
174800	0
175000	0
175200	0
175400	0
175600	0
175800	0
176000	0
176200	0
176400	0
176600	0
176800	0
177000	0
177200	0
177400	0
177600	0
177800	0
178000	0
178200	0
178400	0
178600	0
178800	0
179000	0
179200	0
179400	0
179600	0
179800	0
180000	0
180200	0
180400	0
180600	0
180800	0
181000	0
181200	0
181400	0
181600	0
181800	0
182000	0
182200	0
182400	0
182600	0
182800	0
183000	0
183200	0
183400	0
183600	0
183800	0
184000	0
184200	0
184400	0
184600	0
184800	0
185000	0
185200	0
185400	0
185600	0
185800	0
186000	0
186200	0
186400	0
186600	0
186800	0
187000	0
187200	0
187400	0
187600	0
187800	0
188000	0
188200	0
188400	0
188600	0
188800	0
189000	0
189200	0
189400	0
189600	0
189800	0
190000	0
190200	0
190400	0
190600	0
190800	0
191000	0
191200	0
191400	0
191600	0
191800	0
192000	0
192200	0
192400	0
192600	0
192800	0
193000	0
193200	0
193400	0
193600	0
193800	0
194000	0
194200	0
194400	0
194600	0
194800	0
195000	0
195200	0
195400	0
195600	0
195800	0
196000	0
196200	0
196400	0
196600	0
196800	0
197000	0
197200	0
197400	0
197600	0
197800	0
198000	0
198200	0
198400	0
198600	0
198800	0
199000	0
199200	0
199400	0
199600	0
199800	0
200000	0
200200	0
200400	0
200600	0
200800	0
201000	0
201200	0
201400	0
201600	0
201800	0
202000	0
202200	0
202400	0
202600	0
202800	0
203000	0
203200	0
203400	0
203600	0
203800	0
204000	0
204200	0
204400	0
204600	0
204800	0
205000	0
205200	0
205400	0
205600	0
205800	0
206000	0
206200	0
206400	0
206600	0
206800	0
207000	0
207200	0
207400	0
207600	0
207800	0
208000	0
208200	0
208400	0
208600	0
208800	0
209000	0
209200	0
209400	0
209600	0
209800	0
210000	0
210200	0
210400	0
210600	0
210800	0
211000	0
211200	0
211400	0
211600	0
211800	0
212000	0
212200	0
212400	0
212600	0
212800	0
213000	0
213200	0
213400	0
213600	0
213800	0
214000	0
214200	0
214400	0
214600	0
214800	0
215000	0
215200	0
215400	0
215600	0
215800	0
216000	0
216200	0
216400	0
216600	0
216800	0
217000	0
217200	0
217400	0
217600	0
217800	0
218000	0
218200	0
218400	0
218600	0
218800	0
219000	0
219200	0
219400	0
219600	0
219800	0
220000	0
220200	0
220400	0
220600	0
220800	0
221000	0
221200	0
221400	0
221600	0
221800	0
222000	0
222200	0
222400	0
222600	0
222800	0
223000	0
223200	0
223400	0
223600	0
223800	0
224000	0
224200	0
224400	0
224600	0
224800	0
225000	0
225200	0
225400	0
225600	0
225800	0
226000	0
226200	0
226400	0
226600	0
226800	0
227000	0
227200	0
227400	0
227600	0
227800	0
228000	0
228200	0
228400	0
228600	0
228800	0
229000	0
229200	0
229400	0
229600	0
229800	0
230000	0
230200	0
230400	0
230600	0
230800	0
231000	0
231200	0
231400	0
231600	0
231800	0
232000	0
232200	0
232400	0
232600	0
232800	0
233000	0
233200	0
233400	0
233600	0
233800	0
234000	0
234200	0
234400	0
234600	0
234800	0
235000	0
235200	0
235400	0
235600	0
235800	0
236000	0
236200	0
236400	0
236600	0
236800	0
237000	0
237200	0
237400	0
237600	0
237800	0
238000	0
238200	0
238400	0
238600	0
238800	0
239000	0
239200	0
239400	0
239600	0
239800	0
240000	0
240200	0
240400	0
240600	0
240800	0
241000	0
241200	0
241400	0
241600	0
241800	0
242000	0
242200	0
242400	0
242600	0
242800	0
243000	0
243200	0
243400	0
243600	0
243800	0
244000	0
244200	0
244400	0
244600	0
244800	0
245000	0
245200	0
245400	0
245600	0
245800	0
246000	0
246200	0
246400	0
246600	0
246800	0
247000	0
247200	0
247400	0
247600	0
247800	0
248000	0
248200	0
248400	0
248600	0
248800	0
249000	0
249200	0
249400	0
249600	0
249800	0
250000	0
250200	0
250400	0
250600	0
250800	0
251000	0
251200	0
251400	0
251600	0
251800	0
252000	0
252200	0
252400	0
252600	0
252800	0
253000	0
253200	0
253400	0
253600	0
253800	0
254000	0
254200	0
254400	0
254600	0
254800	0
255000	0
255200	0
255400	0
255600	0
255800	0
256000	0
256200	0
256400	0
256600	0
256800	0
257000	0
257200	0
257400	0
257600	0
257800	0
258000	0
258200	0
258400	0
258600	0
258800	0
259000	0
259200	0
259400	0
259600	0
259800	0
260000	0
260200	0
260400	0
260600	0
260800	0
261000	0
261200	0
261400	0
261600	0
261800	0
262000	0
262200	0
262400	0
262600	0
262800	0
263000	0
263200	0
263400	0
263600	0
263800	0
264000	0
264200	0
264400	0
264600	0
264800	0
265000	0
265200	0
265400	0
265600	0
265800	0
266000	0
266200	0
266400	0
266600	0
266800	0
267000	0
267200	0
267400	0
267600	0
267800	0
268000	0
268200	0
268400	0
268600	0
268800	0
269000	0
269200	0
269400	0
269600	0
269800	0
270000	0
270200	0
270400	0
270600	0
270800	0
271000	0
271200	0
271400	0
271600	0
271800	0
272000	0
272200	0
272400	0
272600	0
272800	0
273000	0
273200	0
273400	0
273600	0
273800	0
274000	0
274200	0
274400	0
274600	0
274800	0
275000	0
275200	0
275400	0
275600	0
275800	0
276000	0
276200	0
276400	0
276600	0
276800	0
277000	0
277200	0
277400	0
277600	0
277800	0
278000	0
278200	0
278400	0
278600	0
278800	0
279000	0
279200	0
279400	0
279600	0
279800	0
280000	0
280200	0
280400	0
280600	0
280800	0
281000	0
281200	0
281400	0
281600	0
281800	0
282000	0
282200	0
282400	0
282600	0
282800	0
283000	0
283200	0
283400	0
283600	0
283800	0
284000	0
284200	0
284400	0
284600	0
284800	0
285000	0
285200	0
285400	0
285600	0
285800	0
286000	0
286200	0
286400	0
286600	0
286800	0
287000	0
287200	0
287400	0
287600	0
287800	0
288000	0
288200	0
288400	0
288600	0
288800	0
289000	0
289200	0
289400	0
289600	0
289800	0
290000	1
290200	0
290400	0
290600	0
290800	0
291000	0
291200	0
291400	0
291600	0
291800	0
292000	0
292200	0
292400	0
292600	0
292800	0
293000	0
293200	0
293400	0
293600	0
293800	0
294000	0
294200	1
294400	0
294600	0
294800	0
295000	0
295200	0
295400	0
295600	0
295800	0
296000	0
296200	0
296400	0
296600	0
296800	0
297000	0
297200	0
297400	0
297600	0
297800	0
298000	0
298200	0
298400	0
298600	0
298800	0
299000	0
299200	0
299400	0
299600	0
299800	0
300000	0
300200	0
300400	0
300600	0
300800	0
301000	0
301200	0
301400	0
301600	0
301800	0
302000	0
302200	0
302400	0
302600	0
302800	0
303000	0
303200	0
303400	0
303600	0
303800	0
304000	0
304200	0
304400	0
304600	0
304800	0
305000	0
305200	0
305400	0
305600	0
305800	0
306000	0
306200	0
306400	0
306600	0
306800	0
307000	0
307200	0
307400	0
307600	0
307800	0
308000	0
308200	0
308400	0
308600	0
308800	0
309000	0
309200	0
309400	0
309600	0
309800	0
310000	0
310200	0
310400	0
310600	0
310800	0
311000	0
311200	0
311400	0
311600	0
311800	0
312000	0
312200	0
312400	0
312600	0
312800	0
313000	0
313200	0
313400	0
313600	0
313800	0
314000	0
314200	0
314400	0
314600	0
314800	0
315000	0
315200	0
315400	0
315600	0
315800	0
316000	0
316200	1
316400	0
316600	0
316800	0
317000	0
317200	0
317400	0
317600	0
317800	0
318000	0
318200	0
318400	0
318600	0
318800	0
319000	0
319200	0
319400	0
319600	0
319800	0
320000	0
320200	0
320400	0
320600	0
320800	0
321000	0
321200	0
321400	0
321600	0
321800	0
322000	0
322200	0
322400	0
322600	0
322800	0
323000	0
323200	0
323400	0
323600	0
323800	0
324000	0
324200	0
324400	0
324600	0
324800	0
325000	0
325200	0
325400	0
325600	0
325800	0
326000	0
326200	0
326400	0
326600	0
326800	0
327000	0
327200	0
327400	0
327600	0
327800	0
328000	0
328200	0
328400	0
328600	0
328800	0
329000	0
329200	0
329400	0
329600	0
329800	0
330000	0
330200	0
330400	0
330600	0
330800	0
331000	0
331200	0
331400	0
331600	0
331800	0
332000	0
332200	0
332400	0
332600	0
332800	0
333000	0
333200	0
333400	0
333600	0
333800	0
334000	0
334200	0
334400	0
334600	0
334800	0
335000	0
335200	0
335400	0
335600	0
335800	1
336000	1
336200	0
336400	0
336600	0
336800	0
337000	0
337200	0
337400	0
337600	0
337800	0
338000	0
338200	0
338400	1
338600	1
338800	0
339000	0
339200	0
339400	0
339600	0
339800	0
340000	0
340200	1
340400	0
340600	1
340800	0
341000	0
341200	0
341400	0
341600	0
341800	0
342000	0
342200	0
342400	0
342600	0
342800	0
343000	0
343200	1
343400	0
343600	0
343800	0
344000	0
344200	1
344400	0
344600	0
344800	0
345000	0
345200	0
345400	1
345600	1
345800	0
346000	0
346200	0
346400	0
346600	0
346800	0
347000	0
347200	0
347400	0
347600	0
347800	0
348000	0
348200	0
348400	0
348600	1
348800	0
349000	0
349200	0
349400	0
349600	0
349800	0
350000	0
350200	0
350400	0
350600	0
350800	0
351000	0
351200	0
351400	0
351600	0
351800	0
352000	0
352200	0
352400	0
352600	0
352800	0
353000	0
353200	0
353400	0
353600	0
353800	1
354000	1
354200	0
354400	0
354600	0
354800	0
355000	0
355200	0
355400	0
355600	0
355800	0
356000	0
356200	0
356400	0
356600	0
356800	0
357000	0
357200	1
357400	0
357600	0
357800	1
358000	0
358200	0
358400	1
358600	0
358800	0
359000	0
359200	0
359400	0
359600	0
359800	0
360000	0
360200	0
360400	0
360600	0
360800	0
361000	0
361200	0
361400	0
361600	0
361800	0
362000	0
362200	0
362400	0
362600	0
362800	0
363000	0
363200	0
363400	0
363600	0
363800	0
364000	0
364200	0
364400	0
364600	0
364800	0
365000	0
365200	0
365400	0
365600	0
365800	0
366000	0
366200	0
366400	1
366600	0
366800	0
367000	0
367200	0
367400	0
367600	0
367800	0
368000	1
368200	0
368400	0
368600	0
368800	0
369000	0
369200	0
369400	0
369600	0
369800	0
370000	0
370200	0
370400	0
370600	0
370800	0
371000	0
371200	0
371400	0
371600	0
371800	0
372000	0
372200	0
372400	1
372600	0
372800	1
373000	0
373200	1
373400	0
373600	0
373800	0
374000	0
374200	0
374400	0
374600	0
374800	0
375000	0
375200	0
375400	0
375600	0
375800	0
376000	1
376200	0
376400	0
376600	0
376800	1
377000	1
377200	0
377400	0
377600	0
377800	0
378000	0
378200	1
378400	0
378600	0
378800	0
379000	0
379200	0
379400	0
379600	0
379800	1
380000	1
380200	0
380400	0
380600	1
380800	0
381000	0
381200	0
381400	0
381600	0
381800	0
382000	0
382200	0
382400	1
382600	0
382800	0
383000	1
383200	0
383400	0
383600	0
383800	0
384000	0
384200	0
384400	0
384600	0
384800	0
385000	0
385200	0
385400	0
385600	0
385800	1
386000	0
386200	0
386400	0
386600	0
386800	1
387000	0
387200	0
387400	0
387600	0
387800	1
388000	0
388200	0
388400	1
388600	0
388800	1
389000	0
389200	1
389400	0
389600	0
389800	0
390000	1
390200	0
390400	0
390600	1
390800	0
391000	0
391200	1
391400	0
391600	0
391800	0
392000	0
392200	0
392400	0
392600	0
392800	0
393000	0
393200	0
393400	0
393600	0
393800	1
394000	0
394200	0
394400	0
394600	0
394800	1
395000	0
395200	1
395400	0
395600	0
395800	0
396000	0
396200	0
396400	0
396600	0
396800	0
397000	1
397200	0
397400	1
397600	1
397800	1
398000	0
398200	0
398400	0
398600	0
398800	1
399000	0
399200	1
399400	1
399600	0
399800	0
400000	0
400200	1
400400	1
400600	0
400800	1
401000	0
401200	0
401400	0
401600	0
401800	1
402000	0
402200	0
402400	1
402600	0
402800	1
403000	0
403200	0
403400	1
403600	0
403800	0
404000	0
404200	1
404400	1
404600	0
404800	1
405000	1
405200	1
405400	0
405600	1
405800	1
406000	1
406200	1
406400	1
406600	1
406800	0
407000	0
407200	0
407400	1
407600	0
407800	1
408000	0
408200	1
408400	1
408600	1
408800	0
409000	1
409200	1
409400	1
409600	1
409800	0
410000	1
410200	0
410400	1
410600	1
410800	0
411000	0
411200	0
411400	1
411600	1
411800	0
412000	1
412200	1
412400	1
412600	0
412800	0
413000	1
413200	0
413400	0
413600	0
413800	1
414000	1
414200	0
414400	0
414600	0
414800	0
415000	1
415200	0
415400	0
415600	0
415800	1
416000	0
416200	0
416400	1
416600	0
416800	1
417000	0
417200	1
417400	0
417600	1
417800	1
418000	1
418200	0
418400	1
418600	1
418800	0
419000	1
419200	1
419400	1
419600	1
419800	0
420000	0
420200	0
420400	1
420600	1
420800	0
421000	1
421200	0
421400	1
421600	1
421800	0
422000	0
422200	0
422400	1
422600	1
422800	1
423000	1
423200	0
423400	0
423600	1
423800	1
424000	0
424200	1
424400	0
424600	0
424800	1
425000	1
425200	1
425400	0
425600	1
425800	1
426000	1
426200	0
426400	1
426600	1
426800	1
427000	0
427200	1
427400	0
427600	1
427800	1
428000	0
428200	1
428400	1
428600	0
428800	0
429000	0
429200	1
429400	0
429600	1
429800	1
430000	0
430200	1
430400	1
430600	0
430800	1
431000	1
431200	0
431400	1
431600	1
431800	0
432000	0
432200	0
432400	0
432600	0
432800	1
433000	1
433200	1
433400	1
433600	0
433800	0
434000	1
434200	1
434400	0
434600	0
434800	1
435000	1
435200	0
435400	1
435600	0
435800	0
436000	0
436200	0
436400	0
436600	0
436800	0
437000	0
437200	0
437400	0
437600	1
437800	0
438000	1
438200	1
438400	0
438600	1
438800	0
439000	1
439200	1
439400	0
439600	0
439800	1
440000	0
440200	0
440400	1
440600	1
440800	0
441000	0
441200	0
441400	0
441600	1
441800	1
442000	0
442200	0
442400	1
442600	0
442800	1
443000	1
443200	0
443400	1
443600	0
443800	1
444000	0
444200	0
444400	1
444600	0
444800	1
445000	0
445200	1
445400	1
445600	1
445800	1
446000	1
446200	1
446400	1
446600	1
446800	1
447000	1
447200	0
447400	1
447600	0
447800	0
448000	1
448200	1
448400	0
448600	1
448800	1
449000	0
449200	1
449400	0
449600	1
449800	0
450000	1
450200	0
450400	1
450600	1
450800	1
451000	0
451200	0
451400	0
451600	1
451800	0
452000	1
452200	0
452400	0
452600	0
452800	1
453000	0
453200	0
453400	0
453600	1
453800	0
454000	0
454200	1
454400	1
454600	1
454800	1
455000	1
455200	1
455400	0
455600	0
455800	1
456000	1
456200	1
456400	0
456600	1
456800	1
457000	0
457200	0
457400	1
457600	0
457800	0
458000	1
458200	0
458400	1
458600	1
458800	0
459000	1
459200	0
459400	0
459600	1
459800	0
460000	0
460200	0
460400	1
460600	1
460800	1
461000	0
461200	1
461400	1
461600	0
461800	1
462000	0
462200	1
462400	0
462600	1
462800	1
463000	0
463200	1
463400	1
463600	0
463800	0
464000	1
464200	1
464400	0
464600	1
464800	1
465000	0
465200	0
465400	1
465600	0
465800	1
466000	1
466200	0
466400	1
466600	0
466800	0
467000	1
467200	0
467400	1
467600	1
467800	0
468000	1
468200	1
468400	0
468600	0
468800	1
469000	0
469200	1
469400	1
469600	1
469800	1
470000	0
470200	1
470400	1
470600	1
470800	1
471000	1
471200	0
471400	0
471600	0
471800	0
472000	1
472200	0
472400	1
472600	0
472800	1
473000	1
473200	1
473400	1
473600	1
473800	0
474000	1
474200	1
474400	0
474600	0
474800	0
475000	0
475200	1
475400	1
475600	0
475800	0
476000	1
476200	0
476400	1
476600	1
476800	0
477000	1
477200	0
477400	1
477600	0
477800	1
478000	1
478200	0
478400	0
478600	1
478800	0
479000	0
479200	0
479400	0
479600	1
479800	1
480000	0
480200	1
480400	0
480600	0
480800	0
481000	0
481200	1
481400	0
481600	1
481800	0
482000	1
482200	1
482400	1
482600	1
482800	1
483000	1
483200	1
483400	1
483600	1
483800	1
484000	1
484200	1
484400	1
484600	0
484800	1
485000	1
485200	0
485400	1
485600	1
485800	1
486000	1
486200	1
486400	1
486600	1
486800	1
487000	1
487200	1
487400	0
487600	1
487800	1
488000	0
488200	0
488400	1
488600	1
488800	1
489000	1
489200	0
489400	1
489600	1
489800	0
490000	1
490200	1
490400	0
490600	1
490800	1
491000	0
491200	1
491400	1
491600	0
491800	0
492000	1
492200	1
492400	0
492600	1
492800	0
493000	1
493200	0
493400	0
493600	0
493800	1
494000	0
494200	0
494400	1
494600	1
494800	1
495000	1
495200	1
495400	1
495600	1
495800	1
496000	1
496200	1
496400	1
496600	1
496800	1
497000	1
497200	1
497400	0
497600	1
497800	1
498000	1
498200	1
498400	0
498600	1
498800	1
499000	1
499200	0
499400	0
499600	1
499800	1
500000	1
500200	1
500400	0
500600	1
500800	0
501000	1
501200	0
501400	1
501600	1
501800	1
502000	1
502200	0
502400	1
502600	1
502800	1
503000	1
503200	1
503400	1
503600	1
503800	0
504000	0
504200	0
504400	1
504600	0
504800	1
505000	0
505200	1
505400	1
505600	0
505800	1
506000	1
506200	0
506400	0
506600	1
506800	1
507000	1
507200	1
507400	1
507600	1
507800	1
508000	1
508200	0
508400	1
508600	1
508800	1
509000	0
509200	1
509400	0
509600	1
509800	1
510000	1
510200	1
510400	1
510600	1
510800	1
511000	1
511200	1
511400	1
511600	1
511800	1
512000	0
512200	1
512400	0
512600	1
512800	1
513000	0
513200	1
513400	1
513600	0
513800	1
514000	0
514200	1
514400	1
514600	0
514800	0
515000	0
515200	1
515400	1
515600	1
515800	0
516000	1
516200	1
516400	1
516600	1
516800	1
517000	0
517200	1
517400	1
517600	1
517800	1
518000	0
518200	1
518400	1
518600	1
518800	1
519000	1
519200	1
519400	0
519600	0
519800	1
520000	0
520200	1
520400	1
520600	1
520800	0
521000	1
521200	0
521400	1
521600	1
521800	1
522000	0
522200	1
522400	1
522600	1
522800	0
523000	1
523200	1
523400	1
523600	1
523800	1
524000	1
524200	1
524400	1
524600	0
524800	0
525000	1
525200	1
525400	1
525600	1
525800	1
526000	0
526200	1
526400	1
526600	1
526800	1
527000	0
527200	1
527400	0
527600	1
527800	1
528000	1
528200	1
528400	1
528600	1
528800	1
529000	0
529200	0
529400	1
529600	1
529800	0
530000	0
530200	0
530400	1
530600	1
530800	1
531000	1
531200	1
531400	1
531600	1
531800	1
532000	1
532200	1
532400	0
532600	1
532800	1
533000	1
533200	1
533400	1
533600	1
533800	1
534000	0
534200	1
534400	1
534600	1
534800	1
535000	1
535200	1
535400	0
535600	1
535800	1
536000	1
536200	1
536400	0
536600	1
536800	1
537000	1
537200	1
537400	1
537600	0
537800	1
538000	1
538200	0
538400	1
538600	1
538800	0
539000	1
539200	1
539400	0
539600	1
539800	1
540000	1
540200	1
540400	0
540600	0
540800	1
541000	1
541200	0
541400	1
541600	1
541800	1
542000	0
542200	0
542400	0
542600	1
542800	1
543000	1
543200	1
543400	1
543600	1
543800	1
544000	1
544200	1
544400	1
544600	1
544800	1
545000	1
545200	1
545400	1
545600	1
545800	1
546000	1
546200	1
546400	1
546600	1
546800	0
547000	1
547200	0
547400	1
547600	0
547800	1
548000	1
548200	0
548400	0
548600	1
548800	1
549000	1
549200	0
549400	1
549600	1
549800	1
550000	0
550200	1
550400	1
550600	1
550800	1
551000	1
551200	0
551400	1
551600	1
551800	1
552000	1
552200	1
552400	1
552600	1
552800	0
553000	1
553200	1
553400	0
553600	1
553800	1
554000	1
554200	1
554400	1
554600	0
554800	1
555000	1
555200	0
555400	1
555600	1
555800	1
556000	0
556200	1
556400	1
556600	1
556800	0
557000	1
557200	1
557400	0
557600	0
557800	1
558000	1
558200	1
558400	1
558600	1
558800	1
559000	0
559200	0
559400	1
559600	1
559800	0
560000	1
560200	1
560400	1
560600	0
560800	0
561000	1
561200	1
561400	1
561600	0
561800	1
562000	1
562200	1
562400	1
562600	1
562800	1
563000	1
563200	1
563400	1
563600	1
563800	1
564000	0
564200	1
564400	1
564600	1
564800	1
565000	1
565200	1
565400	1
565600	1
565800	0
566000	1
566200	0
566400	1
566600	0
566800	0
567000	1
567200	1
567400	1
567600	1
567800	1
568000	1
568200	1
568400	1
568600	1
568800	1
569000	1
569200	1
569400	1
569600	1
569800	1
570000	1
570200	0
570400	1
570600	1
570800	1
571000	1
571200	1
571400	1
571600	1
571800	1
572000	1
572200	1
572400	0
572600	1
572800	0
573000	0
573200	1
573400	1
573600	1
573800	1
574000	1
574200	0
574400	0
574600	1
574800	1
575000	1
575200	1
575400	1
575600	1
575800	1
576000	1
576200	1
576400	0
576600	0
576800	1
577000	1
577200	1
577400	0
577600	1
577800	0
578000	1
578200	1
578400	1
578600	1
578800	1
579000	1
579200	1
579400	0
579600	1
579800	0
580000	1
580200	1
580400	0
580600	1
580800	1
581000	0
581200	1
581400	1
581600	0
581800	0
582000	1
582200	1
582400	1
582600	1
582800	1
583000	0
583200	1
583400	0
583600	0
583800	1
584000	1
584200	0
584400	1
584600	1
584800	1
585000	1
585200	0
585400	1
585600	1
585800	1
586000	1
586200	1
586400	1
586600	1
586800	0
587000	0
587200	1
587400	1
587600	1
587800	1
588000	1
588200	1
588400	0
588600	0
588800	1
589000	1
589200	1
589400	1
589600	0
589800	1
590000	0
590200	1
590400	1
590600	1
590800	1
591000	1
591200	1
591400	1
591600	0
591800	1
592000	1
592200	1
592400	1
592600	1
592800	1
593000	1
593200	1
593400	1
593600	1
593800	0
594000	1
594200	1
594400	1
594600	1
594800	1
595000	0
595200	1
595400	0
595600	1
595800	1
596000	1
596200	1
596400	1
596600	1
596800	1
597000	1
597200	1
597400	1
597600	1
597800	0
598000	1
598200	1
598400	0
598600	1
598800	1
599000	1
599200	1
599400	1
599600	0
599800	1
600000	1
600200	1
600400	0
600600	1
600800	1
601000	0
601200	1
601400	1
601600	1
601800	0
602000	1
602200	1
602400	1
602600	0
602800	1
603000	1
603200	1
603400	1
603600	1
603800	1
604000	1
604200	1
604400	1
604600	1
604800	1
605000	0
605200	1
605400	1
605600	1
605800	0
606000	1
606200	1
606400	1
606600	1
606800	1
607000	1
607200	1
607400	1
607600	1
607800	1
608000	1
608200	1
608400	0
608600	1
608800	1
609000	1
609200	1
609400	1
609600	0
609800	0
610000	1
610200	0
610400	1
610600	1
610800	1
611000	1
611200	1
611400	1
611600	1
611800	1
612000	0
612200	0
612400	1
612600	1
612800	0
613000	1
613200	0
613400	1
613600	0
613800	0
614000	1
614200	1
614400	1
614600	1
614800	1
615000	1
615200	1
615400	1
615600	1
615800	1
616000	0
616200	1
616400	1
616600	1
616800	1
617000	1
617200	0
617400	0
617600	1
617800	1
618000	1
618200	1
618400	1
618600	0
618800	1
619000	1
619200	0
619400	1
619600	0
619800	1
620000	0
620200	1
620400	1
620600	1
620800	0
621000	1
621200	1
621400	1
621600	0
621800	0
622000	1
622200	0
622400	1
622600	1
622800	1
623000	1
623200	1
623400	1
623600	1
623800	0
624000	1
624200	1
624400	1
624600	1
624800	0
625000	0
625200	1
625400	1
625600	0
625800	1
626000	1
626200	0
626400	1
626600	1
626800	1
627000	1
627200	1
627400	1
627600	1
627800	0
628000	1
628200	1
628400	1
628600	0
628800	1
629000	1
629200	1
629400	0
629600	1
629800	0
630000	1
630200	1
630400	1
630600	1
630800	1
631000	1
631200	1
631400	1
631600	1
631800	1
632000	0
632200	1
632400	1
632600	1
632800	1
633000	1
633200	0
633400	1
633600	1
633800	1
634000	0
634200	0
634400	0
634600	0
634800	1
635000	1
635200	1
635400	1
635600	1
635800	1
636000	1
636200	1
636400	1
636600	1
636800	1
637000	1
637200	0
637400	0
637600	1
637800	1
638000	1
638200	1
638400	1
638600	1
638800	1
639000	1
639200	1
639400	1
639600	1
639800	0
640000	1
640200	1
640400	1
640600	0
640800	1
641000	1
641200	1
641400	0
641600	0
641800	0
642000	1
642200	0
642400	0
642600	1
642800	0
643000	0
643200	0
643400	1
643600	1
643800	1
644000	1
644200	1
644400	1
644600	1
644800	1
645000	1
645200	1
645400	1
645600	1
645800	0
646000	1
646200	1
646400	1
646600	1
646800	1
647000	1
647200	1
647400	1
647600	1
647800	1
648000	1
648200	1
648400	1
648600	1
648800	1
649000	0
649200	1
649400	0
649600	1
649800	1
650000	1
650200	1
650400	1
650600	1
650800	1
651000	1
651200	1
651400	1
651600	1
651800	1
652000	1
652200	1
652400	1
652600	1
652800	1
653000	0
653200	1
653400	1
653600	1
653800	1
654000	1
654200	1
654400	1
654600	1
654800	1
655000	1
655200	1
655400	1
655600	1
655800	1
656000	1
656200	1
656400	1
656600	1
656800	0
657000	1
657200	0
657400	1
657600	1
657800	1
658000	1
658200	0
658400	1
658600	1
658800	1
659000	0
659200	1
659400	1
659600	0
659800	0
660000	1
660200	1
660400	1
660600	1
660800	1
661000	1
661200	1
661400	1
661600	0
661800	1
662000	1
662200	1
662400	1
662600	0
662800	1
663000	1
663200	1
663400	0
663600	1
663800	1
664000	1
664200	1
664400	1
664600	0
664800	1
665000	1
665200	0
665400	1
665600	1
665800	1
666000	1
666200	0
666400	1
666600	1
666800	1
667000	1
667200	1
667400	0
667600	1
667800	1
668000	1
668200	1
668400	0
668600	1
668800	1
669000	1
669200	1
669400	1
669600	0
669800	1
670000	1
670200	1
670400	0
670600	1
670800	0
671000	1
671200	1
671400	1
671600	1
671800	0
672000	0
672200	1
672400	1
672600	1
672800	1
673000	1
673200	1
673400	1
673600	1
673800	1
674000	1
674200	1
674400	0
674600	0
674800	1
675000	1
675200	1
675400	1
675600	1
675800	0
676000	1
676200	1
676400	1
676600	0
676800	1
677000	1
677200	0
677400	1
677600	1
677800	1
678000	1
678200	1
678400	1
678600	1
678800	0
679000	1
679200	1
679400	1
679600	1
679800	1
680000	0
680200	0
680400	1
680600	0
680800	1
681000	0
681200	0
681400	0
681600	1
681800	1
682000	0
682200	0
682400	1
682600	0
682800	1
683000	1
683200	1
683400	1
683600	1
683800	0
684000	1
684200	1
684400	1
684600	1
684800	1
685000	1
685200	0
685400	1
685600	0
685800	1
686000	1
686200	1
686400	1
686600	1
686800	0
687000	1
687200	1
687400	1
687600	0
687800	1
688000	1
688200	1
688400	1
688600	1
688800	1
689000	1
689200	1
689400	1
689600	1
689800	1
690000	1
690200	0
690400	1
690600	0
690800	1
691000	0
691200	0
691400	0
691600	1
691800	1
692000	1
692200	1
692400	1
692600	1
692800	1
693000	1
693200	0
693400	0
693600	1
693800	1
694000	1
694200	1
694400	1
694600	0
694800	0
695000	1
695200	1
695400	1
695600	0
695800	1
696000	1
696200	1
696400	1
696600	1
696800	1
697000	1
697200	1
697400	0
697600	1
697800	1
698000	1
698200	1
698400	0
698600	0
698800	0
699000	1
699200	1
699400	1
699600	1
699800	1
700000	1
700200	1
700400	1
700600	1
700800	1
701000	1
701200	0
701400	1
701600	1
701800	1
702000	1
702200	1
702400	1
702600	1
702800	0
703000	1
703200	1
703400	0
703600	1
703800	1
704000	0
704200	0
704400	1
704600	0
704800	1
705000	0
705200	1
705400	1
705600	0
705800	1
706000	1
706200	1
706400	1
706600	0
706800	1
707000	0
707200	1
707400	1
707600	1
707800	1
708000	1
708200	0
708400	1
708600	1
708800	1
709000	1
709200	1
709400	1
709600	1
709800	0
710000	0
710200	0
710400	0
710600	1
710800	1
711000	1
711200	1
711400	0
711600	1
711800	0
712000	1
712200	1
712400	0
712600	1
712800	1
713000	0
713200	1
713400	1
713600	1
713800	1
714000	1
714200	0
714400	0
714600	1
714800	0
715000	1
715200	0
715400	1
715600	1
715800	1
716000	1
716200	1
716400	1
716600	1
716800	1
717000	0
717200	1
717400	1
717600	1
717800	1
718000	1
718200	0
718400	1
718600	0
718800	0
719000	1
719200	1
719400	1
719600	1
719800	1
720000	1
720200	1
720400	1
720600	0
720800	1
721000	0
721200	1
721400	0
721600	1
721800	1
722000	1
722200	0
722400	1
722600	0
722800	1
723000	1
723200	1
723400	1
723600	1
723800	1
724000	1
724200	1
724400	1
724600	1
724800	1
725000	1
725200	1
725400	1
725600	1
725800	1
726000	1
726200	1
726400	1
726600	1
726800	1
727000	1
727200	1
727400	1
727600	0
727800	1
728000	0
728200	0
728400	0
728600	0
728800	1
729000	1
729200	1
729400	0
729600	0
729800	0
730000	0
730200	0
730400	0
730600	1
730800	1
731000	1
731200	0
731400	0
731600	1
731800	1
732000	1
732200	1
732400	1
732600	1
732800	1
733000	0
733200	1
733400	1
733600	1
733800	0
734000	1
734200	1
734400	1
734600	1
734800	1
735000	1
735200	0
735400	1
735600	1
735800	1
736000	1
736200	1
736400	0
736600	1
736800	1
737000	1
737200	1
737400	1
737600	1
737800	1
738000	1
738200	1
738400	1
738600	1
738800	1
739000	0
739200	0
739400	1
739600	1
739800	0
740000	1
740200	1
740400	0
740600	1
740800	1
741000	1
741200	0
741400	1
741600	1
741800	1
742000	1
742200	0
742400	1
742600	0
742800	1
743000	1
743200	1
743400	1
743600	1
743800	1
744000	1
744200	1
744400	1
744600	1
744800	1
745000	0
745200	0
745400	0
745600	1
745800	1
746000	1
746200	1
746400	1
746600	1
746800	1
747000	1
747200	0
747400	1
747600	1
747800	1
748000	1
748200	1
748400	0
748600	1
748800	1
749000	1
749200	1
749400	1
749600	1
749800	1
750000	0
750200	1
750400	1
750600	0
750800	1
751000	1
751200	1
751400	1
751600	1
751800	0
752000	1
752200	1
752400	0
752600	1
752800	1
753000	1
753200	1
753400	1
753600	1
753800	1
754000	1
754200	1
754400	1
754600	1
754800	1
755000	1
755200	0
755400	1
755600	1
755800	0
756000	0
756200	1
756400	0
756600	1
756800	1
757000	1
757200	1
757400	0
757600	0
757800	1
758000	1
758200	1
758400	1
758600	1
758800	1
759000	0
759200	1
759400	1
759600	1
759800	0
760000	1
760200	1
760400	1
760600	1
760800	1
761000	1
761200	1
761400	1
761600	1
761800	1
762000	1
762200	0
762400	1
762600	0
762800	1
763000	1
763200	1
763400	1
763600	0
763800	0
764000	1
764200	0
764400	1
764600	1
764800	1
765000	0
765200	1
765400	0
765600	1
765800	1
766000	1
766200	1
766400	0
766600	1
766800	1
767000	1
767200	0
767400	0
767600	0
767800	0
768000	1
768200	0
768400	1
768600	1
768800	0
769000	0
769200	1
769400	1
769600	0
769800	1
770000	1
770200	1
770400	1
770600	1
770800	1
771000	0
771200	1
771400	0
771600	0
771800	1
772000	0
772200	1
772400	1
772600	0
772800	1
773000	1
773200	1
773400	0
773600	1
773800	1
774000	1
774200	1
774400	1
774600	1
774800	0
775000	1
775200	1
775400	1
775600	1
775800	1
776000	0
776200	1
776400	1
776600	1
776800	0
777000	1
777200	0
777400	1
777600	1
777800	1
778000	1
778200	1
778400	1
778600	0
778800	1
779000	1
779200	1
779400	1
779600	1
779800	1
780000	0
780200	0
780400	0
780600	0
780800	0
781000	1
781200	1
781400	1
781600	1
781800	1
782000	1
782200	0
782400	1
782600	1
782800	1
783000	1
783200	0
783400	0
783600	0
783800	1
784000	1
784200	1
784400	0
784600	1
784800	0
785000	1
785200	1
785400	1
785600	1
785800	0
786000	1
786200	1
786400	1
786600	1
786800	1
787000	1
787200	1
787400	1
787600	1
787800	1
788000	1
788200	0
788400	1
788600	0
788800	1
789000	1
789200	0
789400	0
789600	1
789800	1
790000	0
790200	0
790400	1
790600	1
790800	0
791000	1
791200	1
791400	1
791600	1
791800	1
792000	1
792200	1
792400	0
792600	0
792800	1
793000	1
793200	1
793400	1
793600	1
793800	0
794000	1
794200	1
794400	1
794600	0
794800	1
795000	0
795200	1
795400	0
795600	1
795800	1
796000	1
796200	1
796400	0
796600	0
796800	1
797000	1
797200	1
797400	1
797600	1
797800	1
798000	1
798200	1
798400	1
798600	1
798800	1
799000	1
799200	1
799400	1
799600	1
799800	0
800000	0
800200	0
800400	0
800600	1
800800	1
801000	1
801200	1
801400	0
801600	1
801800	1
802000	0
802200	0
802400	1
802600	1
802800	1
803000	1
803200	0
803400	1
803600	1
803800	1
804000	1
804200	1
804400	1
804600	1
804800	1
805000	1
805200	1
805400	0
805600	1
805800	0
806000	0
806200	1
806400	0
806600	1
806800	0
807000	0
807200	1
807400	1
807600	0
807800	1
808000	1
808200	1
808400	1
808600	1
808800	1
809000	1
809200	0
809400	1
809600	0
809800	1
810000	1
810200	1
810400	1
810600	1
810800	1
811000	0
811200	1
811400	1
811600	0
811800	1
812000	1
812200	1
812400	1
812600	1
812800	1
813000	1
813200	1
813400	1
813600	1
813800	1
814000	1
814200	1
814400	1
814600	1
814800	1
815000	1
815200	1
815400	1
815600	1
815800	1
816000	1
816200	0
816400	1
816600	1
816800	0
817000	1
817200	1
817400	1
817600	1
817800	1
818000	1
818200	1
818400	1
818600	1
818800	1
819000	0
819200	0
819400	1
819600	1
819800	1
820000	1
820200	1
820400	1
820600	1
820800	1
821000	1
821200	1
821400	1
821600	1
821800	1
822000	1
822200	0
822400	1
822600	1
822800	1
823000	1
823200	0
823400	0
823600	1
823800	1
824000	1
824200	1
824400	1
824600	1
824800	0
825000	1
825200	1
825400	1
825600	1
825800	1
826000	1
826200	1
826400	1
826600	1
826800	1
827000	1
827200	1
827400	1
827600	1
827800	1
828000	1
828200	1
828400	1
828600	1
828800	1
829000	1
829200	0
829400	0
829600	1
829800	1
830000	0
830200	1
830400	1
830600	1
830800	1
831000	1
831200	1
831400	1
831600	1
831800	1
832000	1
832200	1
832400	1
832600	1
832800	1
833000	0
833200	1
833400	1
833600	1
833800	0
834000	1
834200	0
834400	1
834600	0
834800	1
835000	1
835200	1
835400	1
835600	1
835800	1
836000	1
836200	1
836400	1
836600	1
836800	1
837000	1
837200	1
837400	1
837600	1
837800	0
838000	1
838200	0
838400	1
838600	1
838800	1
839000	1
839200	0
839400	1
839600	1
839800	1
840000	1
840200	0
840400	1
840600	1
840800	1
841000	1
841200	1
841400	1
841600	0
841800	0
842000	1
842200	1
842400	1
842600	1
842800	1
843000	0
843200	1
843400	1
843600	1
843800	0
844000	1
844200	1
844400	1
844600	1
844800	1
845000	1
845200	1
845400	1
845600	1
845800	1
846000	1
846200	0
846400	1
846600	0
846800	1
847000	0
847200	1
847400	1
847600	1
847800	1
848000	1
848200	1
848400	1
848600	1
848800	0
849000	1
849200	1
849400	0
849600	1
849800	1
850000	1
850200	1
850400	1
850600	1
850800	1
851000	1
851200	1
851400	1
851600	1
851800	1
852000	1
852200	1
852400	1
852600	1
852800	1
853000	1
853200	1
853400	1
853600	1
853800	1
854000	1
854200	1
854400	1
854600	1
854800	1
855000	1
855200	1
855400	1
855600	1
855800	0
856000	0
856200	1
856400	1
856600	1
856800	0
857000	1
857200	0
857400	1
857600	1
857800	1
858000	1
858200	1
858400	1
858600	1
858800	1
859000	1
859200	1
859400	1
859600	1
859800	1
860000	1
860200	0
860400	1
860600	1
860800	0
861000	1
861200	0
861400	1
861600	1
861800	1
862000	1
862200	1
862400	1
862600	0
862800	1
863000	1
863200	1
863400	1
863600	1
863800	1
864000	1
864200	0
864400	1
864600	1
864800	0
865000	1
865200	1
865400	1
865600	1
865800	1
866000	1
866200	1
866400	0
866600	1
866800	1
867000	1
867200	1
867400	1
867600	1
867800	1
868000	0
868200	1
868400	1
868600	1
868800	1
869000	1
869200	1
869400	1
869600	1
869800	1
870000	1
870200	1
870400	0
870600	1
870800	1
871000	1
871200	0
871400	1
871600	1
871800	1
872000	1
872200	1
872400	1
872600	1
872800	1
873000	0
873200	1
873400	1
873600	1
873800	0
874000	0
874200	0
874400	1
874600	1
874800	1
875000	1
875200	1
875400	1
875600	1
875800	1
876000	1
876200	0
876400	1
876600	1
876800	1
877000	0
877200	1
877400	1
877600	0
877800	1
878000	1
878200	1
878400	1
878600	1
878800	1
879000	1
879200	1
879400	1
879600	0
879800	0
880000	0
880200	1
880400	1
880600	1
880800	1
881000	1
881200	1
881400	1
881600	1
881800	0
882000	1
882200	1
882400	1
882600	1
882800	1
883000	1
883200	1
883400	1
883600	1
883800	1
884000	1
884200	1
884400	1
884600	1
884800	1
885000	1
885200	0
885400	1
885600	1
885800	1
886000	1
886200	1
886400	1
886600	1
886800	1
887000	1
887200	1
887400	1
887600	1
887800	1
888000	1
888200	0
888400	1
888600	1
888800	1
889000	1
889200	1
889400	1
889600	0
889800	0
890000	0
890200	1
890400	1
890600	1
890800	1
891000	1
891200	0
891400	1
891600	1
891800	0
892000	1
892200	1
892400	1
892600	1
892800	1
893000	1
893200	1
893400	1
893600	1
893800	1
894000	1
894200	0
894400	1
894600	1
894800	1
895000	1
895200	1
895400	1
895600	0
895800	1
896000	1
896200	1
896400	1
896600	1
896800	1
897000	0
897200	0
897400	1
897600	1
897800	1
898000	1
898200	1
898400	1
898600	1
898800	1
899000	1
899200	1
899400	0
899600	1
899800	1
900000	1
900200	0
900400	1
900600	1
900800	1
901000	1
901200	1
901400	0
901600	0
901800	0
902000	1
902200	1
902400	1
902600	1
902800	1
903000	1
903200	1
903400	0
903600	1
903800	1
904000	1
904200	1
904400	1
904600	1
904800	1
905000	1
905200	0
905400	1
905600	0
905800	1
906000	1
906200	1
906400	1
906600	0
906800	1
907000	1
907200	1
907400	1
907600	1
907800	1
908000	1
908200	1
908400	1
908600	1
908800	1
909000	0
909200	1
909400	0
909600	1
909800	1
910000	1
910200	1
910400	1
910600	1
910800	0
911000	1
911200	1
911400	1
911600	1
911800	1
912000	1
912200	1
912400	1
912600	1
912800	1
913000	1
913200	1
913400	1
913600	1
913800	1
914000	1
914200	1
914400	1
914600	1
914800	1
915000	1
915200	1
915400	1
915600	0
915800	1
916000	1
916200	1
916400	1
916600	1
916800	1
917000	1
917200	1
917400	1
917600	1
917800	1
918000	1
918200	1
918400	1
918600	1
918800	0
919000	0
919200	1
919400	0
919600	1
919800	1
920000	1
920200	1
920400	1
920600	1
920800	1
921000	1
921200	0
921400	0
921600	1
921800	0
922000	1
922200	1
922400	1
922600	1
922800	1
923000	1
923200	0
923400	0
923600	0
923800	1
924000	1
924200	1
924400	1
924600	1
924800	1
925000	1
925200	1
925400	1
925600	1
925800	0
926000	1
926200	1
926400	0
926600	1
926800	1
927000	1
927200	1
927400	0
927600	1
927800	1
928000	1
928200	1
928400	1
928600	1
928800	1
929000	0
929200	1
929400	0
929600	1
929800	1
930000	1
930200	1
930400	0
930600	0
930800	1
931000	1
931200	0
931400	1
931600	1
931800	0
932000	0
932200	1
932400	1
932600	1
932800	1
933000	1
933200	1
933400	1
933600	1
933800	1
934000	1
934200	1
934400	1
934600	1
934800	1
935000	1
935200	0
935400	0
935600	1
935800	1
936000	1
936200	0
936400	0
936600	1
936800	0
937000	1
937200	0
937400	1
937600	1
937800	1
938000	1
938200	1
938400	1
938600	1
938800	1
939000	1
939200	1
939400	1
939600	1
939800	1
940000	1
940200	1
940400	1
940600	1
940800	1
941000	1
941200	0
941400	1
941600	1
941800	0
942000	1
942200	1
942400	1
942600	1
942800	0
943000	0
943200	1
943400	1
943600	1
943800	1
944000	1
944200	1
944400	1
944600	0
944800	1
945000	1
945200	1
945400	1
945600	1
945800	1
946000	1
946200	1
946400	1
946600	1
946800	1
947000	0
947200	1
947400	1
947600	1
947800	1
948000	0
948200	1
948400	1
948600	1
948800	1
949000	1
949200	0
949400	1
949600	1
949800	1
950000	1
950200	1
950400	1
950600	1
950800	0
951000	1
951200	1
951400	1
951600	1
951800	1
952000	1
952200	1
952400	1
952600	1
952800	1
953000	1
953200	1
953400	1
953600	1
953800	1
954000	1
954200	1
954400	1
954600	1
954800	1
955000	1
955200	0
955400	1
955600	1
955800	1
956000	1
956200	0
956400	1
956600	1
956800	1
957000	0
957200	1
957400	0
957600	1
957800	1
958000	1
958200	1
958400	0
958600	1
958800	1
959000	1
959200	1
959400	1
959600	1
959800	1
960000	1
960200	0
960400	0
960600	0
960800	1
961000	1
961200	0
961400	1
961600	0
961800	0
962000	1
962200	1
962400	1
962600	1
962800	1
963000	1
963200	1
963400	1
963600	1
963800	1
964000	1
964200	1
964400	0
964600	1
964800	0
965000	1
965200	0
965400	1
965600	1
965800	0
966000	1
966200	1
966400	1
966600	1
966800	1
967000	1
967200	0
967400	1
967600	1
967800	1
968000	1
968200	1
968400	0
968600	0
968800	1
969000	1
969200	1
969400	1
969600	1
969800	1
970000	1
970200	1
970400	1
970600	1
970800	1
971000	0
971200	1
971400	1
971600	1
971800	0
972000	1
972200	1
972400	0
972600	0
972800	1
973000	1
973200	1
973400	1
973600	1
973800	1
974000	1
974200	1
974400	1
974600	1
974800	0
975000	1
975200	1
975400	1
975600	1
975800	1
976000	1
976200	1
976400	1
976600	1
976800	1
977000	1
977200	0
977400	0
977600	1
977800	0
978000	1
978200	1
978400	1
978600	1
978800	1
979000	1
979200	1
979400	0
979600	0
979800	1
980000	1
980200	1
980400	1
980600	1
980800	1
981000	1
981200	1
981400	0
981600	1
981800	1
982000	1
982200	1
982400	1
982600	1
982800	1
983000	1
983200	1
983400	0
983600	1
983800	0
984000	1
984200	1
984400	1
984600	0
984800	1
985000	1
985200	1
985400	1
985600	1
985800	1
986000	1
986200	1
986400	1
986600	1
986800	1
987000	1
987200	0
987400	1
987600	1
987800	1
988000	1
988200	1
988400	1
988600	0
988800	1
989000	1
989200	0
989400	1
989600	1
989800	1
990000	1
990200	0
990400	1
990600	1
990800	0
991000	1
991200	1
991400	1
991600	1
991800	1
992000	1
992200	1
992400	1
992600	0
992800	1
993000	1
993200	1
993400	1
993600	1
993800	1
994000	1
994200	1
994400	1
994600	1
994800	1
995000	1
995200	1
995400	1
995600	1
995800	1
996000	1
996200	1
996400	1
996600	1
996800	1
997000	1
997200	0
997400	0
997600	1
997800	0
998000	1
998200	1
998400	1
998600	1
998800	0
999000	1
999200	1
999400	0
999600	1
999800	1
1000000	1
