200	0.0
400	0.0
600	0.0
800	0.0
1000	0.0
1200	1.0
1400	0.0
1600	0.0
1800	0.0
2000	0.0
2200	0.0
2400	0.0
2600	1.0
2800	0.0
3000	0.0
3200	0.0
3400	0.0
3600	0.0
3800	0.0
4000	0.0
4200	0.0
4400	0.0
4600	0.0
4800	0.0
5000	0.0
5200	0.0
5400	0.0
5600	0.0
5800	0.0
6000	0.0
6200	0.0
6400	0.0
6600	0.0
6800	0.0
7000	1.0
7200	1.0
7400	0.0
7600	0.0
7800	0.0
8000	0.0
8200	0.0
8400	0.0
8600	0.0
8800	0.0
9000	0.0
9200	0.0
9400	0.0
9600	0.0
9800	1.0
10000	0.0
10200	0.0
10400	1.0
10600	0.0
10800	0.0
11000	0.0
11200	0.0
11400	0.0
11600	0.0
11800	0.0
12000	0.0
12200	0.0
12400	0.0
12600	0.0
12800	0.0
13000	0.0
13200	0.0
13400	0.0
13600	0.0
13800	0.0
14000	0.0
14200	0.0
14400	0.0
14600	0.0
14800	0.0
15000	0.0
15200	0.0
15400	0.0
15600	0.0
15800	0.0
16000	0.0
16200	0.0
16400	0.0
16600	0.0
16800	0.0
17000	0.0
17200	0.0
17400	0.0
17600	0.0
17800	0.0
18000	0.0
18200	0.0
18400	0.0
18600	0.0
18800	0.0
19000	0.0
19200	0.0
19400	0.0
19600	0.0
19800	0.0
20000	0.0
20200	0.0
20400	0.0
20600	0.0
20800	0.0
21000	0.0
21200	0.0
21400	0.0
21600	0.0
21800	0.0
22000	0.0
22200	0.0
22400	0.0
22600	0.0
22800	0.0
23000	1.0
23200	0.0
23400	0.0
23600	0.0
23800	0.0
24000	0.0
24200	0.0
24400	0.0
24600	0.0
24800	0.0
25000	0.0
25200	0.0
25400	0.0
25600	0.0
25800	0.0
26000	0.0
26200	0.0
26400	0.0
26600	0.0
26800	0.0
27000	0.0
27200	0.0
27400	0.0
27600	0.0
27800	0.0
28000	0.0
28200	0.0
28400	0.0
28600	0.0
28800	0.0
29000	0.0
29200	0.0
29400	0.0
29600	0.0
29800	0.0
30000	0.0
30200	0.0
30400	0.0
30600	0.0
30800	0.0
31000	1.0
31200	0.0
31400	0.0
31600	0.0
31800	0.0
32000	0.0
32200	1.0
32400	0.0
32600	0.0
32800	0.0
33000	0.0
33200	0.0
33400	0.0
33600	0.0
33800	0.0
34000	0.0
34200	0.0
34400	0.0
34600	0.0
34800	0.0
35000	0.0
35200	0.0
35400	0.0
35600	0.0
35800	0.0
36000	0.0
36200	0.0
36400	0.0
36600	0.0
36800	0.0
37000	0.0
37200	0.0
37400	0.0
37600	0.0
37800	0.0
38000	0.0
38200	0.0
38400	0.0
38600	1.0
38800	0.0
39000	0.0
39200	0.0
39400	0.0
39600	0.0
39800	1.0
40000	0.0
40200	0.0
40400	0.0
40600	0.0
40800	0.0
41000	0.0
41200	0.0
41400	0.0
41600	0.0
41800	0.0
42000	0.0
42200	1.0
42400	0.0
42600	0.0
42800	0.0
43000	0.0
43200	0.0
43400	0.0
43600	0.0
43800	0.0
44000	0.0
44200	0.0
44400	0.0
44600	0.0
44800	0.0
45000	0.0
45200	0.0
45400	0.0
45600	0.0
45800	0.0
46000	0.0
46200	0.0
46400	0.0
46600	0.0
46800	0.0
47000	1.0
47200	0.0
47400	0.0
47600	0.0
47800	0.0
48000	0.0
48200	0.0
48400	1.0
48600	0.0
48800	0.0
49000	0.0
49200	0.0
49400	0.0
49600	0.0
49800	0.0
50000	0.0
50200	1.0
50400	0.0
50600	0.0
50800	0.0
51000	1.0
51200	0.0
51400	0.0
51600	0.0
51800	0.0
52000	0.0
52200	0.0
52400	0.0
52600	0.0
52800	0.0
53000	0.0
53200	0.0
53400	0.0
53600	1.0
53800	0.0
54000	0.0
54200	0.0
54400	0.0
54600	0.0
54800	0.0
55000	0.0
55200	0.0
55400	0.0
55600	1.0
55800	0.0
56000	0.0
56200	0.0
56400	0.0
56600	0.0
56800	0.0
57000	0.0
57200	0.0
57400	0.0
57600	0.0
57800	0.0
58000	0.0
58200	0.0
58400	0.0
58600	0.0
58800	0.0
59000	0.0
59200	0.0
59400	0.0
59600	0.0
59800	0.0
60000	0.0
60200	0.0
60400	0.0
60600	0.0
60800	0.0
61000	0.0
61200	0.0
61400	0.0
61600	1.0
61800	0.0
62000	0.0
62200	0.0
62400	0.0
62600	0.0
62800	0.0
63000	0.0
63200	0.0
63400	0.0
63600	0.0
63800	0.0
64000	0.0
64200	0.0
64400	0.0
64600	0.0
64800	1.0
65000	0.0
65200	0.0
65400	1.0
65600	0.0
65800	0.0
66000	0.0
66200	0.0
66400	1.0
66600	0.0
66800	0.0
67000	0.0
67200	0.0
67400	0.0
67600	0.0
67800	0.0
68000	0.0
68200	0.0
68400	0.0
68600	0.0
68800	0.0
69000	0.0
69200	0.0
69400	0.0
69600	0.0
69800	0.0
70000	0.0
70200	0.0
70400	0.0
70600	0.0
70800	0.0
71000	0.0
71200	0.0
71400	0.0
71600	0.0
71800	0.0
72000	0.0
72200	0.0
72400	0.0
72600	0.0
72800	0.0
73000	0.0
73200	0.0
73400	0.0
73600	0.0
73800	1.0
74000	0.0
74200	0.0
74400	0.0
74600	0.0
74800	0.0
75000	0.0
75200	0.0
75400	0.0
75600	0.0
75800	0.0
76000	0.0
76200	0.0
76400	0.0
76600	0.0
76800	0.0
77000	0.0
77200	0.0
77400	0.0
77600	0.0
77800	0.0
78000	0.0
78200	0.0
78400	0.0
78600	0.0
78800	0.0
79000	0.0
79200	0.0
79400	0.0
79600	0.0
79800	0.0
80000	0.0
80200	0.0
80400	0.0
80600	0.0
80800	0.0
81000	0.0
81200	0.0
81400	0.0
81600	0.0
81800	0.0
82000	0.0
82200	0.0
82400	0.0
82600	1.0
82800	0.0
83000	0.0
83200	1.0
83400	0.0
83600	0.0
83800	0.0
84000	0.0
84200	0.0
84400	0.0
84600	0.0
84800	0.0
85000	0.0
85200	0.0
85400	0.0
85600	0.0
85800	1.0
86000	0.0
86200	0.0
86400	0.0
86600	0.0
86800	0.0
87000	0.0
87200	0.0
87400	0.0
87600	0.0
87800	0.0
88000	1.0
88200	0.0
88400	0.0
88600	0.0
88800	0.0
89000	0.0
89200	0.0
89400	0.0
89600	0.0
89800	0.0
90000	1.0
90200	0.0
90400	0.0
90600	0.0
90800	0.0
91000	0.0
91200	0.0
91400	0.0
91600	0.0
91800	0.0
92000	0.0
92200	0.0
92400	0.0
92600	0.0
92800	0.0
93000	0.0
93200	0.0
93400	0.0
93600	0.0
93800	0.0
94000	0.0
94200	0.0
94400	0.0
94600	0.0
94800	0.0
95000	0.0
95200	0.0
95400	0.0
95600	0.0
95800	0.0
96000	0.0
96200	0.0
96400	1.0
96600	0.0
96800	0.0
97000	1.0
97200	0.0
97400	0.0
97600	0.0
97800	0.0
98000	0.0
98200	0.0
98400	0.0
98600	0.0
98800	0.0
99000	0.0
99200	0.0
99400	1.0
99600	0.0
99800	1.0
100000	0.0
100200	0.0
100400	0.0
100600	0.0
100800	0.0
101000	0.0
101200	0.0
101400	0.0
101600	0.0
101800	0.0
102000	0.0
102200	0.0
102400	1.0
102600	0.0
102800	0.0
103000	1.0
103200	0.0
103400	0.0
103600	0.0
103800	0.0
104000	0.0
104200	0.0
104400	0.0
104600	0.0
104800	0.0
105000	0.0
105200	1.0
105400	0.0
105600	0.0
105800	0.0
106000	1.0
106200	0.0
106400	0.0
106600	0.0
106800	0.0
107000	0.0
107200	0.0
107400	0.0
107600	0.0
107800	0.0
108000	0.0
108200	0.0
108400	0.0
108600	0.0
108800	0.0
109000	0.0
109200	0.0
109400	0.0
109600	0.0
109800	1.0
110000	0.0
110200	0.0
110400	0.0
110600	1.0
110800	0.0
111000	0.0
111200	0.0
111400	0.0
111600	0.0
111800	0.0
112000	0.0
112200	0.0
112400	0.0
112600	0.0
112800	0.0
113000	0.0
113200	0.0
113400	1.0
113600	0.0
113800	0.0
114000	0.0
114200	0.0
114400	0.0
114600	0.0
114800	0.0
115000	1.0
115200	0.0
115400	0.0
115600	0.0
115800	0.0
116000	0.0
116200	0.0
116400	0.0
116600	0.0
116800	0.0
117000	0.0
117200	0.0
117400	0.0
117600	0.0
117800	0.0
118000	0.0
118200	0.0
118400	0.0
118600	0.0
118800	0.0
119000	0.0
119200	0.0
119400	0.0
119600	0.0
119800	0.0
120000	0.0
120200	0.0
120400	0.0
120600	0.0
120800	0.0
121000	0.0
121200	0.0
121400	0.0
121600	0.0
121800	0.0
122000	0.0
122200	0.0
122400	0.0
122600	1.0
122800	0.0
123000	0.0
123200	0.0
123400	0.0
123600	0.0
123800	0.0
124000	0.0
124200	0.0
124400	0.0
124600	0.0
124800	0.0
125000	0.0
125200	0.0
125400	1.0
125600	0.0
125800	0.0
126000	0.0
126200	0.0
126400	0.0
126600	0.0
126800	1.0
127000	0.0
127200	0.0
127400	0.0
127600	0.0
127800	0.0
128000	0.0
128200	0.0
128400	0.0
128600	0.0
128800	0.0
129000	0.0
129200	0.0
129400	0.0
129600	0.0
129800	0.0
130000	0.0
130200	0.0
130400	0.0
130600	0.0
130800	0.0
131000	0.0
131200	0.0
131400	0.0
131600	0.0
131800	0.0
132000	0.0
132200	0.0
132400	0.0
132600	1.0
132800	0.0
133000	0.0
133200	1.0
133400	0.0
133600	0.0
133800	0.0
134000	0.0
134200	0.0
134400	0.0
134600	0.0
134800	0.0
135000	0.0
135200	1.0
135400	0.0
135600	0.0
135800	0.0
136000	0.0
136200	0.0
136400	0.0
136600	0.0
136800	0.0
137000	0.0
137200	0.0
137400	0.0
137600	0.0
137800	0.0
138000	0.0
138200	0.0
138400	0.0
138600	0.0
138800	0.0
139000	0.0
139200	1.0
139400	0.0
139600	0.0
139800	0.0
140000	1.0
140200	0.0
140400	0.0
140600	0.0
140800	0.0
141000	0.0
141200	1.0
141400	0.0
141600	0.0
141800	0.0
142000	0.0
142200	0.0
142400	0.0
142600	0.0
142800	0.0
143000	0.0
143200	0.0
143400	0.0
143600	0.0
143800	0.0
144000	1.0
144200	0.0
144400	0.0
144600	0.0
144800	0.0
145000	0.0
145200	0.0
145400	0.0
145600	0.0
145800	0.0
146000	0.0
146200	0.0
146400	0.0
146600	1.0
146800	0.0
147000	0.0
147200	0.0
147400	0.0
147600	0.0
147800	0.0
148000	0.0
148200	0.0
148400	0.0
148600	0.0
148800	0.0
149000	1.0
149200	0.0
149400	0.0
149600	0.0
149800	0.0
150000	0.0
150200	0.0
150400	0.0
150600	0.0
150800	0.0
151000	0.0
151200	0.0
151400	0.0
151600	0.0
151800	0.0
152000	0.0
152200	1.0
152400	0.0
152600	0.0
152800	0.0
153000	1.0
153200	0.0
153400	0.0
153600	0.0
153800	0.0
154000	1.0
154200	0.0
154400	0.0
154600	0.0
154800	0.0
155000	0.0
155200	1.0
155400	0.0
155600	0.0
155800	0.0
156000	0.0
156200	0.0
156400	0.0
156600	0.0
156800	0.0
157000	0.0
157200	0.0
157400	0.0
157600	0.0
157800	0.0
158000	0.0
158200	0.0
158400	0.0
158600	0.0
158800	0.0
159000	0.0
159200	0.0
159400	0.0
159600	0.0
159800	0.0
160000	0.0
160200	0.0
160400	0.0
160600	0.0
160800	0.0
161000	0.0
161200	0.0
161400	0.0
161600	0.0
161800	0.0
162000	0.0
162200	0.0
162400	0.0
162600	0.0
162800	0.0
163000	0.0
163200	0.0
163400	0.0
163600	0.0
163800	0.0
164000	1.0
164200	0.0
164400	0.0
164600	0.0
164800	0.0
165000	0.0
165200	0.0
165400	0.0
165600	1.0
165800	0.0
166000	0.0
166200	0.0
166400	0.0
166600	0.0
166800	0.0
167000	0.0
167200	0.0
167400	0.0
167600	1.0
167800	0.0
168000	0.0
168200	0.0
168400	0.0
168600	0.0
168800	0.0
169000	0.0
169200	0.0
169400	0.0
169600	0.0
169800	0.0
170000	0.0
170200	0.0
170400	0.0
170600	0.0
170800	0.0
171000	1.0
171200	0.0
171400	0.0
171600	0.0
171800	0.0
172000	0.0
172200	0.0
172400	1.0
172600	0.0
172800	0.0
173000	0.0
173200	1.0
173400	0.0
173600	0.0
173800	0.0
174000	0.0
174200	0.0
174400	0.0
174600	0.0
174800	0.0
175000	0.0
175200	0.0
175400	0.0
175600	0.0
175800	0.0
176000	0.0
176200	0.0
176400	0.0
176600	0.0
176800	1.0
177000	0.0
177200	0.0
177400	0.0
177600	1.0
177800	0.0
178000	0.0
178200	0.0
178400	0.0
178600	0.0
178800	0.0
179000	0.0
179200	0.0
179400	0.0
179600	0.0
179800	0.0
180000	0.0
180200	0.0
180400	0.0
180600	1.0
180800	0.0
181000	0.0
181200	0.0
181400	0.0
181600	0.0
181800	1.0
182000	0.0
182200	0.0
182400	0.0
182600	0.0
182800	0.0
183000	0.0
183200	0.0
183400	0.0
183600	0.0
183800	0.0
184000	0.0
184200	0.0
184400	0.0
184600	0.0
184800	0.0
185000	0.0
185200	0.0
185400	1.0
185600	0.0
185800	0.0
186000	0.0
186200	0.0
186400	1.0
186600	0.0
186800	0.0
187000	0.0
187200	0.0
187400	0.0
187600	0.0
187800	0.0
188000	0.0
188200	1.0
188400	0.0
188600	0.0
188800	0.0
189000	1.0
189200	0.0
189400	0.0
189600	0.0
189800	0.0
190000	0.0
190200	0.0
190400	0.0
190600	0.0
190800	0.0
191000	1.0
191200	0.0
191400	0.0
191600	0.0
191800	0.0
192000	0.0
192200	0.0
192400	0.0
192600	0.0
192800	0.0
193000	0.0
193200	0.0
193400	0.0
193600	0.0
193800	0.0
194000	0.0
194200	0.0
194400	0.0
194600	0.0
194800	0.0
195000	1.0
195200	0.0
195400	0.0
195600	0.0
195800	0.0
196000	0.0
196200	0.0
196400	0.0
196600	0.0
196800	0.0
197000	0.0
197200	0.0
197400	0.0
197600	0.0
197800	0.0
198000	0.0
198200	1.0
198400	0.0
198600	0.0
198800	0.0
199000	0.0
199200	1.0
199400	0.0
199600	0.0
199800	0.0
200000	0.0
200200	0.0
200400	0.0
200600	0.0
200800	0.0
201000	0.0
201200	0.0
201400	1.0
201600	0.0
201800	0.0
202000	0.0
202200	0.0
202400	0.0
202600	0.0
202800	0.0
203000	0.0
203200	1.0
203400	0.0
203600	0.0
203800	0.0
204000	0.0
204200	0.0
204400	0.0
204600	0.0
204800	0.0
205000	1.0
205200	0.0
205400	0.0
205600	0.0
205800	0.0
206000	0.0
206200	0.0
206400	0.0
206600	0.0
206800	0.0
207000	0.0
207200	0.0
207400	0.0
207600	0.0
207800	0.0
208000	0.0
208200	0.0
208400	0.0
208600	0.0
208800	1.0
209000	0.0
209200	0.0
209400	0.0
209600	0.0
209800	0.0
210000	1.0
210200	0.0
210400	0.0
210600	0.0
210800	0.0
211000	1.0
211200	0.0
211400	0.0
211600	0.0
211800	0.0
212000	0.0
212200	0.0
212400	0.0
212600	0.0
212800	0.0
213000	0.0
213200	0.0
213400	0.0
213600	0.0
213800	0.0
214000	1.0
214200	0.0
214400	0.0
214600	0.0
214800	0.0
215000	0.0
215200	0.0
215400	1.0
215600	0.0
215800	0.0
216000	0.0
216200	0.0
216400	0.0
216600	1.0
216800	0.0
217000	0.0
217200	0.0
217400	0.0
217600	1.0
217800	0.0
218000	0.0
218200	0.0
218400	0.0
218600	0.0
218800	0.0
219000	0.0
219200	0.0
219400	1.0
219600	0.0
219800	0.0
220000	0.0
220200	0.0
220400	0.0
220600	0.0
220800	0.0
221000	0.0
221200	0.0
221400	0.0
221600	0.0
221800	0.0
222000	0.0
222200	0.0
222400	0.0
222600	0.0
222800	0.0
223000	0.0
223200	0.0
223400	0.0
223600	0.0
223800	0.0
224000	1.0
224200	0.0
224400	0.0
224600	0.0
224800	0.0
225000	1.0
225200	0.0
225400	0.0
225600	0.0
225800	0.0
226000	0.0
226200	0.0
226400	0.0
226600	0.0
226800	0.0
227000	0.0
227200	0.0
227400	0.0
227600	0.0
227800	0.0
228000	0.0
228200	1.0
228400	0.0
228600	0.0
228800	0.0
229000	0.0
229200	0.0
229400	0.0
229600	1.0
229800	0.0
230000	0.0
230200	0.0
230400	0.0
230600	0.0
230800	0.0
231000	0.0
231200	0.0
231400	0.0
231600	0.0
231800	0.0
232000	0.0
232200	1.0
232400	0.0
232600	0.0
232800	0.0
233000	0.0
233200	0.0
233400	0.0
233600	1.0
233800	0.0
234000	0.0
234200	1.0
234400	0.0
234600	1.0
234800	0.0
235000	0.0
235200	0.0
235400	0.0
235600	0.0
235800	0.0
236000	0.0
236200	0.0
236400	0.0
236600	0.0
236800	0.0
237000	0.0
237200	0.0
237400	0.0
237600	0.0
237800	0.0
238000	0.0
238200	0.0
238400	0.0
238600	0.0
238800	0.0
239000	0.0
239200	1.0
239400	0.0
239600	0.0
239800	0.0
240000	0.0
240200	0.0
240400	0.0
240600	1.0
240800	0.0
241000	0.0
241200	0.0
241400	0.0
241600	0.0
241800	0.0
242000	0.0
242200	0.0
242400	0.0
242600	1.0
242800	0.0
243000	0.0
243200	0.0
243400	0.0
243600	1.0
243800	0.0
244000	0.0
244200	0.0
244400	0.0
244600	0.0
244800	0.0
245000	0.0
245200	0.0
245400	0.0
245600	0.0
245800	0.0
246000	1.0
246200	0.0
246400	0.0
246600	0.0
246800	0.0
247000	0.0
247200	0.0
247400	0.0
247600	0.0
247800	1.0
248000	0.0
248200	0.0
248400	0.0
248600	0.0
248800	0.0
249000	0.0
249200	0.0
249400	1.0
249600	0.0
249800	0.0
250000	0.0
250200	0.0
250400	0.0
250600	0.0
250800	0.0
251000	0.0
251200	0.0
251400	0.0
251600	0.0
251800	0.0
252000	0.0
252200	0.0
252400	0.0
252600	0.0
252800	0.0
253000	0.0
253200	0.0
253400	0.0
253600	0.0
253800	0.0
254000	0.0
254200	0.0
254400	0.0
254600	0.0
254800	0.0
255000	0.0
255200	0.0
255400	0.0
255600	6.0
255800	6.0
256000	6.0
256200	3.0
256400	0.0
256600	0.0
256800	0.0
257000	5.0
257200	3.0
257400	6.0
257600	0.0
257800	0.0
258000	6.0
258200	6.0
258400	6.0
258600	6.0
258800	5.0
259000	7.0
259200	6.0
259400	5.0
259600	4.0
259800	5.0
260000	6.0
260200	6.0
260400	3.0
260600	6.0
260800	6.0
261000	2.0
261200	4.0
261400	7.0
261600	6.0
261800	7.0
262000	5.0
262200	7.0
262400	6.0
262600	5.0
262800	4.0
263000	3.0
263200	6.0
263400	6.0
263600	5.0
263800	6.0
264000	6.0
264200	6.0
264400	4.0
264600	7.0
264800	6.0
265000	6.0
265200	5.0
265400	4.0
265600	5.0
265800	4.0
266000	5.0
266200	6.0
266400	6.0
266600	5.0
266800	7.0
267000	4.0
267200	4.0
267400	5.0
267600	3.0
267800	6.0
268000	5.0
268200	7.0
268400	5.0
268600	6.0
268800	6.0
269000	8.0
269200	4.0
269400	3.0
269600	0.0
269800	4.0
270000	3.0
270200	2.0
270400	4.0
270600	5.0
270800	4.0
271000	6.0
271200	5.0
271400	5.0
271600	6.0
271800	4.0
272000	5.0
272200	6.0
272400	5.0
272600	0.0
272800	6.0
273000	6.0
273200	6.0
273400	3.0
273600	5.0
273800	1.0
274000	3.0
274200	6.0
274400	6.0
274600	6.0
274800	4.0
275000	6.0
275200	5.0
275400	4.0
275600	5.0
275800	3.0
276000	4.0
276200	6.0
276400	6.0
276600	6.0
276800	6.0
277000	5.0
277200	5.0
277400	6.0
277600	5.0
277800	6.0
278000	6.0
278200	5.0
278400	5.0
278600	5.0
278800	3.0
279000	5.0
279200	2.0
279400	6.0
279600	5.0
279800	6.0
280000	6.0
280200	6.0
280400	6.0
280600	6.0
280800	4.0
281000	4.0
281200	4.0
281400	7.0
281600	5.0
281800	2.0
282000	5.0
282200	6.0
282400	6.0
282600	7.0
282800	5.0
283000	5.0
283200	6.0
283400	7.0
283600	6.0
283800	5.0
284000	6.0
284200	5.0
284400	6.0
284600	6.0
284800	6.0
285000	7.0
285200	4.0
285400	6.0
285600	5.0
285800	6.0
286000	3.0
286200	2.0
286400	4.0
286600	0.0
286800	6.0
287000	6.0
287200	4.0
287400	4.0
287600	6.0
287800	3.0
288000	5.0
288200	4.0
288400	7.0
288600	1.0
288800	6.0
289000	5.0
289200	4.0
289400	4.0
289600	6.0
289800	5.0
290000	7.0
290200	5.0
290400	7.0
290600	6.0
290800	4.0
291000	4.0
291200	2.0
291400	3.0
291600	6.0
291800	3.0
292000	6.0
292200	5.0
292400	6.0
292600	2.0
292800	6.0
293000	3.0
293200	5.0
293400	5.0
293600	5.0
293800	6.0
294000	6.0
294200	5.0
294400	4.0
294600	5.0
294800	3.0
295000	7.0
295200	6.0
295400	7.0
295600	3.0
295800	5.0
296000	6.0
296200	5.0
296400	5.0
296600	6.0
296800	5.0
297000	6.0
297200	5.0
297400	7.0
297600	5.0
297800	5.0
298000	6.0
298200	4.0
298400	6.0
298600	6.0
298800	6.0
299000	6.0
299200	5.0
299400	5.0
299600	4.0
299800	4.0
300000	6.0
300200	5.0
300400	3.0
300600	6.0
300800	7.0
301000	6.0
301200	3.0
301400	3.0
301600	4.0
301800	4.0
302000	6.0
302200	6.0
302400	3.0
302600	5.0
302800	5.0
303000	4.0
303200	6.0
303400	4.0
303600	6.0
303800	6.0
304000	6.0
304200	5.0
304400	0.0
304600	0.0
304800	1.0
305000	6.0
305200	4.0
305400	1.0
305600	4.0
305800	6.0
306000	6.0
306200	5.0
306400	6.0
306600	4.0
306800	6.0
307000	5.0
307200	7.0
307400	5.0
307600	6.0
307800	5.0
308000	1.0
308200	4.0
308400	6.0
308600	7.0
308800	5.0
309000	7.0
309200	6.0
309400	6.0
309600	2.0
309800	6.0
310000	4.0
310200	5.0
310400	5.0
310600	7.0
310800	5.0
311000	6.0
311200	6.0
311400	6.0
311600	5.0
311800	5.0
312000	6.0
312200	4.0
312400	4.0
312600	3.0
312800	6.0
313000	6.0
313200	5.0
313400	6.0
313600	5.0
313800	4.0
314000	6.0
314200	7.0
314400	5.0
314600	7.0
314800	5.0
315000	5.0
315200	7.0
315400	6.0
315600	7.0
315800	5.0
316000	3.0
316200	7.0
316400	5.0
316600	6.0
316800	6.0
317000	5.0
317200	7.0
317400	7.0
317600	6.0
317800	6.0
318000	5.0
318200	5.0
318400	6.0
318600	5.0
318800	4.0
319000	4.0
319200	5.0
319400	4.0
319600	3.0
319800	5.0
320000	2.0
320200	5.0
320400	1.0
320600	6.0
320800	5.0
321000	6.0
321200	4.0
321400	5.0
321600	6.0
321800	6.0
322000	6.0
322200	6.0
322400	3.0
322600	5.0
322800	5.0
323000	6.0
323200	5.0
323400	6.0
323600	4.0
323800	6.0
324000	6.0
324200	4.0
324400	5.0
324600	6.0
324800	3.0
325000	6.0
325200	7.0
325400	2.0
325600	5.0
325800	4.0
326000	3.0
326200	3.0
326400	5.0
326600	2.0
326800	5.0
327000	3.0
327200	4.0
327400	2.0
327600	4.0
327800	7.0
328000	6.0
328200	7.0
328400	6.0
328600	6.0
328800	3.0
329000	5.0
329200	4.0
329400	6.0
329600	4.0
329800	6.0
330000	4.0
330200	5.0
330400	3.0
330600	4.0
330800	5.0
331000	5.0
331200	6.0
331400	6.0
331600	5.0
331800	1.0
332000	3.0
332200	7.0
332400	5.0
332600	4.0
332800	5.0
333000	4.0
333200	7.0
333400	3.0
333600	2.0
333800	6.0
334000	6.0
334200	4.0
334400	1.0
334600	6.0
334800	0.0
335000	2.0
335200	2.0
335400	5.0
335600	5.0
335800	4.0
336000	6.0
336200	5.0
336400	6.0
336600	3.0
336800	6.0
337000	6.0
337200	6.0
337400	6.0
337600	4.0
337800	5.0
338000	6.0
338200	4.0
338400	5.0
338600	7.0
338800	6.0
339000	2.0
339200	5.0
339400	6.0
339600	5.0
339800	5.0
340000	4.0
340200	5.0
340400	6.0
340600	6.0
340800	6.0
341000	5.0
341200	6.0
341400	6.0
341600	7.0
341800	5.0
342000	6.0
342200	6.0
342400	7.0
342600	4.0
342800	4.0
343000	5.0
343200	6.0
343400	6.0
343600	5.0
343800	6.0
344000	3.0
344200	6.0
344400	3.0
344600	6.0
344800	0.0
345000	6.0
345200	5.0
345400	4.0
345600	4.0
345800	4.0
346000	3.0
346200	5.0
346400	4.0
346600	6.0
346800	7.0
347000	2.0
347200	3.0
347400	5.0
347600	7.0
347800	7.0
348000	6.0
348200	2.0
348400	5.0
348600	6.0
348800	6.0
349000	6.0
349200	6.0
349400	3.0
349600	3.0
349800	4.0
350000	5.0
350200	4.0
350400	6.0
350600	6.0
350800	5.0
351000	6.0
351200	5.0
351400	6.0
351600	6.0
351800	5.0
352000	5.0
352200	5.0
352400	6.0
352600	1.0
352800	1.0
353000	5.0
353200	4.0
353400	4.0
353600	4.0
353800	6.0
354000	3.0
354200	3.0
354400	2.0
354600	2.0
354800	4.0
355000	6.0
355200	6.0
355400	4.0
355600	3.0
355800	6.0
356000	6.0
356200	3.0
356400	2.0
356600	7.0
356800	5.0
357000	3.0
357200	3.0
357400	5.0
357600	4.0
357800	3.0
358000	6.0
358200	7.0
358400	5.0
358600	5.0
358800	4.0
359000	6.0
359200	4.0
359400	5.0
359600	6.0
359800	5.0
360000	6.0
360200	6.0
360400	5.0
360600	7.0
360800	3.0
361000	4.0
361200	5.0
361400	5.0
361600	6.0
361800	4.0
362000	5.0
362200	5.0
362400	7.0
362600	6.0
362800	4.0
363000	5.0
363200	5.0
363400	6.0
363600	5.0
363800	4.0
364000	6.0
364200	5.0
364400	2.0
364600	5.0
364800	5.0
365000	5.0
365200	6.0
365400	6.0
365600	6.0
365800	4.0
366000	3.0
366200	2.0
366400	5.0
366600	5.0
366800	6.0
367000	5.0
367200	5.0
367400	6.0
367600	7.0
367800	5.0
368000	5.0
368200	3.0
368400	5.0
368600	6.0
368800	5.0
369000	6.0
369200	5.0
369400	4.0
369600	4.0
369800	2.0
370000	4.0
370200	3.0
370400	6.0
370600	6.0
370800	6.0
371000	5.0
371200	5.0
371400	5.0
371600	5.0
371800	5.0
372000	3.0
372200	6.0
372400	5.0
372600	7.0
372800	5.0
373000	4.0
373200	7.0
373400	5.0
373600	4.0
373800	6.0
374000	5.0
374200	5.0
374400	4.0
374600	2.0
374800	5.0
375000	7.0
375200	5.0
375400	6.0
375600	5.0
375800	5.0
376000	5.0
376200	8.0
376400	2.0
376600	6.0
376800	5.0
377000	5.0
377200	5.0
377400	2.0
377600	4.0
377800	2.0
378000	6.0
378200	6.0
378400	5.0
378600	3.0
378800	5.0
379000	6.0
379200	6.0
379400	6.0
379600	5.0
379800	5.0
380000	3.0
380200	4.0
380400	4.0
380600	4.0
380800	4.0
381000	5.0
381200	5.0
381400	4.0
381600	4.0
381800	6.0
382000	6.0
382200	6.0
382400	6.0
382600	4.0
382800	2.0
383000	6.0
383200	6.0
383400	6.0
383600	6.0
383800	6.0
384000	5.0
384200	4.0
384400	4.0
384600	1.0
384800	4.0
385000	6.0
385200	5.0
385400	5.0
385600	2.0
385800	1.0
386000	6.0
386200	5.0
386400	5.0
386600	5.0
386800	7.0
387000	6.0
387200	5.0
387400	6.0
387600	5.0
387800	6.0
388000	5.0
388200	4.0
388400	6.0
388600	4.0
388800	4.0
389000	2.0
389200	4.0
389400	7.0
389600	7.0
389800	7.0
390000	6.0
390200	5.0
390400	5.0
390600	6.0
390800	2.0
391000	7.0
391200	6.0
391400	4.0
391600	4.0
391800	5.0
392000	5.0
392200	6.0
392400	3.0
392600	4.0
392800	6.0
393000	6.0
393200	7.0
393400	3.0
393600	5.0
393800	5.0
394000	7.0
394200	4.0
394400	5.0
394600	3.0
394800	6.0
395000	6.0
395200	3.0
395400	3.0
395600	6.0
395800	4.0
396000	5.0
396200	4.0
396400	5.0
396600	6.0
396800	4.0
397000	6.0
397200	7.0
397400	6.0
397600	3.0
397800	6.0
398000	5.0
398200	6.0
398400	6.0
398600	6.0
398800	6.0
399000	5.0
399200	6.0
399400	7.0
399600	4.0
399800	6.0
400000	2.0
400200	6.0
400400	5.0
400600	6.0
400800	5.0
401000	6.0
401200	5.0
401400	2.0
401600	4.0
401800	6.0
402000	6.0
402200	3.0
402400	6.0
402600	6.0
402800	6.0
403000	7.0
403200	6.0
403400	8.0
403600	3.0
403800	5.0
404000	2.0
404200	5.0
404400	4.0
404600	4.0
404800	4.0
405000	6.0
405200	4.0
405400	3.0
405600	7.0
405800	2.0
406000	5.0
406200	3.0
406400	4.0
406600	3.0
406800	3.0
407000	6.0
407200	6.0
407400	3.0
407600	3.0
407800	3.0
408000	6.0
408200	3.0
408400	6.0
408600	4.0
408800	3.0
409000	5.0
409200	5.0
409400	7.0
409600	5.0
409800	0.0
410000	5.0
410200	4.0
410400	6.0
410600	7.0
410800	5.0
411000	6.0
411200	4.0
411400	6.0
411600	6.0
411800	5.0
412000	6.0
412200	5.0
412400	6.0
412600	4.0
412800	4.0
413000	5.0
413200	6.0
413400	6.0
413600	5.0
413800	4.0
414000	5.0
414200	5.0
414400	4.0
414600	7.0
414800	6.0
415000	6.0
415200	6.0
415400	7.0
415600	4.0
415800	7.0
416000	6.0
416200	7.0
416400	5.0
416600	5.0
416800	3.0
417000	5.0
417200	5.0
417400	6.0
417600	7.0
417800	4.0
418000	6.0
418200	5.0
418400	5.0
418600	4.0
418800	4.0
419000	5.0
419200	4.0
419400	6.0
419600	5.0
419800	6.0
420000	6.0
420200	6.0
420400	3.0
420600	5.0
420800	4.0
421000	5.0
421200	6.0
421400	5.0
421600	2.0
421800	5.0
422000	6.0
422200	6.0
422400	4.0
422600	6.0
422800	5.0
423000	7.0
423200	3.0
423400	5.0
423600	3.0
423800	2.0
424000	5.0
424200	4.0
424400	5.0
424600	6.0
424800	5.0
425000	6.0
425200	5.0
425400	4.0
425600	5.0
425800	5.0
426000	5.0
426200	7.0
426400	6.0
426600	6.0
426800	4.0
427000	4.0
427200	5.0
427400	7.0
427600	6.0
427800	4.0
428000	4.0
428200	4.0
428400	5.0
428600	6.0
428800	7.0
429000	4.0
429200	5.0
429400	6.0
429600	6.0
429800	6.0
430000	6.0
430200	7.0
430400	3.0
430600	5.0
430800	5.0
431000	4.0
431200	6.0
431400	4.0
431600	7.0
431800	5.0
432000	5.0
432200	6.0
432400	2.0
432600	4.0
432800	6.0
433000	6.0
433200	6.0
433400	4.0
433600	5.0
433800	6.0
434000	6.0
434200	5.0
434400	4.0
434600	5.0
434800	5.0
435000	5.0
435200	5.0
435400	6.0
435600	4.0
435800	6.0
436000	6.0
436200	7.0
436400	6.0
436600	5.0
436800	6.0
437000	6.0
437200	6.0
437400	4.0
437600	5.0
437800	2.0
438000	7.0
438200	5.0
438400	4.0
438600	6.0
438800	6.0
439000	2.0
439200	4.0
439400	6.0
439600	7.0
439800	5.0
440000	6.0
440200	4.0
440400	7.0
440600	5.0
440800	5.0
441000	7.0
441200	6.0
441400	7.0
441600	4.0
441800	6.0
442000	5.0
442200	5.0
442400	5.0
442600	7.0
442800	5.0
443000	4.0
443200	6.0
443400	4.0
443600	5.0
443800	4.0
444000	6.0
444200	7.0
444400	6.0
444600	6.0
444800	4.0
445000	3.0
445200	4.0
445400	6.0
445600	5.0
445800	6.0
446000	6.0
446200	7.0
446400	5.0
446600	3.0
446800	6.0
447000	6.0
447200	5.0
447400	6.0
447600	5.0
447800	5.0
448000	5.0
448200	6.0
448400	7.0
448600	6.0
448800	4.0
449000	6.0
449200	6.0
449400	6.0
449600	7.0
449800	6.0
450000	4.0
450200	6.0
450400	6.0
450600	5.0
450800	3.0
451000	4.0
451200	4.0
451400	2.0
451600	2.0
451800	4.0
452000	6.0
452200	5.0
452400	6.0
452600	6.0
452800	5.0
453000	4.0
453200	5.0
453400	6.0
453600	4.0
453800	5.0
454000	6.0
454200	5.0
454400	5.0
454600	5.0
454800	6.0
455000	5.0
455200	4.0
455400	6.0
455600	6.0
455800	4.0
456000	3.0
456200	7.0
456400	4.0
456600	5.0
456800	5.0
457000	5.0
457200	4.0
457400	2.0
457600	3.0
457800	7.0
458000	5.0
458200	5.0
458400	4.0
458600	7.0
458800	4.0
459000	6.0
459200	5.0
459400	6.0
459600	5.0
459800	5.0
460000	6.0
460200	6.0
460400	5.0
460600	5.0
460800	5.0
461000	5.0
461200	4.0
461400	4.0
461600	5.0
461800	6.0
462000	6.0
462200	4.0
462400	6.0
462600	6.0
462800	6.0
463000	7.0
463200	5.0
463400	3.0
463600	6.0
463800	6.0
464000	4.0
464200	4.0
464400	5.0
464600	5.0
464800	6.0
465000	7.0
465200	6.0
465400	6.0
465600	5.0
465800	4.0
466000	5.0
466200	5.0
466400	4.0
466600	6.0
466800	5.0
467000	6.0
467200	4.0
467400	5.0
467600	6.0
467800	4.0
468000	7.0
468200	5.0
468400	5.0
468600	5.0
468800	6.0
469000	4.0
469200	7.0
469400	6.0
469600	6.0
469800	6.0
470000	6.0
470200	7.0
470400	4.0
470600	6.0
470800	6.0
471000	3.0
471200	4.0
471400	5.0
471600	5.0
471800	6.0
472000	7.0
472200	5.0
472400	6.0
472600	4.0
472800	1.0
473000	6.0
473200	6.0
473400	4.0
473600	5.0
473800	7.0
474000	6.0
474200	5.0
474400	6.0
474600	5.0
474800	5.0
475000	5.0
475200	0.0
475400	6.0
475600	3.0
475800	6.0
476000	6.0
476200	6.0
476400	7.0
476600	4.0
476800	5.0
477000	5.0
477200	5.0
477400	5.0
477600	6.0
477800	6.0
478000	6.0
478200	5.0
478400	6.0
478600	5.0
478800	5.0
479000	6.0
479200	5.0
479400	6.0
479600	6.0
479800	6.0
480000	4.0
480200	7.0
480400	6.0
480600	6.0
480800	5.0
481000	5.0
481200	5.0
481400	7.0
481600	4.0
481800	4.0
482000	4.0
482200	6.0
482400	3.0
482600	3.0
482800	5.0
483000	2.0
483200	4.0
483400	7.0
483600	6.0
483800	4.0
484000	5.0
484200	4.0
484400	5.0
484600	6.0
484800	3.0
485000	2.0
485200	6.0
485400	4.0
485600	4.0
485800	5.0
486000	6.0
486200	4.0
486400	3.0
486600	3.0
486800	4.0
487000	5.0
487200	7.0
487400	2.0
487600	5.0
487800	4.0
488000	5.0
488200	5.0
488400	2.0
488600	6.0
488800	6.0
489000	5.0
489200	3.0
489400	5.0
489600	5.0
489800	4.0
490000	3.0
490200	4.0
490400	5.0
490600	6.0
490800	4.0
491000	5.0
491200	5.0
491400	4.0
491600	2.0
491800	4.0
492000	6.0
492200	5.0
492400	2.0
492600	5.0
492800	6.0
493000	3.0
493200	4.0
493400	3.0
493600	5.0
493800	6.0
494000	6.0
494200	5.0
494400	5.0
494600	4.0
494800	5.0
495000	6.0
495200	4.0
495400	7.0
495600	6.0
495800	6.0
496000	7.0
496200	5.0
496400	4.0
496600	5.0
496800	6.0
497000	3.0
497200	5.0
497400	5.0
497600	5.0
497800	6.0
498000	7.0
498200	6.0
498400	6.0
498600	5.0
498800	7.0
499000	4.0
499200	7.0
499400	3.0
499600	6.0
499800	5.0
500000	7.0
500200	3.0
500400	3.0
500600	5.0
500800	4.0
501000	7.0
501200	3.0
501400	4.0
501600	5.0
501800	5.0
502000	6.0
502200	4.0
502400	6.0
502600	5.0
502800	6.0
503000	5.0
503200	4.0
503400	7.0
503600	6.0
503800	5.0
504000	5.0
504200	6.0
504400	4.0
504600	7.0
504800	4.0
505000	6.0
505200	7.0
505400	4.0
505600	5.0
505800	7.0
506000	5.0
506200	5.0
506400	5.0
506600	5.0
506800	6.0
507000	3.0
507200	3.0
507400	6.0
507600	6.0
507800	5.0
508000	7.0
508200	6.0
508400	3.0
508600	5.0
508800	6.0
509000	5.0
509200	6.0
509400	5.0
509600	8.0
509800	5.0
510000	5.0
510200	6.0
510400	2.0
510600	3.0
510800	5.0
511000	4.0
511200	5.0
511400	6.0
511600	6.0
511800	4.0
512000	6.0
512200	4.0
512400	4.0
512600	6.0
512800	3.0
513000	6.0
513200	6.0
513400	2.0
513600	4.0
513800	6.0
514000	5.0
514200	6.0
514400	6.0
514600	4.0
514800	6.0
515000	4.0
515200	3.0
515400	3.0
515600	4.0
515800	5.0
516000	7.0
516200	4.0
516400	7.0
516600	7.0
516800	6.0
517000	6.0
517200	6.0
517400	5.0
517600	3.0
517800	8.0
518000	4.0
518200	6.0
518400	4.0
518600	5.0
518800	6.0
519000	6.0
519200	5.0
519400	6.0
519600	5.0
519800	3.0
520000	5.0
520200	7.0
520400	6.0
520600	5.0
520800	6.0
521000	5.0
521200	6.0
521400	5.0
521600	6.0
521800	4.0
522000	6.0
522200	6.0
522400	4.0
522600	4.0
522800	4.0
523000	5.0
523200	5.0
523400	2.0
523600	6.0
523800	4.0
524000	4.0
524200	7.0
524400	6.0
524600	6.0
524800	5.0
525000	6.0
525200	6.0
525400	6.0
525600	4.0
525800	5.0
526000	6.0
526200	4.0
526400	6.0
526600	5.0
526800	6.0
527000	5.0
527200	6.0
527400	1.0
527600	2.0
527800	6.0
528000	5.0
528200	3.0
528400	4.0
528600	3.0
528800	3.0
529000	6.0
529200	4.0
529400	5.0
529600	4.0
529800	4.0
530000	6.0
530200	4.0
530400	6.0
530600	5.0
530800	6.0
531000	4.0
531200	2.0
531400	5.0
531600	5.0
531800	5.0
532000	3.0
532200	3.0
532400	4.0
532600	5.0
532800	5.0
533000	6.0
533200	6.0
533400	5.0
533600	3.0
533800	4.0
534000	5.0
534200	5.0
534400	5.0
534600	4.0
534800	5.0
535000	5.0
535200	6.0
535400	5.0
535600	6.0
535800	6.0
536000	6.0
536200	4.0
536400	4.0
536600	5.0
536800	5.0
537000	6.0
537200	5.0
537400	5.0
537600	6.0
537800	6.0
538000	7.0
538200	6.0
538400	6.0
538600	6.0
538800	6.0
539000	6.0
539200	4.0
539400	7.0
539600	6.0
539800	4.0
540000	5.0
540200	5.0
540400	7.0
540600	5.0
540800	3.0
541000	5.0
541200	5.0
541400	7.0
541600	6.0
541800	6.0
542000	6.0
542200	5.0
542400	4.0
542600	4.0
542800	4.0
543000	6.0
543200	6.0
543400	5.0
543600	5.0
543800	6.0
544000	5.0
544200	7.0
544400	6.0
544600	4.0
544800	6.0
545000	3.0
545200	7.0
545400	3.0
545600	5.0
545800	6.0
546000	6.0
546200	4.0
546400	3.0
546600	5.0
546800	3.0
547000	6.0
547200	6.0
547400	6.0
547600	5.0
547800	5.0
548000	4.0
548200	4.0
548400	5.0
548600	6.0
548800	4.0
549000	7.0
549200	6.0
549400	6.0
549600	5.0
549800	6.0
550000	6.0
550200	1.0
550400	7.0
550600	5.0
550800	3.0
551000	5.0
551200	6.0
551400	6.0
551600	6.0
551800	7.0
552000	6.0
552200	5.0
552400	7.0
552600	6.0
552800	5.0
553000	5.0
553200	6.0
553400	4.0
553600	3.0
553800	4.0
554000	6.0
554200	5.0
554400	3.0
554600	3.0
554800	4.0
555000	6.0
555200	5.0
555400	5.0
555600	6.0
555800	6.0
556000	5.0
556200	6.0
556400	5.0
556600	4.0
556800	6.0
557000	3.0
557200	5.0
557400	4.0
557600	5.0
557800	5.0
558000	4.0
558200	5.0
558400	6.0
558600	5.0
558800	6.0
559000	3.0
559200	3.0
559400	5.0
559600	6.0
559800	3.0
560000	5.0
560200	4.0
560400	6.0
560600	3.0
560800	6.0
561000	4.0
561200	6.0
561400	3.0
561600	6.0
561800	5.0
562000	6.0
562200	5.0
562400	7.0
562600	5.0
562800	6.0
563000	5.0
563200	5.0
563400	5.0
563600	3.0
563800	5.0
564000	8.0
564200	5.0
564400	5.0
564600	6.0
564800	6.0
565000	6.0
565200	6.0
565400	5.0
565600	5.0
565800	6.0
566000	6.0
566200	6.0
566400	5.0
566600	7.0
566800	6.0
567000	6.0
567200	5.0
567400	6.0
567600	4.0
567800	6.0
568000	5.0
568200	4.0
568400	6.0
568600	6.0
568800	5.0
569000	6.0
569200	5.0
569400	6.0
569600	6.0
569800	5.0
570000	4.0
570200	5.0
570400	6.0
570600	5.0
570800	5.0
571000	4.0
571200	5.0
571400	5.0
571600	5.0
571800	6.0
572000	6.0
572200	6.0
572400	5.0
572600	4.0
572800	3.0
573000	5.0
573200	5.0
573400	6.0
573600	7.0
573800	6.0
574000	5.0
574200	7.0
574400	5.0
574600	6.0
574800	5.0
575000	4.0
575200	6.0
575400	6.0
575600	3.0
575800	5.0
576000	4.0
576200	4.0
576400	4.0
576600	6.0
576800	6.0
577000	5.0
577200	4.0
577400	5.0
577600	5.0
577800	6.0
578000	6.0
578200	5.0
578400	6.0
578600	6.0
578800	4.0
579000	6.0
579200	1.0
579400	6.0
579600	4.0
579800	5.0
580000	5.0
580200	5.0
580400	6.0
580600	6.0
580800	5.0
581000	6.0
581200	5.0
581400	6.0
581600	7.0
581800	5.0
582000	5.0
582200	6.0
582400	5.0
582600	6.0
582800	6.0
583000	5.0
583200	4.0
583400	6.0
583600	5.0
583800	5.0
584000	5.0
584200	6.0
584400	4.0
584600	5.0
584800	6.0
585000	7.0
585200	5.0
585400	5.0
585600	5.0
585800	5.0
586000	5.0
586200	4.0
586400	5.0
586600	4.0
586800	6.0
587000	5.0
587200	6.0
587400	6.0
587600	6.0
587800	6.0
588000	7.0
588200	6.0
588400	4.0
588600	5.0
588800	3.0
589000	6.0
589200	3.0
589400	5.0
589600	4.0
589800	5.0
590000	4.0
590200	4.0
590400	3.0
590600	6.0
590800	5.0
591000	6.0
591200	7.0
591400	6.0
591600	3.0
591800	5.0
592000	5.0
592200	5.0
592400	5.0
592600	5.0
592800	7.0
593000	6.0
593200	5.0
593400	6.0
593600	5.0
593800	6.0
594000	6.0
594200	3.0
594400	2.0
594600	6.0
594800	6.0
595000	5.0
595200	6.0
595400	5.0
595600	6.0
595800	5.0
596000	6.0
596200	6.0
596400	6.0
596600	4.0
596800	5.0
597000	3.0
597200	5.0
597400	5.0
597600	6.0
597800	6.0
598000	6.0
598200	4.0
598400	4.0
598600	6.0
598800	4.0
599000	5.0
599200	3.0
599400	4.0
599600	6.0
599800	5.0
600000	5.0
600200	3.0
600400	7.0
600600	6.0
600800	6.0
601000	4.0
601200	6.0
601400	5.0
601600	5.0
601800	4.0
602000	7.0
602200	5.0
602400	6.0
602600	6.0
602800	5.0
603000	5.0
603200	4.0
603400	5.0
603600	5.0
603800	5.0
604000	5.0
604200	5.0
604400	5.0
604600	4.0
604800	6.0
605000	5.0
605200	6.0
605400	5.0
605600	4.0
605800	4.0
606000	4.0
606200	5.0
606400	7.0
606600	6.0
606800	4.0
607000	5.0
607200	6.0
607400	6.0
607600	4.0
607800	4.0
608000	4.0
608200	5.0
608400	5.0
608600	4.0
608800	3.0
609000	6.0
609200	5.0
609400	4.0
609600	6.0
609800	3.0
610000	6.0
610200	4.0
610400	4.0
610600	3.0
610800	6.0
611000	4.0
611200	5.0
611400	5.0
611600	4.0
611800	6.0
612000	6.0
612200	5.0
612400	5.0
612600	2.0
612800	6.0
613000	4.0
613200	5.0
613400	5.0
613600	6.0
613800	3.0
614000	4.0
614200	4.0
614400	6.0
614600	4.0
614800	5.0
615000	5.0
615200	6.0
615400	5.0
615600	7.0
615800	6.0
616000	6.0
616200	7.0
616400	3.0
616600	4.0
616800	6.0
617000	5.0
617200	5.0
617400	4.0
617600	4.0
617800	5.0
618000	6.0
618200	6.0
618400	5.0
618600	6.0
618800	5.0
619000	5.0
619200	4.0
619400	3.0
619600	6.0
619800	6.0
620000	4.0
620200	6.0
620400	6.0
620600	3.0
620800	4.0
621000	6.0
621200	5.0
621400	5.0
621600	5.0
621800	5.0
622000	5.0
622200	6.0
622400	4.0
622600	5.0
622800	6.0
623000	6.0
623200	4.0
623400	5.0
623600	4.0
623800	6.0
624000	6.0
624200	5.0
624400	5.0
624600	5.0
624800	5.0
625000	6.0
625200	7.0
625400	6.0
625600	6.0
625800	6.0
626000	4.0
626200	5.0
626400	4.0
626600	4.0
626800	4.0
627000	5.0
627200	4.0
627400	5.0
627600	4.0
627800	6.0
628000	5.0
628200	6.0
628400	6.0
628600	5.0
628800	4.0
629000	7.0
629200	3.0
629400	6.0
629600	4.0
629800	5.0
630000	6.0
630200	4.0
630400	4.0
630600	5.0
630800	6.0
631000	4.0
631200	5.0
631400	5.0
631600	6.0
631800	5.0
632000	5.0
632200	2.0
632400	6.0
632600	5.0
632800	4.0
633000	6.0
633200	5.0
633400	7.0
633600	5.0
633800	5.0
634000	6.0
634200	6.0
634400	5.0
634600	6.0
634800	7.0
635000	5.0
635200	6.0
635400	6.0
635600	5.0
635800	6.0
636000	5.0
636200	4.0
636400	5.0
636600	6.0
636800	5.0
637000	6.0
637200	5.0
637400	5.0
637600	6.0
637800	4.0
638000	6.0
638200	4.0
638400	3.0
638600	5.0
638800	4.0
639000	5.0
639200	4.0
639400	5.0
639600	3.0
639800	5.0
640000	6.0
640200	6.0
640400	6.0
640600	5.0
640800	6.0
641000	4.0
641200	6.0
641400	0.0
641600	1.0
641800	5.0
642000	7.0
642200	5.0
642400	6.0
642600	4.0
642800	3.0
643000	7.0
643200	5.0
643400	5.0
643600	4.0
643800	6.0
644000	4.0
644200	6.0
644400	5.0
644600	5.0
644800	6.0
645000	5.0
645200	4.0
645400	5.0
645600	5.0
645800	6.0
646000	4.0
646200	6.0
646400	6.0
646600	5.0
646800	4.0
647000	4.0
647200	4.0
647400	5.0
647600	4.0
647800	6.0
648000	6.0
648200	4.0
648400	6.0
648600	5.0
648800	5.0
649000	5.0
649200	3.0
649400	4.0
649600	5.0
649800	5.0
650000	5.0
650200	8.0
650400	6.0
650600	6.0
650800	4.0
651000	6.0
651200	5.0
651400	4.0
651600	7.0
651800	6.0
652000	5.0
652200	4.0
652400	5.0
652600	6.0
652800	5.0
653000	5.0
653200	5.0
653400	5.0
653600	4.0
653800	6.0
654000	4.0
654200	4.0
654400	4.0
654600	6.0
654800	5.0
655000	6.0
655200	4.0
655400	4.0
655600	7.0
655800	4.0
656000	6.0
656200	6.0
656400	6.0
656600	5.0
656800	4.0
657000	4.0
657200	6.0
657400	7.0
657600	6.0
657800	6.0
658000	6.0
658200	6.0
658400	5.0
658600	4.0
658800	5.0
659000	4.0
659200	6.0
659400	3.0
659600	6.0
659800	7.0
660000	6.0
660200	5.0
660400	4.0
660600	5.0
660800	5.0
661000	5.0
661200	5.0
661400	6.0
661600	5.0
661800	5.0
662000	6.0
662200	5.0
662400	4.0
662600	4.0
662800	6.0
663000	5.0
663200	6.0
663400	3.0
663600	4.0
663800	6.0
664000	3.0
664200	5.0
664400	6.0
664600	5.0
664800	6.0
665000	6.0
665200	3.0
665400	6.0
665600	4.0
665800	6.0
666000	6.0
666200	5.0
666400	6.0
666600	3.0
666800	5.0
667000	4.0
667200	5.0
667400	6.0
667600	5.0
667800	6.0
668000	5.0
668200	4.0
668400	5.0
668600	5.0
668800	3.0
669000	5.0
669200	4.0
669400	6.0
669600	5.0
669800	4.0
670000	5.0
670200	5.0
670400	4.0
670600	5.0
670800	3.0
671000	5.0
671200	7.0
671400	4.0
671600	5.0
671800	5.0
672000	5.0
672200	5.0
672400	4.0
672600	5.0
672800	5.0
673000	4.0
673200	5.0
673400	4.0
673600	6.0
673800	5.0
674000	5.0
674200	4.0
674400	5.0
674600	3.0
674800	6.0
675000	5.0
675200	5.0
675400	6.0
675600	6.0
675800	5.0
676000	4.0
676200	5.0
676400	6.0
676600	6.0
676800	4.0
677000	5.0
677200	4.0
677400	5.0
677600	6.0
677800	5.0
678000	5.0
678200	5.0
678400	4.0
678600	4.0
678800	5.0
679000	5.0
679200	6.0
679400	2.0
679600	5.0
679800	4.0
680000	5.0
680200	5.0
680400	5.0
680600	6.0
680800	5.0
681000	4.0
681200	6.0
681400	4.0
681600	6.0
681800	5.0
682000	2.0
682200	6.0
682400	5.0
682600	6.0
682800	3.0
683000	4.0
683200	6.0
683400	4.0
683600	4.0
683800	5.0
684000	4.0
684200	5.0
684400	6.0
684600	4.0
684800	7.0
685000	5.0
685200	7.0
685400	5.0
685600	4.0
685800	6.0
686000	4.0
686200	5.0
686400	5.0
686600	3.0
686800	3.0
687000	6.0
687200	4.0
687400	5.0
687600	4.0
687800	4.0
688000	5.0
688200	5.0
688400	4.0
688600	3.0
688800	4.0
689000	6.0
689200	5.0
689400	5.0
689600	6.0
689800	4.0
690000	4.0
690200	5.0
690400	5.0
690600	6.0
690800	2.0
691000	5.0
691200	4.0
691400	4.0
691600	5.0
691800	6.0
692000	4.0
692200	5.0
692400	5.0
692600	2.0
692800	5.0
693000	6.0
693200	4.0
693400	4.0
693600	6.0
693800	5.0
694000	5.0
694200	3.0
694400	6.0
694600	4.0
694800	5.0
695000	5.0
695200	6.0
695400	3.0
695600	5.0
695800	5.0
696000	6.0
696200	4.0
696400	4.0
696600	6.0
696800	5.0
697000	6.0
697200	5.0
697400	5.0
697600	6.0
697800	4.0
698000	7.0
698200	6.0
698400	2.0
698600	5.0
698800	5.0
699000	5.0
699200	7.0
699400	5.0
699600	6.0
699800	6.0
700000	4.0
700200	3.0
700400	5.0
700600	5.0
700800	5.0
701000	4.0
701200	6.0
701400	4.0
701600	5.0
701800	5.0
702000	6.0
702200	3.0
702400	6.0
702600	6.0
702800	4.0
703000	4.0
703200	6.0
703400	5.0
703600	5.0
703800	5.0
704000	6.0
704200	5.0
704400	5.0
704600	4.0
704800	5.0
705000	3.0
705200	5.0
705400	6.0
705600	4.0
705800	5.0
706000	7.0
706200	5.0
706400	5.0
706600	3.0
706800	5.0
707000	6.0
707200	5.0
707400	5.0
707600	5.0
707800	5.0
708000	6.0
708200	6.0
708400	4.0
708600	5.0
708800	5.0
709000	5.0
709200	4.0
709400	3.0
709600	5.0
709800	5.0
710000	4.0
710200	5.0
710400	5.0
710600	4.0
710800	4.0
711000	5.0
711200	4.0
711400	5.0
711600	6.0
711800	5.0
712000	4.0
712200	4.0
712400	6.0
712600	5.0
712800	4.0
713000	4.0
713200	5.0
713400	6.0
713600	4.0
713800	4.0
714000	6.0
714200	6.0
714400	5.0
714600	5.0
714800	6.0
715000	5.0
715200	4.0
715400	6.0
715600	6.0
715800	5.0
716000	4.0
716200	3.0
716400	5.0
716600	6.0
716800	5.0
717000	4.0
717200	4.0
717400	5.0
717600	6.0
717800	5.0
718000	5.0
718200	5.0
718400	6.0
718600	6.0
718800	4.0
719000	6.0
719200	4.0
719400	6.0
719600	5.0
719800	5.0
720000	6.0
720200	6.0
720400	5.0
720600	6.0
720800	6.0
721000	3.0
721200	5.0
721400	3.0
721600	4.0
721800	6.0
722000	6.0
722200	5.0
722400	2.0
722600	5.0
722800	4.0
723000	5.0
723200	5.0
723400	4.0
723600	5.0
723800	4.0
724000	6.0
724200	7.0
724400	6.0
724600	5.0
724800	6.0
725000	4.0
725200	4.0
725400	5.0
725600	5.0
725800	4.0
726000	5.0
726200	6.0
726400	6.0
726600	6.0
726800	4.0
727000	7.0
727200	6.0
727400	4.0
727600	5.0
727800	5.0
728000	5.0
728200	5.0
728400	3.0
728600	5.0
728800	4.0
729000	5.0
729200	5.0
729400	5.0
729600	6.0
729800	5.0
730000	4.0
730200	4.0
730400	6.0
730600	4.0
730800	6.0
731000	5.0
731200	4.0
731400	5.0
731600	7.0
731800	6.0
732000	6.0
732200	5.0
732400	2.0
732600	5.0
732800	4.0
733000	5.0
733200	6.0
733400	3.0
733600	5.0
733800	4.0
734000	3.0
734200	3.0
734400	3.0
734600	5.0
734800	6.0
735000	5.0
735200	6.0
735400	6.0
735600	7.0
735800	6.0
736000	6.0
736200	5.0
736400	6.0
736600	4.0
736800	5.0
737000	6.0
737200	6.0
737400	5.0
737600	6.0
737800	7.0
738000	6.0
738200	6.0
738400	3.0
738600	5.0
738800	3.0
739000	5.0
739200	6.0
739400	6.0
739600	4.0
739800	6.0
740000	5.0
740200	7.0
740400	5.0
740600	7.0
740800	6.0
741000	4.0
741200	5.0
741400	4.0
741600	6.0
741800	4.0
742000	6.0
742200	5.0
742400	5.0
742600	5.0
742800	4.0
743000	5.0
743200	5.0
743400	4.0
743600	4.0
743800	5.0
744000	5.0
744200	4.0
744400	5.0
744600	5.0
744800	3.0
745000	5.0
745200	5.0
745400	5.0
745600	4.0
745800	4.0
746000	5.0
746200	6.0
746400	6.0
746600	4.0
746800	6.0
747000	5.0
747200	5.0
747400	5.0
747600	5.0
747800	3.0
748000	5.0
748200	5.0
748400	5.0
748600	4.0
748800	6.0
749000	6.0
749200	5.0
749400	5.0
749600	3.0
749800	4.0
750000	5.0
750200	4.0
750400	5.0
750600	4.0
750800	5.0
751000	4.0
751200	6.0
751400	5.0
751600	6.0
751800	4.0
752000	5.0
752200	6.0
752400	5.0
752600	4.0
752800	4.0
753000	6.0
753200	5.0
753400	4.0
753600	5.0
753800	5.0
754000	4.0
754200	6.0
754400	5.0
754600	5.0
754800	6.0
755000	3.0
755200	4.0
755400	5.0
755600	4.0
755800	7.0
756000	6.0
756200	5.0
756400	4.0
756600	6.0
756800	5.0
757000	5.0
757200	4.0
757400	3.0
757600	6.0
757800	6.0
758000	6.0
758200	5.0
758400	5.0
758600	5.0
758800	4.0
759000	6.0
759200	4.0
759400	4.0
759600	4.0
759800	5.0
760000	6.0
760200	6.0
760400	4.0
760600	5.0
760800	6.0
761000	5.0
761200	4.0
761400	4.0
761600	3.0
761800	2.0
762000	4.0
762200	5.0
762400	3.0
762600	6.0
762800	6.0
763000	5.0
763200	5.0
763400	4.0
763600	5.0
763800	4.0
764000	5.0
764200	5.0
764400	4.0
764600	5.0
764800	4.0
765000	4.0
765200	6.0
765400	5.0
765600	4.0
765800	6.0
766000	4.0
766200	6.0
766400	5.0
766600	5.0
766800	5.0
767000	5.0
767200	6.0
767400	5.0
767600	4.0
767800	5.0
768000	6.0
768200	3.0
768400	6.0
768600	3.0
768800	5.0
769000	6.0
769200	4.0
769400	4.0
769600	6.0
769800	4.0
770000	6.0
770200	5.0
770400	3.0
770600	6.0
770800	4.0
771000	5.0
771200	5.0
771400	5.0
771600	4.0
771800	5.0
772000	4.0
772200	6.0
772400	4.0
772600	5.0
772800	5.0
773000	4.0
773200	6.0
773400	6.0
773600	6.0
773800	4.0
774000	7.0
774200	4.0
774400	5.0
774600	5.0
774800	5.0
775000	6.0
775200	5.0
775400	5.0
775600	5.0
775800	4.0
776000	5.0
776200	6.0
776400	4.0
776600	4.0
776800	5.0
777000	4.0
777200	5.0
777400	6.0
777600	5.0
777800	5.0
778000	5.0
778200	5.0
778400	4.0
778600	5.0
778800	6.0
779000	5.0
779200	6.0
779400	5.0
779600	4.0
779800	3.0
780000	5.0
780200	6.0
780400	4.0
780600	5.0
780800	5.0
781000	4.0
781200	4.0
781400	4.0
781600	5.0
781800	6.0
782000	6.0
782200	5.0
782400	6.0
782600	6.0
782800	4.0
783000	5.0
783200	3.0
783400	5.0
783600	6.0
783800	5.0
784000	5.0
784200	5.0
784400	5.0
784600	4.0
784800	2.0
785000	5.0
785200	6.0
785400	3.0
785600	4.0
785800	5.0
786000	6.0
786200	6.0
786400	6.0
786600	3.0
786800	4.0
787000	4.0
787200	4.0
787400	6.0
787600	6.0
787800	4.0
788000	6.0
788200	4.0
788400	6.0
788600	4.0
788800	4.0
789000	5.0
789200	4.0
789400	5.0
789600	6.0
789800	6.0
790000	6.0
790200	6.0
790400	4.0
790600	5.0
790800	6.0
791000	4.0
791200	6.0
791400	5.0
791600	6.0
791800	3.0
792000	7.0
792200	4.0
792400	5.0
792600	6.0
792800	3.0
793000	5.0
793200	5.0
793400	5.0
793600	5.0
793800	6.0
794000	6.0
794200	4.0
794400	4.0
794600	5.0
794800	6.0
795000	5.0
795200	4.0
795400	5.0
795600	5.0
795800	4.0
796000	5.0
796200	4.0
796400	5.0
796600	6.0
796800	6.0
797000	4.0
797200	5.0
797400	4.0
797600	5.0
797800	4.0
798000	6.0
798200	5.0
798400	5.0
798600	3.0
798800	6.0
799000	5.0
799200	4.0
799400	4.0
799600	6.0
799800	6.0
800000	6.0
800200	5.0
800400	5.0
800600	5.0
800800	4.0
801000	4.0
801200	6.0
801400	5.0
801600	5.0
801800	6.0
802000	5.0
802200	6.0
802400	5.0
802600	5.0
802800	4.0
803000	4.0
803200	5.0
803400	6.0
803600	5.0
803800	6.0
804000	5.0
804200	5.0
804400	3.0
804600	5.0
804800	3.0
805000	4.0
805200	3.0
805400	7.0
805600	6.0
805800	4.0
806000	6.0
806200	4.0
806400	3.0
806600	6.0
806800	6.0
807000	5.0
807200	6.0
807400	5.0
807600	6.0
807800	5.0
808000	5.0
808200	6.0
808400	4.0
808600	5.0
808800	5.0
809000	7.0
809200	4.0
809400	5.0
809600	5.0
809800	5.0
810000	5.0
810200	5.0
810400	5.0
810600	6.0
810800	7.0
811000	5.0
811200	5.0
811400	5.0
811600	6.0
811800	5.0
812000	5.0
812200	5.0
812400	4.0
812600	6.0
812800	4.0
813000	6.0
813200	6.0
813400	5.0
813600	4.0
813800	2.0
814000	6.0
814200	6.0
814400	6.0
814600	5.0
814800	5.0
815000	6.0
815200	3.0
815400	5.0
815600	5.0
815800	5.0
816000	5.0
816200	5.0
816400	4.0
816600	4.0
816800	6.0
817000	6.0
817200	4.0
817400	4.0
817600	4.0
817800	5.0
818000	6.0
818200	3.0
818400	6.0
818600	5.0
818800	7.0
819000	4.0
819200	5.0
819400	5.0
819600	6.0
819800	4.0
820000	4.0
820200	6.0
820400	5.0
820600	3.0
820800	7.0
821000	4.0
821200	6.0
821400	6.0
821600	6.0
821800	6.0
822000	6.0
822200	4.0
822400	5.0
822600	5.0
822800	6.0
823000	6.0
823200	5.0
823400	4.0
823600	6.0
823800	4.0
824000	6.0
824200	5.0
824400	6.0
824600	6.0
824800	6.0
825000	6.0
825200	5.0
825400	5.0
825600	5.0
825800	6.0
826000	5.0
826200	5.0
826400	7.0
826600	7.0
826800	5.0
827000	6.0
827200	6.0
827400	6.0
827600	5.0
827800	6.0
828000	4.0
828200	4.0
828400	4.0
828600	4.0
828800	6.0
829000	4.0
829200	6.0
829400	6.0
829600	5.0
829800	7.0
830000	5.0
830200	5.0
830400	6.0
830600	6.0
830800	6.0
831000	4.0
831200	6.0
831400	5.0
831600	5.0
831800	6.0
832000	5.0
832200	6.0
832400	4.0
832600	6.0
832800	2.0
833000	5.0
833200	4.0
833400	6.0
833600	4.0
833800	3.0
834000	5.0
834200	7.0
834400	4.0
834600	6.0
834800	5.0
835000	4.0
835200	4.0
835400	5.0
835600	6.0
835800	6.0
836000	4.0
836200	7.0
836400	4.0
836600	6.0
836800	5.0
837000	7.0
837200	5.0
837400	6.0
837600	5.0
837800	6.0
838000	6.0
838200	7.0
838400	5.0
838600	4.0
838800	5.0
839000	5.0
839200	7.0
839400	3.0
839600	6.0
839800	4.0
840000	6.0
840200	6.0
840400	6.0
840600	6.0
840800	5.0
841000	6.0
841200	6.0
841400	5.0
841600	5.0
841800	6.0
842000	5.0
842200	5.0
842400	6.0
842600	6.0
842800	6.0
843000	3.0
843200	6.0
843400	5.0
843600	5.0
843800	6.0
844000	6.0
844200	5.0
844400	6.0
844600	5.0
844800	5.0
845000	6.0
845200	5.0
845400	6.0
845600	6.0
845800	6.0
846000	6.0
846200	5.0
846400	6.0
846600	4.0
846800	6.0
847000	5.0
847200	5.0
847400	7.0
847600	5.0
847800	7.0
848000	5.0
848200	5.0
848400	5.0
848600	5.0
848800	5.0
849000	5.0
849200	4.0
849400	5.0
849600	5.0
849800	5.0
850000	6.0
850200	5.0
850400	6.0
850600	6.0
850800	7.0
851000	6.0
851200	7.0
851400	6.0
851600	6.0
851800	5.0
852000	5.0
852200	5.0
852400	6.0
852600	4.0
852800	4.0
853000	5.0
853200	7.0
853400	5.0
853600	5.0
853800	6.0
854000	6.0
854200	6.0
854400	6.0
854600	4.0
854800	4.0
855000	6.0
855200	5.0
855400	5.0
855600	6.0
855800	4.0
856000	6.0
856200	6.0
856400	5.0
856600	7.0
856800	6.0
857000	5.0
857200	5.0
857400	5.0
857600	4.0
857800	5.0
858000	5.0
858200	5.0
858400	7.0
858600	7.0
858800	6.0
859000	5.0
859200	4.0
859400	6.0
859600	6.0
859800	5.0
860000	7.0
860200	6.0
860400	6.0
860600	6.0
860800	5.0
861000	5.0
861200	5.0
861400	7.0
861600	5.0
861800	6.0
862000	3.0
862200	6.0
862400	4.0
862600	7.0
862800	6.0
863000	6.0
863200	6.0
863400	4.0
863600	7.0
863800	6.0
864000	5.0
864200	5.0
864400	6.0
864600	5.0
864800	7.0
865000	6.0
865200	5.0
865400	5.0
865600	7.0
865800	5.0
866000	5.0
866200	6.0
866400	8.0
866600	6.0
866800	6.0
867000	6.0
867200	6.0
867400	6.0
867600	6.0
867800	5.0
868000	5.0
868200	5.0
868400	5.0
868600	4.0
868800	5.0
869000	5.0
869200	6.0
869400	6.0
869600	4.0
869800	6.0
870000	5.0
870200	5.0
870400	6.0
870600	5.0
870800	4.0
871000	4.0
871200	6.0
871400	6.0
871600	6.0
871800	5.0
872000	5.0
872200	5.0
872400	6.0
872600	5.0
872800	6.0
873000	4.0
873200	4.0
873400	7.0
873600	4.0
873800	5.0
874000	5.0
874200	6.0
874400	5.0
874600	6.0
874800	6.0
875000	5.0
875200	4.0
875400	6.0
875600	7.0
875800	5.0
876000	3.0
876200	5.0
876400	5.0
876600	7.0
876800	5.0
877000	5.0
877200	7.0
877400	7.0
877600	7.0
877800	4.0
878000	6.0
878200	7.0
878400	7.0
878600	6.0
878800	6.0
879000	6.0
879200	2.0
879400	1.0
879600	5.0
879800	2.0
880000	4.0
880200	5.0
880400	3.0
880600	4.0
880800	5.0
881000	5.0
881200	6.0
881400	6.0
881600	6.0
881800	5.0
882000	5.0
882200	6.0
882400	4.0
882600	6.0
882800	4.0
883000	6.0
883200	6.0
883400	6.0
883600	6.0
883800	4.0
884000	3.0
884200	7.0
884400	5.0
884600	6.0
884800	5.0
885000	4.0
885200	5.0
885400	4.0
885600	6.0
885800	6.0
886000	3.0
886200	0.0
886400	4.0
886600	5.0
886800	4.0
887000	3.0
887200	4.0
887400	3.0
887600	4.0
887800	6.0
888000	7.0
888200	6.0
888400	6.0
888600	6.0
888800	4.0
889000	5.0
889200	5.0
889400	5.0
889600	6.0
889800	5.0
890000	5.0
890200	3.0
890400	6.0
890600	7.0
890800	7.0
891000	7.0
891200	6.0
891400	5.0
891600	6.0
891800	8.0
892000	5.0
892200	5.0
892400	5.0
892600	5.0
892800	4.0
893000	6.0
893200	7.0
893400	7.0
893600	7.0
893800	5.0
894000	6.0
894200	6.0
894400	7.0
894600	6.0
894800	5.0
895000	6.0
895200	4.0
895400	5.0
895600	5.0
895800	7.0
896000	6.0
896200	5.0
896400	5.0
896600	3.0
896800	5.0
897000	7.0
897200	6.0
897400	5.0
897600	5.0
897800	6.0
898000	6.0
898200	6.0
898400	6.0
898600	6.0
898800	5.0
899000	5.0
899200	6.0
899400	4.0
899600	6.0
899800	4.0
900000	6.0
900200	7.0
900400	3.0
900600	5.0
900800	4.0
901000	6.0
901200	6.0
901400	4.0
901600	6.0
901800	5.0
902000	7.0
902200	5.0
902400	5.0
902600	5.0
902800	5.0
903000	6.0
903200	6.0
903400	5.0
903600	5.0
903800	6.0
904000	7.0
904200	5.0
904400	6.0
904600	5.0
904800	6.0
905000	6.0
905200	6.0
905400	5.0
905600	5.0
905800	6.0
906000	5.0
906200	5.0
906400	6.0
906600	3.0
906800	6.0
907000	4.0
907200	5.0
907400	4.0
907600	5.0
907800	6.0
908000	5.0
908200	6.0
908400	5.0
908600	6.0
908800	4.0
909000	4.0
909200	4.0
909400	6.0
909600	5.0
909800	5.0
910000	6.0
910200	5.0
910400	6.0
910600	6.0
910800	3.0
911000	7.0
911200	6.0
911400	4.0
911600	7.0
911800	5.0
912000	5.0
912200	7.0
912400	5.0
912600	3.0
912800	5.0
913000	6.0
913200	6.0
913400	4.0
913600	6.0
913800	7.0
914000	6.0
914200	5.0
914400	6.0
914600	4.0
914800	5.0
915000	3.0
915200	5.0
915400	5.0
915600	4.0
915800	7.0
916000	5.0
916200	3.0
916400	4.0
916600	4.0
916800	6.0
917000	5.0
917200	6.0
917400	6.0
917600	4.0
917800	6.0
918000	5.0
918200	7.0
918400	4.0
918600	4.0
918800	4.0
919000	6.0
919200	3.0
919400	6.0
919600	4.0
919800	6.0
920000	5.0
920200	4.0
920400	5.0
920600	7.0
920800	5.0
921000	5.0
921200	5.0
921400	4.0
921600	5.0
921800	6.0
922000	5.0
922200	3.0
922400	4.0
922600	3.0
922800	4.0
923000	6.0
923200	7.0
923400	6.0
923600	5.0
923800	5.0
924000	5.0
924200	5.0
924400	6.0
924600	6.0
924800	6.0
925000	4.0
925200	5.0
925400	3.0
925600	4.0
925800	6.0
926000	4.0
926200	4.0
926400	7.0
926600	5.0
926800	6.0
927000	6.0
927200	6.0
927400	6.0
927600	6.0
927800	6.0
928000	6.0
928200	4.0
928400	3.0
928600	6.0
928800	4.0
929000	5.0
929200	6.0
929400	7.0
929600	6.0
929800	5.0
930000	5.0
930200	3.0
930400	4.0
930600	5.0
930800	4.0
931000	6.0
931200	6.0
931400	6.0
931600	6.0
931800	4.0
932000	5.0
932200	4.0
932400	4.0
932600	4.0
932800	4.0
933000	6.0
933200	6.0
933400	6.0
933600	4.0
933800	5.0
934000	6.0
934200	4.0
934400	5.0
934600	5.0
934800	7.0
935000	4.0
935200	6.0
935400	6.0
935600	6.0
935800	7.0
936000	6.0
936200	5.0
936400	4.0
936600	7.0
936800	7.0
937000	8.0
937200	5.0
937400	3.0
937600	5.0
937800	4.0
938000	5.0
938200	4.0
938400	3.0
938600	2.0
938800	5.0
939000	2.0
939200	6.0
939400	6.0
939600	7.0
939800	6.0
940000	5.0
940200	6.0
940400	6.0
940600	6.0
940800	4.0
941000	5.0
941200	6.0
941400	6.0
941600	4.0
941800	5.0
942000	5.0
942200	4.0
942400	5.0
942600	3.0
942800	7.0
943000	5.0
943200	5.0
943400	4.0
943600	6.0
943800	5.0
944000	6.0
944200	4.0
944400	6.0
944600	5.0
944800	6.0
945000	5.0
945200	5.0
945400	5.0
945600	6.0
945800	5.0
946000	6.0
946200	4.0
946400	5.0
946600	5.0
946800	4.0
947000	6.0
947200	3.0
947400	4.0
947600	4.0
947800	5.0
948000	4.0
948200	4.0
948400	3.0
948600	4.0
948800	6.0
949000	6.0
949200	7.0
949400	6.0
949600	7.0
949800	4.0
950000	3.0
950200	5.0
950400	5.0
950600	5.0
950800	6.0
951000	5.0
951200	7.0
951400	5.0
951600	6.0
951800	4.0
952000	5.0
952200	5.0
952400	5.0
952600	4.0
952800	5.0
953000	4.0
953200	5.0
953400	5.0
953600	5.0
953800	6.0
954000	3.0
954200	4.0
954400	6.0
954600	3.0
954800	3.0
955000	5.0
955200	4.0
955400	5.0
955600	5.0
955800	3.0
956000	5.0
956200	3.0
956400	5.0
956600	6.0
956800	5.0
957000	4.0
957200	4.0
957400	5.0
957600	5.0
957800	5.0
958000	4.0
958200	5.0
958400	5.0
958600	6.0
958800	4.0
959000	6.0
959200	4.0
959400	6.0
959600	5.0
959800	5.0
960000	4.0
960200	4.0
960400	3.0
960600	6.0
960800	5.0
961000	6.0
961200	5.0
961400	6.0
961600	5.0
961800	6.0
962000	4.0
962200	5.0
962400	4.0
962600	6.0
962800	5.0
963000	4.0
963200	5.0
963400	5.0
963600	4.0
963800	4.0
964000	6.0
964200	6.0
964400	4.0
964600	4.0
964800	5.0
965000	4.0
965200	4.0
965400	4.0
965600	5.0
965800	6.0
966000	6.0
966200	6.0
966400	5.0
966600	7.0
966800	4.0
967000	6.0
967200	5.0
967400	5.0
967600	2.0
967800	6.0
968000	6.0
968200	6.0
968400	4.0
968600	4.0
968800	5.0
969000	6.0
969200	6.0
969400	6.0
969600	5.0
969800	4.0
970000	6.0
970200	4.0
970400	5.0
970600	4.0
970800	6.0
971000	6.0
971200	5.0
971400	6.0
971600	3.0
971800	5.0
972000	5.0
972200	5.0
972400	6.0
972600	4.0
972800	6.0
973000	3.0
973200	5.0
973400	5.0
973600	3.0
973800	6.0
974000	6.0
974200	6.0
974400	4.0
974600	5.0
974800	5.0
975000	4.0
975200	5.0
975400	4.0
975600	5.0
975800	5.0
976000	5.0
976200	6.0
976400	4.0
976600	5.0
976800	5.0
977000	5.0
977200	5.0
977400	3.0
977600	6.0
977800	5.0
978000	4.0
978200	5.0
978400	2.0
978600	6.0
978800	6.0
979000	5.0
979200	6.0
979400	6.0
979600	6.0
979800	5.0
980000	5.0
980200	4.0
980400	3.0
980600	4.0
980800	6.0
981000	5.0
981200	6.0
981400	5.0
981600	5.0
981800	5.0
982000	6.0
982200	2.0
982400	4.0
982600	4.0
982800	5.0
983000	4.0
983200	2.0
983400	5.0
983600	7.0
983800	5.0
984000	5.0
984200	3.0
984400	4.0
984600	3.0
984800	2.0
985000	6.0
985200	6.0
985400	5.0
985600	3.0
985800	5.0
986000	4.0
986200	7.0
986400	5.0
986600	6.0
986800	6.0
987000	5.0
987200	5.0
987400	6.0
987600	6.0
987800	4.0
988000	4.0
988200	3.0
988400	4.0
988600	6.0
988800	5.0
989000	3.0
989200	6.0
989400	4.0
989600	4.0
989800	5.0
990000	3.0
990200	5.0
990400	4.0
990600	5.0
990800	5.0
991000	6.0
991200	5.0
991400	3.0
991600	4.0
991800	5.0
992000	3.0
992200	7.0
992400	5.0
992600	5.0
992800	6.0
993000	7.0
993200	6.0
993400	5.0
993600	5.0
993800	6.0
994000	7.0
994200	4.0
994400	5.0
994600	6.0
994800	5.0
995000	5.0
995200	6.0
995400	7.0
995600	5.0
995800	4.0
996000	5.0
996200	6.0
996400	7.0
996600	5.0
996800	7.0
997000	3.0
997200	6.0
997400	6.0
997600	6.0
997800	5.0
998000	6.0
998200	4.0
998400	5.0
998600	4.0
998800	5.0
999000	4.0
999200	7.0
999400	5.0
999600	4.0
999800	5.0
1000000	4.0
