400	1.0
800	0.0
1200	0.0
1600	0.0
2000	1.0
2400	1.0
2800	0.0
3200	0.0
3600	0.0
4000	0.0
4400	0.0
4800	1.0
5200	0.0
5600	0.0
6000	0.0
6400	0.0
6800	1.0
7200	0.0
7600	1.0
8000	0.0
8400	0.0
8800	0.0
9200	1.0
9600	0.0
10000	0.0
10400	0.0
10800	1.0
11200	0.0
11600	0.0
12000	0.0
12400	1.0
12800	0.0
13200	0.0
13600	0.0
14000	0.0
14400	1.0
14800	0.0
15200	0.0
15600	0.0
16000	1.0
16400	0.0
16800	0.0
17200	0.0
17600	0.0
18000	0.0
18400	1.0
18800	0.0
19200	0.0
19600	0.0
20000	1.0
20400	0.0
20800	0.0
21200	0.0
21600	1.0
22000	0.0
22400	0.0
22800	0.0
23200	1.0
23600	0.0
24000	0.0
24400	0.0
24800	0.0
25200	1.0
25600	0.0
26000	1.0
26400	0.0
26800	0.0
27200	0.0
27600	0.0
28000	0.0
28400	0.0
28800	0.0
29200	0.0
29600	0.0
30000	1.0
30400	0.0
30800	1.0
31200	0.0
31600	1.0
32000	0.0
32400	0.0
32800	0.0
33200	0.0
33600	1.0
34000	0.0
34400	0.0
34800	1.0
35200	0.0
35600	1.0
36000	0.0
36400	0.0
36800	0.0
37200	0.0
37600	1.0
38000	0.0
38400	1.0
38800	0.0
39200	0.0
39600	1.0
40000	0.0
40400	0.0
40800	1.0
41200	0.0
41600	0.0
42000	1.0
42400	0.0
42800	0.0
43200	0.0
43600	0.0
44000	1.0
44400	0.0
44800	0.0
45200	0.0
45600	0.0
46000	0.0
46400	0.0
46800	0.0
47200	1.0
47600	0.0
48000	0.0
48400	1.0
48800	0.0
49200	0.0
49600	0.0
50000	0.0
50400	0.0
50800	0.0
51200	1.0
51600	0.0
52000	0.0
52400	1.0
52800	0.0
53200	0.0
53600	1.0
54000	0.0
54400	0.0
54800	0.0
55200	1.0
55600	0.0
56000	0.0
56400	1.0
56800	0.0
57200	0.0
57600	1.0
58000	0.0
58400	0.0
58800	0.0
59200	0.0
59600	0.0
60000	0.0
60400	0.0
60800	0.0
61200	0.0
61600	1.0
62000	0.0
62400	0.0
62800	0.0
63200	0.0
63600	0.0
64000	1.0
64400	0.0
64800	1.0
65200	0.0
65600	0.0
66000	0.0
66400	0.0
66800	0.0
67200	0.0
67600	0.0
68000	0.0
68400	1.0
68800	0.0
69200	0.0
69600	0.0
70000	1.0
70400	0.0
70800	0.0
71200	0.0
71600	0.0
72000	1.0
72400	1.0
72800	0.0
73200	0.0
73600	0.0
74000	0.0
74400	0.0
74800	1.0
75200	0.0
75600	0.0
76000	1.0
76400	0.0
76800	0.0
77200	0.0
77600	0.0
78000	0.0
78400	1.0
78800	0.0
79200	0.0
79600	1.0
80000	1.0
80400	0.0
80800	0.0
81200	0.0
81600	0.0
82000	0.0
82400	0.0
82800	0.0
83200	1.0
83600	0.0
84000	0.0
84400	0.0
84800	1.0
85200	0.0
85600	0.0
86000	0.0
86400	0.0
86800	1.0
87200	0.0
87600	0.0
88000	1.0
88400	0.0
88800	0.0
89200	0.0
89600	1.0
90000	0.0
90400	0.0
90800	0.0
91200	0.0
91600	1.0
92000	0.0
92400	0.0
92800	0.0
93200	0.0
93600	0.0
94000	0.0
94400	0.0
94800	0.0
95200	1.0
95600	0.0
96000	1.0
96400	0.0
96800	1.0
97200	0.0
97600	1.0
98000	0.0
98400	0.0
98800	0.0
99200	0.0
99600	0.0
100000	1.0
100400	0.0
100800	0.0
101200	0.0
101600	1.0
102000	0.0
102400	0.0
102800	0.0
103200	1.0
103600	0.0
104000	0.0
104400	0.0
104800	0.0
105200	1.0
105600	0.0
106000	0.0
106400	1.0
106800	0.0
107200	1.0
107600	0.0
108000	0.0
108400	0.0
108800	1.0
109200	0.0
109600	0.0
110000	0.0
110400	1.0
110800	0.0
111200	0.0
111600	0.0
112000	0.0
112400	0.0
112800	0.0
113200	1.0
113600	0.0
114000	0.0
114400	1.0
114800	0.0
115200	0.0
115600	1.0
116000	0.0
116400	0.0
116800	0.0
117200	0.0
117600	1.0
118000	0.0
118400	1.0
118800	0.0
119200	1.0
119600	0.0
120000	0.0
120400	0.0
120800	1.0
121200	0.0
121600	0.0
122000	0.0
122400	1.0
122800	0.0
123200	0.0
123600	1.0
124000	0.0
124400	0.0
124800	0.0
125200	1.0
125600	0.0
126000	0.0
126400	0.0
126800	0.0
127200	0.0
127600	1.0
128000	0.0
128400	0.0
128800	1.0
129200	0.0
129600	1.0
130000	0.0
130400	0.0
130800	0.0
131200	1.0
131600	0.0
132000	0.0
132400	0.0
132800	0.0
133200	0.0
133600	1.0
134000	0.0
134400	0.0
134800	0.0
135200	0.0
135600	0.0
136000	0.0
136400	1.0
136800	0.0
137200	1.0
137600	0.0
138000	0.0
138400	1.0
138800	1.0
139200	0.0
139600	0.0
140000	1.0
140400	1.0
140800	0.0
141200	0.0
141600	1.0
142000	0.0
142400	0.0
142800	1.0
143200	0.0
143600	0.0
144000	1.0
144400	0.0
144800	0.0
145200	0.0
145600	0.0
146000	1.0
146400	0.0
146800	0.0
147200	0.0
147600	0.0
148000	1.0
148400	0.0
148800	1.0
149200	0.0
149600	1.0
150000	0.0
150400	0.0
150800	0.0
151200	0.0
151600	0.0
152000	0.0
152400	1.0
152800	0.0
153200	0.0
153600	1.0
154000	0.0
154400	0.0
154800	1.0
155200	0.0
155600	0.0
156000	0.0
156400	0.0
156800	1.0
157200	0.0
157600	0.0
158000	0.0
158400	0.0
158800	1.0
159200	0.0
159600	0.0
160000	0.0
160400	1.0
160800	0.0
161200	0.0
161600	1.0
162000	0.0
162400	1.0
162800	1.0
163200	0.0
163600	0.0
164000	1.0
164400	0.0
164800	0.0
165200	1.0
165600	0.0
166000	0.0
166400	1.0
166800	0.0
167200	0.0
167600	0.0
168000	1.0
168400	0.0
168800	0.0
169200	0.0
169600	0.0
170000	1.0
170400	0.0
170800	0.0
171200	0.0
171600	1.0
172000	0.0
172400	0.0
172800	0.0
173200	0.0
173600	1.0
174000	0.0
174400	1.0
174800	0.0
175200	0.0
175600	0.0
176000	0.0
176400	1.0
176800	0.0
177200	1.0
177600	0.0
178000	0.0
178400	0.0
178800	0.0
179200	0.0
179600	1.0
180000	0.0
180400	0.0
180800	0.0
181200	0.0
181600	1.0
182000	0.0
182400	0.0
182800	1.0
183200	0.0
183600	0.0
184000	0.0
184400	1.0
184800	0.0
185200	1.0
185600	0.0
186000	0.0
186400	1.0
186800	0.0
187200	1.0
187600	0.0
188000	0.0
188400	0.0
188800	1.0
189200	0.0
189600	0.0
190000	0.0
190400	0.0
190800	1.0
191200	0.0
191600	1.0
192000	0.0
192400	0.0
192800	1.0
193200	0.0
193600	0.0
194000	0.0
194400	1.0
194800	0.0
195200	1.0
195600	0.0
196000	0.0
196400	0.0
196800	0.0
197200	0.0
197600	0.0
198000	0.0
198400	1.0
198800	0.0
199200	0.0
199600	0.0
200000	0.0
200400	0.0
200800	1.0
201200	0.0
201600	1.0
202000	0.0
202400	0.0
202800	0.0
203200	0.0
203600	1.0
204000	0.0
204400	0.0
204800	1.0
205200	0.0
205600	1.0
206000	0.0
206400	0.0
206800	1.0
207200	1.0
207600	0.0
208000	0.0
208400	0.0
208800	1.0
209200	0.0
209600	0.0
210000	0.0
210400	1.0
210800	0.0
211200	1.0
211600	0.0
212000	0.0
212400	1.0
212800	0.0
213200	1.0
213600	0.0
214000	1.0
214400	0.0
214800	1.0
215200	0.0
215600	1.0
216000	0.0
216400	0.0
216800	0.0
217200	0.0
217600	0.0
218000	0.0
218400	0.0
218800	1.0
219200	0.0
219600	0.0
220000	0.0
220400	0.0
220800	0.0
221200	1.0
221600	0.0
222000	0.0
222400	1.0
222800	0.0
223200	1.0
223600	0.0
224000	0.0
224400	0.0
224800	1.0
225200	0.0
225600	0.0
226000	0.0
226400	1.0
226800	0.0
227200	1.0
227600	0.0
228000	0.0
228400	0.0
228800	1.0
229200	1.0
229600	0.0
230000	0.0
230400	0.0
230800	0.0
231200	0.0
231600	0.0
232000	0.0
232400	0.0
232800	1.0
233200	0.0
233600	0.0
234000	1.0
234400	0.0
234800	1.0
235200	0.0
235600	0.0
236000	0.0
236400	1.0
236800	0.0
237200	0.0
237600	1.0
238000	0.0
238400	0.0
238800	1.0
239200	1.0
239600	0.0
240000	0.0
240400	0.0
240800	1.0
241200	0.0
241600	0.0
242000	0.0
242400	1.0
242800	0.0
243200	0.0
243600	0.0
244000	1.0
244400	0.0
244800	0.0
245200	0.0
245600	0.0
246000	0.0
246400	0.0
246800	1.0
247200	0.0
247600	1.0
248000	0.0
248400	0.0
248800	0.0
249200	0.0
249600	0.0
250000	0.0
