Test step	Reward
800	0
1600	0
2400	0
3200	0
4000	0
4800	0
5600	0
6400	0
7200	0
8000	0
8800	0
9600	0
10400	0
11200	0
12000	0
12800	0
13600	0
14400	0
15200	0
16000	0
16800	0
17600	0
18400	0
19200	0
20000	0
20800	0
21600	0
22400	0
23200	0
24000	0
24800	0
25600	0
26400	0
27200	0
28000	0
28800	0
29600	0
30400	0
31200	0
32000	0
32800	0
33600	0
34400	0
35200	0
36000	0
36800	0
37600	0
38400	0
39200	0
40000	0
40800	0
41600	0
42400	0
43200	0
44000	0
44800	0
45600	0
46400	0
47200	0
48000	0
48800	0
49600	0
50400	0
51200	0
52000	0
52800	0
53600	0
54400	0
55200	0
56000	0
56800	0
57600	0
58400	0
59200	0
60000	0
60800	0
61600	0
62400	0
63200	0
64000	0
64800	0
65600	0
66400	0
67200	0
68000	0
68800	0
69600	0
70400	0
71200	0
72000	0
72800	0
73600	0
74400	0
75200	0
76000	0
76800	0
77600	0
78400	0
79200	0
80000	0
80800	0
81600	0
82400	0
83200	0
84000	0
84800	0
85600	0
86400	0
87200	0
88000	0
88800	0
89600	0
90400	0
91200	0
92000	0
92800	0
93600	0
94400	0
95200	0
96000	0
96800	0
97600	0
98400	0
99200	0
100000	0
100800	0
101600	0
102400	0
103200	0
104000	0
104800	0
105600	0
106400	0
107200	0
108000	0
108800	0
109600	0
110400	0
111200	0
112000	0
112800	0
113600	0
114400	0
115200	0
116000	0
116800	0
117600	0
118400	0
119200	0
120000	0
120800	0
121600	0
122400	0
123200	0
124000	0
124800	0
125600	0
126400	0
127200	0
128000	0
128800	0
129600	0
130400	0
131200	0
132000	0
132800	0
133600	0
134400	0
135200	0
136000	0
136800	0
137600	0
138400	0
139200	0
140000	0
140800	0
141600	0
142400	0
143200	0
144000	0
144800	0
145600	0
146400	0
147200	0
148000	0
148800	0
149600	0
150400	0
151200	0
152000	0
152800	0
153600	0
154400	0
155200	0
156000	0
156800	0
157600	0
158400	0
159200	0
160000	0
160800	0
161600	0
162400	0
163200	0
164000	0
164800	0
165600	0
166400	0
167200	0
168000	0
168800	0
169600	0
170400	0
171200	0
172000	0
172800	0
173600	0
174400	0
175200	0
176000	0
176800	0
177600	0
178400	0
179200	0
180000	0
180800	0
181600	0
182400	0
183200	0
184000	0
184800	0
185600	0
186400	0
187200	0
188000	0
188800	0
189600	0
190400	0
191200	0
192000	0
192800	0
193600	0
194400	0
195200	0
196000	0
196800	0
197600	0
198400	0
199200	0
200000	0
200800	0
201600	0
202400	0
203200	0
204000	0
204800	0
205600	0
206400	0
207200	0
208000	0
208800	0
209600	0
210400	0
211200	0
212000	0
212800	0
213600	0
214400	0
215200	0
216000	0
216800	0
217600	0
218400	0
219200	0
220000	0
220800	0
221600	0
222400	0
223200	0
224000	0
224800	0
225600	0
226400	0
227200	0
228000	0
228800	0
229600	0
230400	0
231200	0
232000	0
232800	0
233600	0
234400	0
235200	0
236000	0
236800	0
237600	0
238400	0
239200	0
240000	0
240800	0
241600	0
242400	0
243200	0
244000	0
244800	0
245600	0
246400	0
247200	0
248000	0
248800	0
249600	0
250400	0
251200	0
252000	0
252800	0
253600	0
254400	0
255200	0
256000	0
256800	0
257600	0
258400	0
259200	0
260000	0
260800	0
261600	0
262400	0
263200	0
264000	0
264800	0
265600	0
266400	0
267200	0
268000	0
268800	0
269600	0
270400	0
271200	0
272000	0
272800	0
273600	0
274400	0
275200	0
276000	0
276800	0
277600	0
278400	0
279200	0
280000	0
280800	0
281600	0
282400	0
283200	0
284000	0
284800	0
285600	0
286400	0
287200	0
288000	0
288800	0
289600	0
290400	0
291200	0
292000	0
292800	0
293600	0
294400	0
295200	0
296000	0
296800	0
297600	0
298400	0
299200	0
300000	0
300800	0
301600	0
302400	0
303200	0
304000	0
304800	0
305600	0
306400	0
307200	0
308000	0
308800	0
309600	0
310400	0
311200	0
312000	0
312800	0
313600	0
314400	0
315200	0
316000	0
316800	0
317600	0
318400	0
319200	0
320000	0
320800	0
321600	0
322400	0
323200	0
324000	0
324800	0
325600	0
326400	0
327200	0
328000	0
328800	0
329600	0
330400	0
331200	0
332000	0
332800	0
333600	0
334400	0
335200	0
336000	0
336800	0
337600	0
338400	0
339200	0
340000	0
340800	0
341600	0
342400	0
343200	0
344000	0
344800	0
345600	0
346400	0
347200	0
348000	0
348800	0
349600	0
350400	0
351200	0
352000	0
352800	0
353600	0
354400	0
355200	0
356000	0
356800	0
357600	0
358400	0
359200	0
360000	0
360800	0
361600	0
362400	0
363200	0
364000	0
364800	0
365600	0
366400	0
367200	0
368000	0
368800	0
369600	0
370400	0
371200	0
372000	0
372800	0
373600	0
374400	0
375200	0
376000	0
376800	0
377600	0
378400	0
379200	0
380000	0
380800	0
381600	0
382400	0
383200	0
384000	0
384800	0
385600	0
386400	0
387200	0
388000	0
388800	0
389600	0
390400	0
391200	0
392000	0
392800	0
393600	0
394400	0
395200	0
396000	0
396800	0
397600	0
398400	0
399200	0
400000	0
400800	0
401600	0
402400	0
403200	0
404000	0
404800	0
405600	0
406400	0
407200	0
408000	0
408800	0
409600	0
410400	0
411200	0
412000	0
412800	0
413600	0
414400	0
415200	0
416000	0
416800	0
417600	0
418400	0
419200	0
420000	0
420800	0
421600	0
422400	0
423200	0
424000	0
424800	0
425600	0
426400	0
427200	0
428000	0
428800	0
429600	0
430400	0
431200	0
432000	0
432800	0
433600	0
434400	0
435200	0
436000	0
436800	0
437600	0
438400	0
439200	0
440000	0
440800	0
441600	0
442400	0
443200	0
444000	0
444800	0
445600	0
446400	0
447200	0
448000	0
448800	0
449600	0
450400	0
451200	0
452000	0
452800	0
453600	0
454400	0
455200	0
456000	0
456800	0
457600	0
458400	0
459200	0
460000	0
460800	0
461600	0
462400	0
463200	0
464000	0
464800	0
465600	0
466400	0
467200	0
468000	0
468800	0
469600	0
470400	0
471200	0
472000	0
472800	0
473600	0
474400	0
475200	0
476000	0
476800	0
477600	0
478400	0
479200	0
480000	0
480800	0
481600	0
482400	0
483200	0
484000	0
484800	0
485600	0
486400	0
487200	0
488000	0
488800	0
489600	0
490400	0
491200	0
492000	0
492800	0
493600	0
494400	0
495200	0
496000	0
496800	0
497600	0
498400	0
499200	0
500000	0
500800	0
501600	0
502400	0
503200	0
504000	0
504800	0
505600	0
506400	0
507200	0
508000	0
508800	0
509600	0
510400	0
511200	0
512000	0
512800	0
513600	0
514400	0
515200	0
516000	0
516800	0
517600	0
518400	0
519200	0
520000	0
520800	0
521600	0
522400	0
523200	0
524000	0
524800	0
525600	0
526400	0
527200	0
528000	0
528800	0
529600	0
530400	0
531200	0
532000	0
532800	0
533600	0
534400	0
535200	0
536000	0
536800	0
537600	0
538400	0
539200	0
540000	0
540800	0
541600	0
542400	0
543200	0
544000	0
544800	0
545600	0
546400	0
547200	0
548000	0
548800	0
549600	0
550400	0
551200	0
552000	0
552800	0
553600	0
554400	0
555200	0
556000	0
556800	0
557600	0
558400	0
559200	0
560000	0
560800	0
561600	0
562400	0
563200	0
564000	0
564800	0
565600	0
566400	0
567200	0
568000	0
568800	0
569600	0
570400	0
571200	0
572000	0
572800	0
573600	0
574400	0
575200	0
576000	0
576800	0
577600	0
578400	0
579200	0
580000	0
580800	0
581600	0
582400	0
583200	0
584000	0
584800	0
585600	0
586400	0
587200	0
588000	0
588800	0
589600	0
590400	0
591200	0
592000	0
592800	0
593600	1
594400	0
595200	0
596000	0
596800	0
597600	0
598400	0
599200	0
600000	0
600800	0
601600	0
602400	0
603200	0
604000	0
604800	0
605600	0
606400	0
607200	0
608000	0
608800	1
609600	0
610400	0
611200	0
612000	0
612800	0
613600	0
614400	0
615200	0
616000	0
616800	0
617600	0
618400	0
619200	0
620000	0
620800	1
621600	0
622400	0
623200	0
624000	0
624800	0
625600	0
626400	0
627200	0
628000	0
628800	0
629600	0
630400	0
631200	0
632000	0
632800	0
633600	0
634400	0
635200	0
636000	0
636800	0
637600	0
638400	0
639200	1
640000	0
640800	0
641600	1
642400	0
643200	0
644000	0
644800	0
645600	1
646400	0
647200	0
648000	0
648800	0
649600	0
650400	0
651200	0
652000	0
652800	0
653600	0
654400	0
655200	0
656000	0
656800	0
657600	0
658400	0
659200	0
660000	0
660800	0
661600	0
662400	0
663200	0
664000	1
664800	0
665600	0
666400	0
667200	0
668000	0
668800	0
669600	0
670400	0
671200	0
672000	0
672800	0
673600	0
674400	0
675200	0
676000	0
676800	0
677600	0
678400	0
679200	0
680000	0
680800	0
681600	0
682400	0
683200	0
684000	0
684800	0
685600	1
686400	0
687200	0
688000	0
688800	0
689600	0
690400	0
691200	0
692000	0
692800	0
693600	1
694400	0
695200	0
696000	0
696800	0
697600	1
698400	0
699200	0
700000	1
700800	0
701600	0
702400	1
703200	0
704000	0
704800	0
705600	0
706400	0
707200	0
708000	0
708800	0
709600	0
710400	0
711200	1
712000	0
712800	1
713600	0
714400	0
715200	0
716000	0
716800	1
717600	0
718400	0
719200	0
720000	0
720800	1
721600	1
722400	0
723200	0
724000	0
724800	1
725600	0
726400	1
727200	1
728000	1
728800	0
729600	0
730400	0
731200	0
732000	1
732800	1
733600	0
734400	1
735200	1
736000	1
736800	1
737600	1
738400	1
739200	1
740000	0
740800	1
741600	1
742400	1
743200	1
744000	1
744800	0
745600	1
746400	1
747200	1
748000	1
748800	0
749600	1
750400	1
751200	1
752000	1
752800	1
753600	1
754400	1
755200	1
756000	1
756800	0
757600	1
758400	1
759200	1
760000	1
760800	1
761600	1
762400	1
763200	1
764000	1
764800	1
765600	0
766400	1
767200	1
768000	1
768800	1
769600	1
770400	1
771200	1
772000	1
772800	1
773600	1
774400	1
775200	1
776000	1
776800	1
777600	1
778400	1
779200	1
780000	1
780800	1
781600	1
782400	1
783200	1
784000	1
784800	1
785600	1
786400	1
787200	1
788000	1
788800	1
789600	1
790400	1
791200	1
792000	1
792800	1
793600	1
794400	1
795200	1
796000	1
796800	0
797600	1
798400	1
799200	1
800000	1
800800	1
801600	1
802400	1
803200	1
804000	1
804800	1
805600	1
806400	1
807200	1
808000	1
808800	1
809600	1
810400	1
811200	1
812000	1
812800	1
813600	1
814400	1
815200	1
816000	1
816800	1
817600	1
818400	0
819200	1
820000	1
820800	1
821600	1
822400	1
823200	1
824000	1
824800	1
825600	1
826400	1
827200	1
828000	1
828800	1
829600	1
830400	1
831200	1
832000	1
832800	1
833600	1
834400	1
835200	1
836000	1
836800	1
837600	1
838400	1
839200	1
840000	1
840800	1
841600	1
842400	1
843200	1
844000	1
844800	1
845600	1
846400	1
847200	1
848000	1
848800	1
849600	1
850400	1
851200	1
852000	1
852800	1
853600	1
854400	1
855200	1
856000	1
856800	1
857600	1
858400	1
859200	1
860000	1
860800	1
861600	1
862400	1
863200	1
864000	1
864800	1
865600	1
866400	1
867200	1
868000	1
868800	1
869600	1
870400	1
871200	1
872000	1
872800	1
873600	1
874400	1
875200	1
876000	1
876800	1
877600	1
878400	1
879200	1
880000	0
880800	1
881600	1
882400	1
883200	1
884000	1
884800	1
885600	1
886400	1
887200	1
888000	1
888800	1
889600	1
890400	1
891200	1
892000	1
892800	1
893600	1
894400	1
895200	1
896000	1
896800	1
897600	1
898400	1
899200	1
900000	1
900800	1
901600	1
902400	1
903200	1
904000	1
904800	1
905600	1
906400	1
907200	1
908000	1
908800	1
909600	1
910400	1
911200	1
912000	1
912800	1
913600	1
914400	1
915200	1
916000	1
916800	1
917600	1
918400	1
919200	1
920000	1
920800	1
921600	1
922400	1
923200	1
924000	1
924800	1
925600	1
926400	1
927200	1
928000	1
928800	1
929600	0
930400	1
931200	1
932000	1
932800	1
933600	1
934400	1
935200	1
936000	1
936800	1
937600	1
938400	1
939200	1
940000	1
940800	1
941600	1
942400	1
943200	1
944000	1
944800	1
945600	1
946400	1
947200	1
948000	1
948800	1
949600	1
950400	0
951200	1
952000	1
952800	1
953600	1
954400	1
955200	1
956000	1
956800	1
957600	1
958400	1
959200	0
960000	1
960800	1
961600	1
962400	1
963200	1
964000	1
964800	1
965600	0
966400	1
967200	1
968000	1
968800	1
969600	1
970400	1
971200	1
972000	1
972800	1
973600	1
974400	1
975200	1
976000	1
976800	1
977600	1
978400	1
979200	1
980000	1
980800	1
981600	1
982400	1
983200	1
984000	0
984800	1
985600	1
986400	1
987200	1
988000	1
988800	1
989600	1
990400	1
991200	1
992000	1
992800	1
993600	1
994400	1
995200	1
996000	1
996800	1
997600	1
998400	1
999200	1
1000000	1
1000800	1
1001600	1
1002400	1
1003200	1
1004000	1
1004800	1
1005600	1
1006400	1
1007200	1
1008000	1
1008800	1
1009600	1
1010400	1
1011200	1
1012000	1
1012800	1
1013600	1
1014400	0
1015200	1
1016000	1
1016800	1
1017600	1
1018400	1
1019200	1
1020000	1
1020800	1
1021600	0
1022400	1
1023200	1
1024000	1
1024800	1
1025600	1
1026400	1
1027200	1
1028000	0
1028800	1
1029600	1
1030400	1
1031200	1
1032000	1
1032800	1
1033600	1
1034400	1
1035200	1
1036000	1
1036800	1
1037600	1
1038400	1
1039200	1
1040000	1
1040800	1
1041600	1
1042400	1
1043200	1
1044000	1
1044800	1
1045600	1
1046400	1
1047200	1
1048000	1
1048800	1
1049600	1
1050400	1
1051200	1
1052000	1
1052800	1
1053600	1
1054400	1
1055200	1
1056000	1
1056800	1
1057600	1
1058400	1
1059200	1
1060000	1
1060800	1
1061600	1
1062400	1
1063200	1
1064000	1
1064800	1
1065600	1
1066400	1
1067200	1
1068000	1
1068800	1
1069600	1
1070400	1
1071200	1
1072000	1
1072800	1
1073600	1
1074400	1
1075200	1
1076000	1
1076800	1
1077600	0
1078400	1
1079200	1
1080000	1
1080800	1
1081600	1
1082400	1
1083200	1
1084000	1
1084800	1
1085600	1
1086400	1
1087200	1
1088000	1
1088800	1
1089600	1
1090400	1
1091200	1
1092000	1
1092800	1
1093600	1
1094400	1
1095200	1
1096000	1
1096800	1
1097600	1
1098400	1
1099200	1
1100000	1
1100800	1
1101600	1
1102400	1
1103200	1
1104000	1
1104800	1
1105600	1
1106400	1
1107200	1
1108000	1
1108800	1
1109600	1
1110400	1
1111200	1
1112000	1
1112800	1
1113600	1
1114400	1
1115200	1
1116000	1
1116800	1
1117600	1
1118400	1
1119200	1
1120000	1
1120800	1
1121600	1
1122400	1
1123200	1
1124000	1
1124800	1
1125600	1
1126400	1
1127200	1
1128000	0
1128800	1
1129600	1
1130400	1
1131200	1
1132000	1
1132800	1
1133600	1
1134400	1
1135200	1
1136000	1
1136800	1
1137600	1
1138400	1
1139200	1
1140000	1
1140800	1
1141600	1
1142400	1
1143200	1
1144000	1
1144800	1
1145600	1
1146400	1
1147200	1
1148000	1
1148800	1
1149600	1
1150400	1
1151200	1
1152000	1
1152800	1
1153600	1
1154400	1
1155200	1
1156000	1
1156800	1
1157600	1
1158400	1
1159200	1
1160000	1
1160800	1
1161600	1
1162400	1
1163200	1
1164000	1
1164800	1
1165600	1
1166400	1
1167200	1
1168000	1
1168800	1
1169600	1
1170400	1
1171200	1
1172000	1
1172800	1
1173600	1
1174400	1
1175200	1
1176000	1
1176800	1
1177600	1
1178400	1
1179200	1
1180000	1
1180800	1
1181600	1
1182400	1
1183200	1
1184000	1
1184800	1
1185600	1
1186400	1
1187200	1
1188000	1
1188800	1
1189600	1
1190400	1
1191200	1
1192000	1
1192800	1
1193600	1
1194400	1
1195200	1
1196000	0
1196800	1
1197600	1
1198400	1
1199200	1
1200000	1
1200800	1
1201600	1
1202400	0
1203200	1
1204000	1
1204800	1
1205600	1
1206400	1
1207200	1
1208000	1
1208800	1
1209600	1
1210400	1
1211200	1
1212000	1
1212800	1
1213600	1
1214400	1
1215200	1
1216000	1
1216800	1
1217600	1
1218400	1
1219200	1
1220000	1
1220800	1
1221600	1
1222400	1
1223200	1
1224000	1
1224800	1
1225600	1
1226400	1
1227200	1
1228000	1
1228800	1
1229600	1
1230400	1
1231200	1
1232000	1
1232800	1
1233600	1
1234400	1
1235200	1
1236000	1
1236800	1
1237600	1
1238400	1
1239200	1
1240000	1
1240800	1
1241600	1
1242400	1
1243200	1
1244000	1
1244800	1
1245600	1
1246400	1
1247200	1
1248000	1
1248800	1
1249600	1
1250400	1
1251200	1
1252000	1
1252800	1
1253600	1
1254400	1
1255200	1
1256000	1
1256800	1
1257600	1
1258400	1
1259200	1
1260000	1
1260800	1
1261600	1
1262400	1
1263200	1
1264000	1
1264800	1
1265600	1
1266400	1
1267200	1
1268000	1
1268800	1
1269600	1
1270400	1
1271200	1
1272000	1
1272800	1
1273600	1
1274400	1
1275200	1
1276000	1
1276800	1
1277600	1
1278400	1
1279200	1
1280000	1
1280800	1
1281600	1
1282400	1
1283200	1
1284000	1
1284800	1
1285600	1
1286400	1
1287200	0
1288000	1
1288800	1
1289600	1
1290400	1
1291200	1
1292000	1
1292800	0
1293600	1
1294400	1
1295200	1
1296000	1
1296800	1
1297600	1
1298400	1
1299200	1
1300000	1
1300800	1
1301600	1
1302400	1
1303200	1
1304000	1
1304800	1
1305600	1
1306400	1
1307200	1
1308000	1
1308800	1
1309600	1
1310400	1
1311200	1
1312000	1
1312800	1
1313600	1
1314400	1
1315200	1
1316000	1
1316800	1
1317600	1
1318400	1
1319200	1
1320000	1
1320800	1
1321600	1
1322400	1
1323200	1
1324000	1
1324800	1
1325600	1
1326400	1
1327200	1
1328000	1
1328800	1
1329600	0
1330400	1
1331200	1
1332000	1
1332800	1
1333600	1
1334400	0
1335200	1
1336000	1
1336800	1
1337600	1
1338400	1
1339200	1
1340000	1
1340800	1
1341600	1
1342400	1
1343200	1
1344000	1
1344800	1
1345600	1
1346400	1
1347200	1
1348000	1
1348800	1
1349600	1
1350400	1
1351200	1
1352000	1
1352800	1
1353600	1
1354400	1
1355200	1
1356000	1
1356800	0
1357600	1
1358400	1
1359200	1
1360000	1
1360800	1
1361600	1
1362400	1
1363200	1
1364000	1
1364800	1
1365600	1
1366400	1
1367200	1
1368000	1
1368800	1
1369600	1
1370400	1
1371200	1
1372000	1
1372800	1
1373600	1
1374400	1
1375200	1
1376000	1
1376800	1
1377600	1
1378400	1
1379200	1
1380000	1
1380800	1
1381600	1
1382400	1
1383200	1
1384000	1
1384800	1
1385600	1
1386400	1
1387200	1
1388000	1
1388800	1
1389600	1
1390400	1
1391200	1
1392000	1
1392800	1
1393600	1
1394400	1
1395200	1
1396000	1
1396800	1
1397600	1
1398400	1
1399200	1
1400000	1
1400800	1
1401600	1
1402400	1
1403200	1
1404000	1
1404800	1
1405600	1
1406400	1
1407200	1
1408000	1
1408800	1
1409600	1
1410400	1
1411200	1
1412000	1
1412800	1
1413600	1
1414400	1
1415200	1
1416000	1
1416800	1
1417600	1
1418400	1
1419200	1
1420000	0
1420800	1
1421600	1
1422400	1
1423200	1
1424000	1
1424800	1
1425600	1
1426400	1
1427200	1
1428000	1
1428800	1
1429600	1
1430400	1
1431200	1
1432000	1
1432800	1
1433600	1
1434400	1
1435200	1
1436000	1
1436800	1
1437600	1
1438400	1
1439200	1
1440000	1
1440800	1
1441600	1
1442400	1
1443200	1
1444000	1
1444800	1
1445600	1
1446400	1
1447200	1
1448000	1
1448800	1
1449600	1
1450400	1
1451200	1
1452000	1
1452800	1
1453600	1
1454400	1
1455200	1
1456000	1
1456800	1
1457600	1
1458400	1
1459200	1
1460000	1
1460800	1
1461600	1
1462400	1
1463200	1
1464000	1
1464800	1
1465600	1
1466400	1
1467200	1
1468000	1
1468800	1
1469600	1
1470400	1
1471200	1
1472000	1
1472800	1
1473600	1
1474400	1
1475200	1
1476000	1
1476800	1
1477600	1
1478400	1
1479200	1
1480000	1
1480800	1
1481600	1
1482400	1
1483200	1
1484000	0
1484800	1
1485600	1
1486400	1
1487200	1
1488000	1
1488800	1
1489600	1
1490400	1
1491200	0
1492000	1
1492800	1
1493600	1
1494400	1
1495200	1
1496000	1
1496800	1
1497600	1
1498400	1
1499200	1
1500000	1
1500800	1
1501600	1
1502400	1
1503200	1
1504000	1
1504800	1
1505600	1
1506400	1
1507200	1
1508000	1
1508800	1
1509600	1
1510400	1
1511200	1
1512000	1
1512800	1
1513600	1
1514400	1
1515200	1
1516000	1
1516800	1
1517600	1
1518400	1
1519200	1
1520000	1
1520800	1
1521600	1
1522400	1
1523200	1
1524000	1
1524800	1
1525600	1
1526400	1
1527200	1
1528000	1
1528800	1
1529600	1
1530400	1
1531200	1
1532000	1
1532800	1
1533600	1
1534400	1
1535200	1
1536000	1
1536800	1
1537600	1
1538400	1
1539200	1
1540000	1
1540800	1
1541600	1
1542400	1
1543200	1
1544000	1
1544800	1
1545600	1
1546400	1
1547200	1
1548000	1
1548800	1
1549600	1
1550400	1
1551200	1
1552000	1
1552800	1
1553600	1
1554400	1
1555200	1
1556000	1
1556800	1
1557600	1
1558400	1
1559200	1
1560000	1
1560800	1
1561600	1
1562400	1
1563200	1
1564000	1
1564800	1
1565600	1
1566400	1
1567200	1
1568000	1
1568800	1
1569600	1
1570400	1
1571200	1
1572000	1
1572800	1
1573600	1
1574400	1
1575200	1
1576000	1
1576800	1
1577600	1
1578400	1
1579200	1
1580000	1
1580800	1
1581600	1
1582400	1
1583200	1
1584000	1
1584800	1
1585600	1
1586400	1
1587200	1
1588000	1
1588800	1
1589600	1
1590400	1
1591200	1
1592000	1
1592800	1
1593600	1
1594400	1
1595200	1
1596000	1
1596800	1
1597600	1
1598400	1
1599200	1
1600000	1
1600800	1
1601600	1
1602400	1
1603200	1
1604000	1
1604800	1
1605600	1
1606400	1
1607200	1
1608000	1
1608800	1
1609600	1
1610400	1
1611200	1
1612000	1
1612800	1
1613600	1
1614400	1
1615200	1
1616000	1
1616800	1
1617600	1
1618400	1
1619200	1
1620000	1
1620800	1
1621600	1
1622400	1
1623200	1
1624000	1
1624800	1
1625600	1
1626400	1
1627200	1
1628000	1
1628800	1
1629600	1
1630400	1
1631200	1
1632000	1
1632800	1
1633600	1
1634400	1
1635200	1
1636000	1
1636800	1
1637600	1
1638400	1
1639200	1
1640000	1
1640800	0
1641600	1
1642400	1
1643200	1
1644000	1
1644800	1
1645600	1
1646400	1
1647200	1
1648000	1
1648800	1
1649600	1
1650400	1
1651200	1
1652000	1
1652800	1
1653600	1
1654400	1
1655200	1
1656000	1
1656800	1
1657600	1
1658400	1
1659200	1
1660000	1
1660800	1
1661600	1
1662400	1
1663200	1
1664000	1
1664800	1
1665600	1
1666400	1
1667200	1
1668000	1
1668800	1
1669600	1
1670400	1
1671200	1
1672000	1
1672800	1
1673600	1
1674400	1
1675200	1
1676000	1
1676800	1
1677600	1
1678400	1
1679200	1
1680000	1
1680800	1
1681600	1
1682400	1
1683200	1
1684000	1
1684800	1
1685600	1
1686400	1
1687200	1
1688000	1
1688800	1
1689600	1
1690400	1
1691200	1
1692000	1
1692800	1
1693600	1
1694400	1
1695200	1
1696000	1
1696800	1
1697600	1
1698400	1
1699200	1
1700000	1
1700800	1
1701600	1
1702400	1
1703200	1
1704000	1
1704800	1
1705600	1
1706400	1
1707200	1
1708000	0
1708800	1
1709600	0
1710400	1
1711200	1
1712000	1
1712800	1
1713600	1
1714400	1
1715200	1
1716000	1
1716800	1
1717600	1
1718400	1
1719200	1
1720000	1
1720800	1
1721600	1
1722400	1
1723200	1
1724000	1
1724800	1
1725600	1
1726400	1
1727200	1
1728000	1
1728800	1
1729600	1
1730400	1
1731200	1
1732000	1
1732800	1
1733600	1
1734400	1
1735200	1
1736000	1
1736800	1
1737600	1
1738400	1
1739200	1
1740000	1
1740800	1
1741600	1
1742400	1
1743200	1
1744000	1
1744800	1
1745600	1
1746400	1
1747200	1
1748000	1
1748800	1
1749600	1
1750400	1
1751200	1
1752000	1
1752800	1
1753600	1
1754400	1
1755200	1
1756000	1
1756800	1
1757600	1
1758400	1
1759200	1
1760000	1
1760800	1
1761600	1
1762400	1
1763200	1
1764000	1
1764800	1
1765600	1
1766400	1
1767200	1
1768000	1
1768800	1
1769600	1
1770400	1
1771200	1
1772000	1
1772800	1
1773600	1
1774400	1
1775200	1
1776000	1
1776800	1
1777600	1
1778400	1
1779200	1
1780000	1
1780800	1
1781600	1
1782400	1
1783200	1
1784000	1
1784800	1
1785600	1
1786400	1
1787200	1
1788000	1
1788800	1
1789600	1
1790400	1
1791200	1
1792000	1
1792800	1
1793600	1
1794400	1
1795200	1
1796000	1
1796800	1
1797600	1
1798400	1
1799200	0
1800000	1
1800800	1
1801600	1
1802400	1
1803200	1
1804000	1
1804800	1
1805600	1
1806400	1
1807200	1
1808000	1
1808800	1
1809600	1
1810400	1
1811200	1
1812000	1
1812800	1
1813600	1
1814400	1
1815200	1
1816000	1
1816800	1
1817600	1
1818400	1
1819200	1
1820000	1
1820800	1
1821600	1
1822400	1
1823200	1
1824000	1
1824800	1
1825600	0
1826400	1
1827200	1
1828000	1
1828800	1
1829600	1
1830400	1
1831200	1
1832000	1
1832800	1
1833600	1
1834400	1
1835200	1
1836000	1
1836800	1
1837600	1
1838400	1
1839200	1
1840000	1
1840800	1
1841600	1
1842400	1
1843200	1
1844000	1
1844800	1
1845600	1
1846400	1
1847200	1
1848000	1
1848800	1
1849600	1
1850400	1
1851200	1
1852000	1
1852800	1
1853600	1
1854400	1
1855200	1
1856000	1
1856800	1
1857600	1
1858400	1
1859200	1
1860000	1
1860800	1
1861600	1
1862400	0
1863200	1
1864000	1
1864800	1
1865600	1
1866400	1
1867200	1
1868000	1
1868800	1
1869600	1
1870400	1
1871200	1
1872000	1
1872800	1
1873600	1
1874400	1
1875200	1
1876000	1
1876800	1
1877600	1
1878400	1
1879200	1
1880000	1
1880800	1
1881600	1
1882400	1
1883200	1
1884000	1
1884800	1
1885600	1
1886400	1
1887200	1
1888000	1
1888800	1
1889600	1
1890400	1
1891200	1
1892000	1
1892800	1
1893600	1
1894400	1
1895200	1
1896000	1
1896800	1
1897600	1
1898400	1
1899200	1
1900000	1
1900800	1
1901600	1
1902400	1
1903200	1
1904000	1
1904800	1
1905600	1
1906400	1
1907200	1
1908000	1
1908800	1
1909600	1
1910400	1
1911200	1
1912000	1
1912800	0
1913600	1
1914400	1
1915200	1
1916000	1
1916800	1
1917600	1
1918400	1
1919200	1
1920000	1
1920800	1
1921600	1
1922400	1
1923200	1
1924000	1
1924800	1
1925600	1
1926400	1
1927200	1
1928000	1
1928800	1
1929600	1
1930400	1
1931200	1
1932000	1
1932800	1
1933600	1
1934400	1
1935200	1
1936000	1
1936800	1
1937600	1
1938400	1
1939200	1
1940000	1
1940800	1
1941600	1
1942400	1
1943200	1
1944000	1
1944800	1
1945600	1
1946400	1
1947200	1
1948000	1
1948800	1
1949600	1
1950400	1
1951200	1
1952000	1
1952800	1
1953600	1
1954400	1
1955200	1
1956000	1
1956800	1
1957600	1
1958400	1
1959200	1
1960000	1
1960800	1
1961600	1
1962400	1
1963200	1
1964000	1
1964800	1
1965600	1
1966400	1
1967200	1
1968000	1
1968800	1
1969600	1
1970400	1
1971200	1
1972000	1
1972800	1
1973600	1
1974400	1
1975200	1
1976000	1
1976800	1
1977600	1
1978400	1
1979200	1
1980000	1
1980800	1
1981600	1
1982400	1
1983200	1
1984000	1
1984800	1
1985600	1
1986400	1
1987200	1
1988000	1
1988800	1
1989600	1
1990400	1
1991200	1
1992000	1
1992800	1
1993600	1
1994400	1
1995200	1
1996000	1
1996800	1
1997600	1
1998400	1
1999200	1
2000000	1
2000800	1
2001600	1
2002400	1
2003200	1
2004000	1
2004800	1
2005600	1
2006400	1
2007200	1
2008000	1
2008800	1
2009600	1
2010400	1
2011200	1
2012000	1
2012800	1
2013600	1
2014400	1
2015200	1
2016000	1
2016800	1
2017600	1
2018400	1
2019200	1
2020000	1
2020800	1
2021600	1
2022400	1
2023200	1
2024000	1
2024800	1
2025600	1
2026400	1
2027200	1
2028000	1
2028800	1
2029600	1
2030400	1
2031200	1
2032000	1
2032800	0
2033600	1
2034400	1
2035200	1
2036000	1
2036800	1
2037600	1
2038400	1
2039200	1
2040000	1
2040800	1
2041600	1
2042400	0
2043200	1
2044000	1
2044800	1
2045600	1
2046400	1
2047200	1
2048000	1
2048800	1
2049600	1
2050400	1
2051200	1
2052000	1
2052800	1
2053600	1
2054400	1
2055200	1
2056000	1
2056800	0
2057600	1
2058400	1
2059200	1
2060000	1
2060800	1
2061600	1
2062400	1
2063200	1
2064000	1
2064800	1
2065600	1
2066400	1
2067200	1
2068000	1
2068800	1
2069600	0
2070400	1
2071200	1
2072000	1
2072800	1
2073600	1
2074400	1
2075200	1
2076000	1
2076800	1
2077600	1
2078400	1
2079200	1
2080000	1
2080800	0
2081600	1
2082400	1
2083200	1
2084000	0
2084800	1
2085600	1
2086400	1
2087200	1
2088000	1
2088800	1
2089600	1
2090400	1
2091200	1
2092000	1
2092800	1
2093600	1
2094400	1
2095200	1
2096000	1
2096800	1
2097600	1
2098400	1
2099200	1
2100000	1
2100800	1
2101600	1
2102400	1
2103200	1
2104000	1
2104800	1
2105600	1
2106400	1
2107200	1
2108000	1
2108800	1
2109600	1
2110400	1
2111200	1
2112000	1
2112800	1
2113600	1
2114400	1
2115200	1
2116000	1
2116800	1
2117600	1
2118400	1
2119200	1
2120000	1
2120800	1
2121600	1
2122400	1
2123200	1
2124000	1
2124800	1
2125600	1
2126400	1
2127200	1
2128000	1
2128800	1
2129600	1
2130400	1
2131200	1
2132000	1
2132800	1
2133600	1
2134400	1
2135200	1
2136000	1
2136800	1
2137600	1
2138400	1
2139200	1
2140000	1
2140800	1
2141600	1
2142400	1
2143200	0
2144000	1
2144800	1
2145600	1
2146400	1
2147200	1
2148000	1
2148800	1
2149600	1
2150400	1
2151200	1
2152000	1
2152800	1
2153600	1
2154400	1
2155200	1
2156000	1
2156800	1
2157600	1
2158400	1
2159200	1
2160000	1
2160800	1
2161600	1
2162400	1
2163200	1
2164000	1
2164800	1
2165600	1
2166400	1
2167200	1
2168000	1
2168800	1
2169600	1
2170400	1
2171200	1
2172000	1
2172800	1
2173600	1
2174400	1
2175200	1
2176000	1
2176800	1
2177600	1
2178400	1
2179200	1
2180000	1
2180800	1
2181600	1
2182400	1
2183200	1
2184000	1
2184800	1
2185600	1
2186400	1
2187200	1
2188000	1
2188800	1
2189600	1
2190400	1
2191200	1
2192000	1
2192800	1
2193600	1
2194400	1
2195200	1
2196000	1
2196800	1
2197600	1
2198400	1
2199200	1
2200000	1
2200800	1
2201600	1
2202400	1
2203200	1
2204000	1
2204800	1
2205600	1
2206400	1
2207200	1
2208000	1
2208800	1
2209600	1
2210400	1
2211200	1
2212000	1
2212800	1
2213600	1
2214400	1
2215200	1
2216000	1
2216800	1
2217600	1
2218400	1
2219200	1
2220000	1
2220800	1
2221600	1
2222400	1
2223200	1
2224000	1
2224800	1
2225600	1
2226400	1
2227200	1
2228000	1
2228800	1
2229600	1
2230400	1
2231200	1
2232000	1
2232800	1
2233600	1
2234400	0
2235200	1
2236000	1
2236800	1
2237600	1
2238400	1
2239200	1
2240000	1
2240800	1
2241600	1
2242400	1
2243200	1
2244000	1
2244800	1
2245600	1
2246400	1
2247200	1
2248000	1
2248800	1
2249600	1
2250400	1
2251200	1
2252000	1
2252800	1
2253600	1
2254400	1
2255200	1
2256000	1
2256800	1
2257600	1
2258400	1
2259200	1
2260000	1
2260800	1
2261600	1
2262400	1
2263200	1
2264000	1
2264800	1
2265600	1
2266400	1
2267200	1
2268000	1
2268800	1
2269600	1
2270400	1
2271200	1
2272000	1
2272800	1
2273600	1
2274400	1
2275200	1
2276000	1
2276800	1
2277600	1
2278400	1
2279200	1
2280000	1
2280800	1
2281600	1
2282400	1
2283200	1
2284000	1
2284800	1
2285600	1
2286400	1
2287200	1
2288000	1
2288800	1
2289600	1
2290400	1
2291200	1
2292000	1
2292800	1
2293600	1
2294400	1
2295200	1
2296000	1
2296800	1
2297600	1
2298400	1
2299200	1
2300000	1
2300800	1
2301600	1
2302400	1
2303200	1
2304000	1
2304800	1
2305600	1
2306400	1
2307200	1
2308000	1
2308800	1
2309600	1
2310400	1
2311200	1
2312000	1
2312800	1
2313600	1
2314400	1
2315200	1
2316000	1
2316800	1
2317600	1
2318400	1
2319200	1
2320000	1
2320800	1
2321600	1
2322400	1
2323200	1
2324000	1
2324800	1
2325600	1
2326400	1
2327200	1
2328000	1
2328800	1
2329600	1
2330400	1
2331200	1
2332000	1
2332800	1
2333600	1
2334400	1
2335200	1
2336000	1
2336800	1
2337600	1
2338400	1
2339200	1
2340000	1
2340800	1
2341600	1
2342400	1
2343200	1
2344000	1
2344800	1
2345600	1
2346400	1
2347200	1
2348000	1
2348800	1
2349600	1
2350400	1
2351200	1
2352000	1
2352800	1
2353600	1
2354400	1
2355200	1
2356000	1
2356800	1
2357600	1
2358400	1
2359200	1
2360000	1
2360800	1
2361600	1
2362400	1
2363200	1
2364000	1
2364800	1
2365600	1
2366400	1
2367200	1
2368000	1
2368800	1
2369600	1
2370400	1
2371200	1
2372000	1
2372800	1
2373600	1
2374400	1
2375200	1
2376000	1
2376800	1
2377600	1
2378400	1
2379200	1
2380000	1
2380800	1
2381600	1
2382400	1
2383200	1
2384000	1
2384800	1
2385600	1
2386400	1
2387200	1
2388000	1
2388800	1
2389600	1
2390400	1
2391200	1
2392000	1
2392800	1
2393600	1
2394400	1
2395200	1
2396000	1
2396800	1
2397600	1
2398400	1
2399200	1
2400000	1
2400800	1
2401600	1
2402400	1
2403200	1
2404000	1
2404800	1
2405600	1
2406400	1
2407200	1
2408000	1
2408800	1
2409600	1
2410400	1
2411200	1
2412000	1
2412800	1
2413600	1
2414400	1
2415200	1
2416000	1
2416800	1
2417600	1
2418400	1
2419200	1
2420000	1
2420800	1
2421600	1
2422400	1
2423200	1
2424000	1
2424800	1
2425600	1
2426400	1
2427200	1
2428000	1
2428800	1
2429600	1
2430400	1
2431200	1
2432000	1
2432800	1
2433600	1
2434400	1
2435200	1
2436000	1
2436800	1
2437600	1
2438400	1
2439200	1
2440000	1
2440800	1
2441600	1
2442400	1
2443200	1
2444000	1
2444800	1
2445600	1
2446400	1
2447200	1
2448000	1
2448800	1
2449600	0
2450400	1
2451200	1
2452000	1
2452800	1
2453600	1
2454400	1
2455200	1
2456000	1
2456800	1
2457600	1
2458400	1
2459200	1
2460000	1
2460800	1
2461600	1
2462400	1
2463200	1
2464000	1
2464800	1
2465600	1
2466400	1
2467200	1
2468000	1
2468800	1
2469600	1
2470400	1
2471200	1
2472000	1
2472800	1
2473600	1
2474400	1
2475200	1
2476000	1
2476800	1
2477600	1
2478400	1
2479200	0
2480000	1
2480800	1
2481600	1
2482400	0
2483200	1
2484000	1
2484800	1
2485600	1
2486400	1
2487200	1
2488000	1
2488800	1
2489600	1
2490400	1
2491200	1
2492000	1
2492800	1
2493600	1
2494400	1
2495200	1
2496000	1
2496800	1
2497600	1
2498400	1
2499200	1
2500000	1
2500800	0
2501600	1
2502400	1
2503200	1
2504000	1
2504800	1
2505600	1
2506400	1
2507200	1
2508000	1
2508800	1
2509600	1
2510400	1
2511200	1
2512000	1
2512800	1
2513600	1
2514400	1
2515200	1
2516000	1
2516800	1
2517600	1
2518400	1
2519200	1
2520000	1
2520800	1
2521600	1
2522400	1
2523200	1
2524000	1
2524800	1
2525600	1
2526400	1
2527200	1
2528000	1
2528800	1
2529600	1
2530400	1
2531200	1
2532000	1
2532800	1
2533600	1
2534400	1
2535200	1
2536000	1
2536800	1
2537600	1
2538400	1
2539200	1
2540000	1
2540800	1
2541600	1
2542400	1
2543200	1
2544000	1
2544800	1
2545600	1
2546400	1
2547200	1
2548000	1
2548800	1
2549600	1
2550400	1
2551200	1
2552000	1
2552800	1
2553600	1
2554400	1
2555200	1
2556000	1
2556800	1
2557600	1
2558400	1
2559200	1
2560000	1
2560800	1
2561600	1
2562400	1
2563200	1
2564000	1
2564800	1
2565600	1
2566400	1
2567200	1
2568000	1
2568800	1
2569600	1
2570400	1
2571200	1
2572000	1
2572800	1
2573600	1
2574400	1
2575200	1
2576000	1
2576800	1
2577600	1
2578400	1
2579200	1
2580000	1
2580800	1
2581600	1
2582400	1
2583200	1
2584000	1
2584800	1
2585600	1
2586400	1
2587200	1
2588000	1
2588800	1
2589600	1
2590400	1
2591200	1
2592000	1
2592800	1
2593600	0
2594400	1
2595200	1
2596000	1
2596800	1
2597600	1
2598400	1
2599200	1
2600000	1
2600800	1
2601600	1
2602400	1
2603200	1
2604000	1
2604800	1
2605600	1
2606400	1
2607200	1
2608000	1
2608800	1
2609600	1
2610400	1
2611200	1
2612000	1
2612800	1
2613600	1
2614400	1
2615200	1
2616000	1
2616800	1
2617600	1
2618400	1
2619200	1
2620000	1
2620800	1
2621600	1
2622400	1
2623200	1
2624000	1
2624800	1
2625600	0
2626400	1
2627200	1
2628000	1
2628800	1
2629600	1
2630400	1
2631200	1
2632000	1
2632800	1
2633600	1
2634400	1
2635200	1
2636000	1
2636800	1
2637600	1
2638400	1
2639200	1
2640000	1
2640800	1
2641600	1
2642400	1
2643200	1
2644000	1
2644800	1
2645600	1
2646400	1
2647200	1
2648000	1
2648800	1
2649600	1
2650400	1
2651200	0
2652000	1
2652800	1
2653600	1
2654400	1
2655200	1
2656000	1
2656800	1
2657600	1
2658400	1
2659200	1
2660000	1
2660800	1
2661600	1
2662400	1
2663200	1
2664000	1
2664800	1
2665600	1
2666400	1
2667200	1
2668000	1
2668800	1
2669600	1
2670400	1
2671200	1
2672000	1
2672800	1
2673600	1
2674400	1
2675200	1
2676000	1
2676800	1
2677600	1
2678400	1
2679200	1
2680000	1
2680800	1
2681600	1
2682400	1
2683200	1
2684000	1
2684800	1
2685600	1
2686400	0
2687200	1
2688000	1
2688800	1
2689600	1
2690400	0
2691200	1
2692000	1
2692800	1
2693600	1
2694400	1
2695200	1
2696000	1
2696800	1
2697600	1
2698400	1
2699200	1
2700000	1
2700800	1
2701600	1
2702400	1
2703200	1
2704000	1
2704800	1
2705600	1
2706400	1
2707200	1
2708000	1
2708800	1
2709600	1
2710400	1
2711200	1
2712000	1
2712800	1
2713600	1
2714400	1
2715200	1
2716000	1
2716800	1
2717600	1
2718400	1
2719200	1
2720000	1
2720800	1
2721600	1
2722400	1
2723200	1
2724000	1
2724800	1
2725600	1
2726400	1
2727200	1
2728000	1
2728800	1
2729600	1
2730400	1
2731200	1
2732000	1
2732800	1
2733600	1
2734400	1
2735200	1
2736000	1
2736800	1
2737600	1
2738400	1
2739200	1
2740000	1
2740800	1
2741600	0
2742400	1
2743200	1
2744000	1
2744800	1
2745600	1
2746400	1
2747200	1
2748000	1
2748800	1
2749600	1
2750400	1
2751200	1
2752000	1
2752800	1
2753600	1
2754400	1
2755200	1
2756000	1
2756800	1
2757600	1
2758400	1
2759200	1
2760000	1
2760800	0
2761600	1
2762400	1
2763200	1
2764000	1
2764800	1
2765600	1
2766400	1
2767200	1
2768000	1
2768800	1
2769600	1
2770400	1
2771200	1
2772000	1
2772800	1
2773600	1
2774400	1
2775200	1
2776000	1
2776800	1
2777600	1
2778400	1
2779200	1
2780000	1
2780800	1
2781600	1
2782400	1
2783200	1
2784000	1
2784800	1
2785600	1
2786400	1
2787200	1
2788000	1
2788800	1
2789600	1
2790400	1
2791200	1
2792000	1
2792800	1
2793600	1
2794400	1
2795200	1
2796000	1
2796800	1
2797600	1
2798400	1
2799200	1
2800000	1
2800800	1
2801600	1
2802400	1
2803200	1
2804000	1
2804800	1
2805600	1
2806400	1
2807200	1
2808000	1
2808800	1
2809600	1
2810400	0
2811200	1
2812000	1
2812800	1
2813600	1
2814400	1
2815200	1
2816000	1
2816800	1
2817600	1
2818400	1
2819200	1
2820000	1
2820800	1
2821600	1
2822400	1
2823200	1
2824000	1
2824800	1
2825600	1
2826400	1
2827200	1
2828000	1
2828800	1
2829600	1
2830400	1
2831200	1
2832000	1
2832800	0
2833600	1
2834400	1
2835200	1
2836000	1
2836800	1
2837600	1
2838400	1
2839200	1
2840000	1
2840800	1
2841600	1
2842400	1
2843200	1
2844000	1
2844800	1
2845600	1
2846400	1
2847200	1
2848000	1
2848800	1
2849600	1
2850400	1
2851200	1
2852000	1
2852800	1
2853600	1
2854400	1
2855200	1
2856000	1
2856800	1
2857600	1
2858400	1
2859200	1
2860000	1
2860800	1
2861600	1
2862400	1
2863200	1
2864000	1
2864800	1
2865600	1
2866400	1
2867200	0
2868000	1
2868800	0
2869600	1
2870400	1
2871200	1
2872000	1
2872800	1
2873600	1
2874400	1
2875200	1
2876000	1
2876800	1
2877600	1
2878400	1
2879200	1
2880000	1
2880800	1
2881600	1
2882400	1
2883200	1
2884000	1
2884800	1
2885600	1
2886400	1
2887200	1
2888000	1
2888800	1
2889600	1
2890400	0
2891200	1
2892000	1
2892800	1
2893600	1
2894400	1
2895200	1
2896000	1
2896800	1
2897600	1
2898400	0
2899200	1
2900000	1
2900800	1
2901600	1
2902400	1
2903200	1
2904000	1
2904800	1
2905600	1
2906400	1
2907200	1
2908000	1
2908800	1
2909600	1
2910400	1
2911200	1
2912000	1
2912800	1
2913600	1
2914400	1
2915200	1
2916000	1
2916800	1
2917600	1
2918400	1
2919200	1
2920000	1
2920800	1
2921600	1
2922400	1
2923200	1
2924000	1
2924800	1
2925600	1
2926400	1
2927200	1
2928000	1
2928800	1
2929600	1
2930400	1
2931200	1
2932000	1
2932800	1
2933600	1
2934400	1
2935200	1
2936000	1
2936800	1
2937600	1
2938400	1
2939200	1
2940000	0
2940800	1
2941600	1
2942400	1
2943200	1
2944000	1
2944800	1
2945600	1
2946400	1
2947200	1
2948000	1
2948800	1
2949600	1
2950400	1
2951200	1
2952000	1
2952800	1
2953600	1
2954400	1
2955200	1
2956000	1
2956800	1
2957600	1
2958400	1
2959200	1
2960000	1
2960800	1
2961600	1
2962400	1
2963200	1
2964000	1
2964800	1
2965600	1
2966400	1
2967200	1
2968000	1
2968800	1
2969600	1
2970400	1
2971200	1
2972000	1
2972800	1
2973600	1
2974400	1
2975200	1
2976000	1
2976800	1
2977600	1
2978400	1
2979200	1
2980000	1
2980800	1
2981600	1
2982400	1
2983200	1
2984000	1
2984800	1
2985600	1
2986400	1
2987200	1
2988000	1
2988800	1
2989600	1
2990400	1
2991200	1
2992000	1
2992800	1
2993600	1
2994400	1
2995200	1
2996000	1
2996800	1
2997600	1
2998400	1
2999200	1
3000000	1
3000800	1
3001600	1
3002400	1
3003200	1
3004000	1
3004800	1
3005600	1
3006400	1
3007200	1
3008000	1
3008800	1
3009600	1
3010400	1
3011200	1
3012000	1
3012800	1
3013600	1
3014400	1
3015200	1
3016000	1
3016800	1
3017600	1
3018400	1
3019200	1
3020000	1
3020800	1
3021600	1
3022400	1
3023200	1
3024000	1
3024800	1
3025600	1
3026400	1
3027200	1
3028000	1
3028800	1
3029600	1
3030400	1
3031200	1
3032000	1
3032800	1
3033600	1
3034400	1
3035200	1
3036000	1
3036800	1
3037600	1
3038400	1
3039200	1
3040000	1
3040800	1
3041600	1
3042400	1
3043200	1
3044000	1
3044800	1
3045600	1
3046400	1
3047200	1
3048000	1
3048800	1
3049600	1
3050400	1
3051200	1
3052000	1
3052800	1
3053600	1
3054400	1
3055200	1
3056000	1
3056800	1
3057600	0
3058400	1
3059200	1
3060000	1
3060800	1
3061600	1
3062400	1
3063200	1
3064000	1
3064800	1
3065600	1
3066400	1
3067200	1
3068000	1
3068800	1
3069600	1
3070400	1
3071200	1
3072000	1
3072800	1
3073600	1
3074400	1
3075200	1
3076000	1
3076800	1
3077600	1
3078400	1
3079200	1
3080000	1
3080800	1
3081600	1
3082400	1
3083200	1
3084000	1
3084800	1
3085600	1
3086400	1
3087200	1
3088000	1
3088800	1
3089600	1
3090400	1
3091200	1
3092000	1
3092800	1
3093600	1
3094400	1
3095200	1
3096000	1
3096800	1
3097600	1
3098400	1
3099200	1
3100000	1
3100800	1
3101600	1
3102400	1
3103200	1
3104000	1
3104800	1
3105600	1
3106400	1
3107200	1
3108000	1
3108800	1
3109600	1
3110400	1
3111200	1
3112000	1
3112800	1
3113600	1
3114400	1
3115200	1
3116000	1
3116800	1
3117600	1
3118400	1
3119200	1
3120000	1
3120800	1
3121600	1
3122400	1
3123200	1
3124000	1
3124800	1
3125600	1
3126400	1
3127200	1
3128000	1
3128800	1
3129600	1
3130400	1
3131200	0
3132000	1
3132800	1
3133600	1
3134400	1
3135200	1
3136000	1
3136800	1
3137600	1
3138400	1
3139200	1
3140000	1
3140800	1
3141600	1
3142400	1
3143200	1
3144000	1
3144800	1
3145600	1
3146400	1
3147200	1
3148000	1
3148800	1
3149600	1
3150400	1
3151200	1
3152000	1
3152800	1
3153600	1
3154400	1
3155200	1
3156000	1
3156800	1
3157600	1
3158400	1
3159200	1
3160000	1
3160800	1
3161600	1
3162400	1
3163200	1
3164000	1
3164800	1
3165600	1
3166400	1
3167200	1
3168000	1
3168800	1
3169600	1
3170400	1
3171200	1
3172000	1
3172800	1
3173600	1
3174400	1
3175200	1
3176000	1
3176800	1
3177600	1
3178400	1
3179200	1
3180000	1
3180800	1
3181600	1
3182400	1
3183200	1
3184000	1
3184800	1
3185600	1
3186400	1
3187200	1
3188000	1
3188800	1
3189600	1
3190400	1
3191200	1
3192000	1
3192800	1
3193600	1
3194400	1
3195200	1
3196000	1
3196800	1
3197600	1
3198400	1
3199200	0
3200000	1
3200800	1
3201600	1
3202400	1
3203200	1
3204000	1
3204800	1
3205600	1
3206400	1
3207200	1
3208000	1
3208800	1
3209600	1
3210400	1
3211200	1
3212000	1
3212800	1
3213600	1
3214400	1
3215200	1
3216000	1
3216800	1
3217600	1
3218400	1
3219200	1
3220000	1
3220800	1
3221600	1
3222400	1
3223200	1
3224000	1
3224800	1
3225600	1
3226400	1
3227200	1
3228000	1
3228800	1
3229600	1
3230400	1
3231200	1
3232000	1
3232800	1
3233600	1
3234400	1
3235200	1
3236000	1
3236800	1
3237600	1
3238400	1
3239200	1
3240000	1
3240800	1
3241600	1
3242400	1
3243200	1
3244000	1
3244800	1
3245600	1
3246400	1
3247200	1
3248000	1
3248800	1
3249600	1
3250400	1
3251200	1
3252000	1
3252800	1
3253600	1
3254400	1
3255200	1
3256000	1
3256800	1
3257600	1
3258400	1
3259200	1
3260000	1
3260800	1
3261600	1
3262400	1
3263200	1
3264000	1
3264800	1
3265600	1
3266400	1
3267200	1
3268000	1
3268800	1
3269600	1
3270400	1
3271200	1
3272000	1
3272800	1
3273600	1
3274400	1
3275200	1
3276000	1
3276800	1
3277600	1
3278400	1
3279200	0
3280000	1
3280800	1
3281600	1
3282400	1
3283200	1
3284000	0
3284800	1
3285600	1
3286400	1
3287200	1
3288000	1
3288800	1
3289600	1
3290400	1
3291200	1
3292000	1
3292800	1
3293600	1
3294400	1
3295200	1
3296000	1
3296800	1
3297600	1
3298400	1
3299200	1
3300000	1
3300800	1
3301600	1
3302400	1
3303200	1
3304000	1
3304800	1
3305600	1
3306400	1
3307200	1
3308000	1
3308800	1
3309600	1
3310400	1
3311200	1
3312000	0
3312800	1
3313600	1
3314400	1
3315200	1
3316000	1
3316800	1
3317600	1
3318400	1
3319200	1
3320000	1
3320800	1
3321600	1
3322400	1
3323200	1
3324000	1
3324800	1
3325600	1
3326400	1
3327200	1
3328000	1
3328800	1
3329600	1
3330400	1
3331200	1
3332000	1
3332800	1
3333600	1
3334400	1
3335200	1
3336000	1
3336800	1
3337600	1
3338400	1
3339200	1
3340000	1
3340800	1
3341600	1
3342400	1
3343200	1
3344000	1
3344800	1
3345600	0
3346400	1
3347200	1
3348000	1
3348800	1
3349600	1
3350400	1
3351200	0
3352000	1
3352800	1
3353600	1
3354400	0
3355200	1
3356000	1
3356800	1
3357600	1
3358400	1
3359200	1
3360000	1
3360800	1
3361600	1
3362400	1
3363200	1
3364000	1
3364800	1
3365600	1
3366400	1
3367200	1
3368000	1
3368800	1
3369600	1
3370400	1
3371200	1
3372000	1
3372800	1
3373600	1
3374400	1
3375200	1
3376000	1
3376800	1
3377600	1
3378400	1
3379200	1
3380000	1
3380800	1
3381600	1
3382400	1
3383200	1
3384000	1
3384800	1
3385600	1
3386400	1
3387200	1
3388000	1
3388800	1
3389600	1
3390400	1
3391200	1
3392000	1
3392800	1
3393600	1
3394400	1
3395200	1
3396000	0
3396800	1
3397600	1
3398400	0
3399200	1
3400000	1
3400800	1
3401600	1
3402400	1
3403200	1
3404000	1
3404800	1
3405600	1
3406400	1
3407200	1
3408000	1
3408800	1
3409600	1
3410400	1
3411200	1
3412000	1
3412800	1
3413600	1
3414400	1
3415200	1
3416000	1
3416800	1
3417600	1
3418400	1
3419200	1
3420000	1
3420800	1
3421600	1
3422400	1
3423200	1
3424000	1
3424800	1
3425600	1
3426400	1
3427200	1
3428000	1
3428800	1
3429600	1
3430400	1
3431200	1
3432000	1
3432800	1
3433600	1
3434400	1
3435200	1
3436000	1
3436800	1
3437600	1
3438400	1
3439200	1
3440000	1
3440800	1
3441600	1
3442400	1
3443200	1
3444000	1
3444800	1
3445600	1
3446400	1
3447200	1
3448000	1
3448800	1
3449600	1
3450400	1
3451200	0
3452000	1
3452800	1
3453600	1
3454400	1
3455200	1
3456000	1
3456800	1
3457600	1
3458400	1
3459200	1
3460000	1
3460800	1
3461600	1
3462400	1
3463200	1
3464000	1
3464800	1
3465600	1
3466400	1
3467200	1
3468000	1
3468800	1
3469600	1
3470400	1
3471200	1
3472000	1
3472800	1
3473600	1
3474400	1
3475200	1
3476000	1
3476800	1
3477600	1
3478400	1
3479200	1
3480000	1
3480800	1
3481600	1
3482400	1
3483200	1
3484000	1
3484800	1
3485600	1
3486400	1
3487200	1
3488000	1
3488800	1
3489600	1
3490400	1
3491200	1
3492000	1
3492800	1
3493600	1
3494400	1
3495200	1
3496000	1
3496800	1
3497600	1
3498400	1
3499200	1
3500000	1
3500800	1
3501600	1
3502400	1
3503200	1
3504000	1
3504800	1
3505600	1
3506400	1
3507200	1
3508000	1
3508800	1
3509600	1
3510400	1
3511200	1
3512000	1
3512800	1
3513600	1
3514400	1
3515200	1
3516000	1
3516800	1
3517600	1
3518400	1
3519200	1
3520000	1
3520800	1
3521600	1
3522400	1
3523200	1
3524000	1
3524800	1
3525600	1
3526400	1
3527200	1
3528000	1
3528800	1
3529600	1
3530400	1
3531200	1
3532000	1
3532800	1
3533600	1
3534400	1
3535200	1
3536000	1
3536800	1
3537600	1
3538400	1
3539200	1
3540000	1
3540800	1
3541600	1
3542400	1
3543200	1
3544000	1
3544800	1
3545600	1
3546400	1
3547200	1
3548000	1
3548800	1
3549600	1
3550400	1
3551200	1
3552000	1
3552800	1
3553600	1
3554400	1
3555200	1
3556000	1
3556800	1
3557600	1
3558400	1
3559200	1
3560000	1
3560800	1
3561600	1
3562400	1
3563200	1
3564000	1
3564800	1
3565600	1
3566400	1
3567200	1
3568000	1
3568800	1
3569600	1
3570400	1
3571200	1
3572000	1
3572800	1
3573600	1
3574400	1
3575200	1
3576000	1
3576800	1
3577600	1
3578400	1
3579200	1
3580000	1
3580800	1
3581600	1
3582400	1
3583200	1
3584000	1
3584800	1
3585600	1
3586400	1
3587200	1
3588000	1
3588800	1
3589600	1
3590400	1
3591200	1
3592000	1
3592800	1
3593600	1
3594400	1
3595200	1
3596000	1
3596800	1
3597600	1
3598400	1
3599200	1
3600000	1
3600800	1
3601600	1
3602400	1
3603200	0
3604000	1
3604800	1
3605600	1
3606400	1
3607200	1
3608000	1
3608800	1
3609600	1
3610400	1
3611200	1
3612000	1
3612800	1
3613600	1
3614400	1
3615200	1
3616000	1
3616800	1
3617600	1
3618400	1
3619200	1
3620000	1
3620800	1
3621600	1
3622400	1
3623200	1
3624000	1
3624800	1
3625600	1
3626400	1
3627200	1
3628000	1
3628800	1
3629600	1
3630400	1
3631200	1
3632000	1
3632800	1
3633600	1
3634400	1
3635200	1
3636000	1
3636800	1
3637600	1
3638400	1
3639200	1
3640000	1
3640800	1
3641600	1
3642400	1
3643200	1
3644000	1
3644800	1
3645600	1
3646400	1
3647200	1
3648000	1
3648800	1
3649600	1
3650400	1
3651200	1
3652000	1
3652800	1
3653600	1
3654400	1
3655200	1
3656000	1
3656800	1
3657600	1
3658400	1
3659200	1
3660000	1
3660800	1
3661600	1
3662400	1
3663200	1
3664000	1
3664800	1
3665600	1
3666400	1
3667200	1
3668000	1
3668800	1
3669600	1
3670400	1
3671200	1
3672000	1
3672800	1
3673600	1
3674400	1
3675200	1
3676000	1
3676800	1
3677600	1
3678400	1
3679200	1
3680000	1
3680800	1
3681600	1
3682400	1
3683200	1
3684000	1
3684800	1
3685600	1
3686400	1
3687200	1
3688000	1
3688800	1
3689600	1
3690400	1
3691200	1
3692000	1
3692800	1
3693600	1
3694400	1
3695200	1
3696000	1
3696800	1
3697600	1
3698400	1
3699200	1
3700000	1
3700800	1
3701600	1
3702400	1
3703200	1
3704000	1
3704800	1
3705600	1
3706400	1
3707200	1
3708000	1
3708800	1
3709600	1
3710400	1
3711200	1
3712000	1
3712800	1
3713600	1
3714400	1
3715200	1
3716000	1
3716800	1
3717600	1
3718400	1
3719200	1
3720000	1
3720800	1
3721600	1
3722400	1
3723200	1
3724000	1
3724800	1
3725600	1
3726400	1
3727200	1
3728000	1
3728800	1
3729600	1
3730400	1
3731200	1
3732000	1
3732800	0
3733600	1
3734400	1
3735200	1
3736000	1
3736800	1
3737600	1
3738400	1
3739200	1
3740000	1
3740800	1
3741600	1
3742400	1
3743200	1
3744000	1
3744800	1
3745600	1
3746400	1
3747200	1
3748000	1
3748800	1
3749600	1
3750400	1
3751200	1
3752000	1
3752800	1
3753600	1
3754400	1
3755200	1
3756000	1
3756800	1
3757600	1
3758400	1
3759200	1
3760000	1
3760800	1
3761600	1
3762400	1
3763200	0
3764000	0
3764800	1
3765600	1
3766400	1
3767200	1
3768000	1
3768800	1
3769600	1
3770400	1
3771200	1
3772000	1
3772800	1
3773600	1
3774400	1
3775200	1
3776000	1
3776800	1
3777600	1
3778400	1
3779200	1
3780000	1
3780800	1
3781600	1
3782400	1
3783200	1
3784000	1
3784800	1
3785600	1
3786400	1
3787200	1
3788000	1
3788800	1
3789600	1
3790400	1
3791200	1
3792000	1
3792800	1
3793600	1
3794400	1
3795200	1
3796000	1
3796800	1
3797600	1
3798400	1
3799200	1
3800000	1
3800800	1
3801600	1
3802400	1
3803200	1
3804000	1
3804800	1
3805600	1
3806400	1
3807200	1
3808000	1
3808800	1
3809600	1
3810400	1
3811200	1
3812000	1
3812800	1
3813600	1
3814400	1
3815200	1
3816000	1
3816800	1
3817600	1
3818400	1
3819200	1
3820000	1
3820800	1
3821600	1
3822400	1
3823200	1
3824000	1
3824800	1
3825600	1
3826400	1
3827200	1
3828000	1
3828800	1
3829600	1
3830400	1
3831200	0
3832000	1
3832800	1
3833600	1
3834400	1
3835200	1
3836000	1
3836800	1
3837600	1
3838400	1
3839200	1
3840000	1
3840800	1
3841600	1
3842400	1
3843200	1
3844000	1
3844800	1
3845600	1
3846400	1
3847200	1
3848000	1
3848800	1
3849600	1
3850400	1
3851200	1
3852000	1
3852800	1
3853600	1
3854400	1
3855200	1
3856000	1
3856800	1
3857600	1
3858400	1
3859200	1
3860000	1
3860800	1
3861600	1
3862400	1
3863200	1
3864000	1
3864800	1
3865600	1
3866400	1
3867200	1
3868000	1
3868800	1
3869600	1
3870400	1
3871200	1
3872000	1
3872800	1
3873600	1
3874400	1
3875200	1
3876000	1
3876800	1
3877600	1
3878400	1
3879200	1
3880000	1
3880800	1
3881600	1
3882400	1
3883200	1
3884000	1
3884800	1
3885600	1
3886400	1
3887200	1
3888000	1
3888800	1
3889600	1
3890400	1
3891200	1
3892000	1
3892800	1
3893600	1
3894400	1
3895200	1
3896000	1
3896800	1
3897600	1
3898400	1
3899200	1
3900000	1
3900800	0
3901600	1
3902400	1
3903200	1
3904000	1
3904800	1
3905600	1
3906400	1
3907200	1
3908000	1
3908800	1
3909600	1
3910400	1
3911200	1
3912000	1
3912800	1
3913600	1
3914400	1
3915200	1
3916000	1
3916800	1
3917600	1
3918400	1
3919200	1
3920000	1
3920800	1
3921600	1
3922400	1
3923200	1
3924000	1
3924800	1
3925600	1
3926400	1
3927200	1
3928000	1
3928800	1
3929600	1
3930400	1
3931200	1
3932000	1
3932800	1
3933600	1
3934400	1
3935200	1
3936000	1
3936800	1
3937600	1
3938400	1
3939200	1
3940000	1
3940800	1
3941600	1
3942400	1
3943200	1
3944000	1
3944800	1
3945600	1
3946400	1
3947200	1
3948000	1
3948800	1
3949600	1
3950400	1
3951200	1
3952000	1
3952800	1
3953600	0
3954400	1
3955200	1
3956000	1
3956800	1
3957600	1
3958400	1
3959200	1
3960000	1
3960800	1
3961600	1
3962400	1
3963200	1
3964000	1
3964800	1
3965600	1
3966400	1
3967200	1
3968000	1
3968800	1
3969600	1
3970400	1
3971200	1
3972000	1
3972800	1
3973600	1
3974400	1
3975200	1
3976000	1
3976800	1
3977600	1
3978400	1
3979200	1
3980000	1
3980800	1
3981600	1
3982400	1
3983200	1
3984000	1
3984800	1
3985600	1
3986400	1
3987200	1
3988000	1
3988800	1
3989600	1
3990400	1
3991200	1
3992000	1
3992800	1
3993600	1
3994400	1
3995200	1
3996000	1
3996800	1
3997600	1
3998400	1
3999200	1
4000000	1
4000800	1
4001600	1
4002400	1
4003200	1
4004000	1
4004800	1
4005600	1
4006400	1
4007200	1
4008000	1
4008800	1
4009600	1
4010400	1
4011200	1
4012000	1
4012800	1
4013600	1
4014400	1
4015200	1
4016000	1
4016800	1
4017600	1
4018400	0
4019200	1
4020000	1
4020800	1
4021600	1
4022400	1
4023200	1
4024000	1
4024800	1
4025600	1
4026400	1
4027200	1
4028000	1
4028800	1
4029600	1
4030400	1
4031200	1
4032000	1
4032800	1
4033600	1
4034400	1
4035200	1
4036000	1
4036800	1
4037600	1
4038400	1
4039200	1
4040000	1
4040800	1
4041600	1
4042400	1
4043200	1
4044000	1
4044800	1
4045600	1
4046400	1
4047200	1
4048000	1
4048800	1
4049600	1
4050400	1
4051200	1
4052000	1
4052800	1
4053600	1
4054400	0
4055200	1
4056000	1
4056800	1
4057600	1
4058400	1
4059200	1
4060000	1
4060800	1
4061600	1
4062400	1
4063200	0
4064000	1
4064800	1
4065600	1
4066400	1
4067200	1
4068000	1
4068800	1
4069600	1
4070400	1
4071200	1
4072000	1
4072800	1
4073600	1
4074400	1
4075200	1
4076000	1
4076800	1
4077600	1
4078400	1
4079200	1
4080000	1
4080800	1
4081600	1
4082400	1
4083200	1
4084000	1
4084800	1
4085600	1
4086400	1
4087200	0
4088000	1
4088800	1
4089600	1
4090400	1
4091200	1
4092000	1
4092800	1
4093600	1
4094400	1
4095200	0
4096000	1
4096800	1
4097600	1
4098400	1
4099200	1
4100000	1
4100800	1
4101600	1
4102400	1
4103200	1
4104000	1
4104800	1
4105600	1
4106400	1
4107200	1
4108000	1
4108800	1
4109600	1
4110400	1
4111200	1
4112000	1
4112800	1
4113600	1
4114400	1
4115200	1
4116000	1
4116800	1
4117600	1
4118400	1
4119200	1
4120000	1
4120800	1
4121600	1
4122400	1
4123200	1
4124000	1
4124800	1
4125600	1
4126400	1
4127200	1
4128000	1
4128800	1
4129600	1
4130400	1
4131200	1
4132000	1
4132800	1
4133600	1
4134400	1
4135200	1
4136000	1
4136800	1
4137600	1
4138400	1
4139200	1
4140000	1
4140800	1
4141600	1
4142400	1
4143200	1
4144000	1
4144800	1
4145600	1
4146400	1
4147200	1
4148000	1
4148800	1
4149600	1
4150400	1
4151200	1
4152000	1
4152800	1
4153600	1
4154400	1
4155200	1
4156000	1
4156800	1
4157600	1
4158400	1
4159200	1
4160000	1
4160800	1
4161600	1
4162400	1
4163200	1
4164000	1
4164800	1
4165600	1
4166400	1
4167200	1
4168000	1
4168800	1
4169600	1
4170400	1
4171200	1
4172000	1
4172800	1
4173600	1
4174400	1
4175200	1
4176000	1
4176800	1
4177600	1
4178400	1
4179200	1
4180000	1
4180800	1
4181600	1
4182400	1
4183200	1
4184000	1
4184800	1
4185600	1
4186400	1
4187200	1
4188000	1
4188800	1
4189600	1
4190400	1
4191200	1
4192000	1
4192800	1
4193600	1
4194400	1
4195200	1
4196000	1
4196800	1
4197600	1
4198400	1
4199200	1
4200000	1
4200800	1
4201600	1
4202400	1
4203200	1
4204000	1
4204800	1
4205600	1
4206400	1
4207200	1
4208000	1
4208800	1
4209600	1
4210400	1
4211200	1
4212000	1
4212800	0
4213600	1
4214400	1
4215200	1
4216000	1
4216800	1
4217600	1
4218400	1
4219200	1
4220000	1
4220800	1
4221600	1
4222400	1
4223200	1
4224000	1
4224800	1
4225600	1
4226400	1
4227200	1
4228000	1
4228800	1
4229600	1
4230400	1
4231200	1
4232000	1
4232800	1
4233600	1
4234400	1
4235200	1
4236000	1
4236800	1
4237600	1
4238400	1
4239200	1
4240000	0
4240800	1
4241600	1
4242400	1
4243200	1
4244000	1
4244800	1
4245600	1
4246400	1
4247200	1
4248000	1
4248800	1
4249600	1
4250400	1
4251200	1
4252000	1
4252800	1
4253600	1
4254400	1
4255200	1
4256000	1
4256800	1
4257600	1
4258400	1
4259200	1
4260000	1
4260800	1
4261600	1
4262400	1
4263200	1
4264000	1
4264800	1
4265600	1
4266400	1
4267200	1
4268000	1
4268800	1
4269600	1
4270400	1
4271200	1
4272000	1
4272800	1
4273600	1
4274400	1
4275200	1
4276000	1
4276800	1
4277600	1
4278400	1
4279200	1
4280000	1
4280800	1
4281600	1
4282400	1
4283200	1
4284000	1
4284800	1
4285600	1
4286400	1
4287200	1
4288000	1
4288800	1
4289600	1
4290400	1
4291200	1
4292000	1
4292800	1
4293600	1
4294400	1
4295200	1
4296000	1
4296800	1
4297600	1
4298400	1
4299200	1
4300000	1
4300800	1
4301600	1
4302400	1
4303200	1
4304000	1
4304800	1
4305600	1
4306400	1
4307200	1
4308000	1
4308800	1
4309600	1
4310400	1
4311200	1
4312000	1
4312800	1
4313600	1
4314400	1
4315200	1
4316000	1
4316800	1
4317600	1
4318400	1
4319200	1
4320000	1
4320800	1
4321600	1
4322400	1
4323200	1
4324000	1
4324800	1
4325600	1
4326400	1
4327200	1
4328000	1
4328800	1
4329600	1
4330400	1
4331200	1
4332000	1
4332800	1
4333600	1
4334400	1
4335200	1
4336000	1
4336800	1
4337600	1
4338400	1
4339200	1
4340000	1
4340800	1
4341600	1
4342400	1
4343200	1
4344000	1
4344800	1
4345600	1
4346400	1
4347200	1
4348000	1
4348800	1
4349600	1
4350400	1
4351200	1
4352000	1
4352800	1
4353600	1
4354400	1
4355200	1
4356000	1
4356800	1
4357600	1
4358400	1
4359200	1
4360000	1
4360800	1
4361600	1
4362400	0
4363200	1
4364000	1
4364800	1
4365600	1
4366400	1
4367200	1
4368000	1
4368800	1
4369600	1
4370400	1
4371200	1
4372000	1
4372800	1
4373600	1
4374400	1
4375200	1
4376000	1
4376800	1
4377600	1
4378400	1
4379200	1
4380000	1
4380800	1
4381600	1
4382400	1
4383200	1
4384000	1
4384800	1
4385600	1
4386400	1
4387200	1
4388000	1
4388800	1
4389600	1
4390400	1
4391200	1
4392000	1
4392800	1
4393600	1
4394400	1
4395200	1
4396000	1
4396800	1
4397600	1
4398400	1
4399200	1
4400000	1
4400800	1
4401600	1
4402400	1
4403200	1
4404000	1
4404800	1
4405600	1
4406400	1
4407200	1
4408000	1
4408800	1
4409600	1
4410400	1
4411200	1
4412000	1
4412800	1
4413600	1
4414400	1
4415200	1
4416000	1
4416800	1
4417600	1
4418400	1
4419200	0
4420000	1
4420800	1
4421600	1
4422400	1
4423200	1
4424000	1
4424800	1
4425600	1
4426400	1
4427200	1
4428000	1
4428800	1
4429600	1
4430400	1
4431200	1
4432000	1
4432800	1
4433600	1
4434400	1
4435200	1
4436000	1
4436800	1
4437600	1
4438400	1
4439200	1
4440000	1
4440800	1
4441600	1
4442400	1
4443200	1
4444000	1
4444800	1
4445600	1
4446400	1
4447200	1
4448000	1
4448800	1
4449600	1
4450400	1
4451200	1
4452000	1
4452800	1
4453600	1
4454400	1
4455200	1
4456000	1
4456800	1
4457600	1
4458400	1
4459200	1
4460000	1
4460800	1
4461600	1
4462400	1
4463200	1
4464000	1
4464800	1
4465600	1
4466400	1
4467200	1
4468000	1
4468800	1
4469600	1
4470400	1
4471200	1
4472000	1
4472800	1
4473600	1
4474400	1
4475200	1
4476000	1
4476800	1
4477600	1
4478400	1
4479200	1
4480000	1
4480800	1
4481600	1
4482400	1
4483200	1
4484000	1
4484800	1
4485600	1
4486400	1
4487200	1
4488000	1
4488800	1
4489600	1
4490400	1
4491200	1
4492000	1
4492800	1
4493600	1
4494400	1
4495200	1
4496000	1
4496800	1
4497600	1
4498400	1
4499200	1
4500000	1
4500800	0
4501600	1
4502400	1
4503200	1
4504000	1
4504800	1
4505600	1
4506400	1
4507200	1
4508000	1
4508800	1
4509600	1
4510400	1
4511200	1
4512000	1
4512800	1
4513600	1
4514400	1
4515200	1
4516000	1
4516800	1
4517600	1
4518400	1
4519200	1
4520000	1
4520800	1
4521600	1
4522400	1
4523200	1
4524000	1
4524800	1
4525600	1
4526400	1
4527200	1
4528000	0
4528800	1
4529600	1
4530400	1
4531200	1
4532000	1
4532800	1
4533600	1
4534400	1
4535200	1
4536000	1
4536800	1
4537600	1
4538400	1
4539200	1
4540000	1
4540800	1
4541600	1
4542400	1
4543200	1
4544000	1
4544800	1
4545600	1
4546400	1
4547200	1
4548000	1
4548800	1
4549600	1
4550400	1
4551200	1
4552000	1
4552800	0
4553600	1
4554400	1
4555200	1
4556000	1
4556800	1
4557600	1
4558400	1
4559200	1
4560000	1
4560800	1
4561600	1
4562400	1
4563200	1
4564000	1
4564800	1
4565600	1
4566400	1
4567200	1
4568000	1
4568800	1
4569600	1
4570400	1
4571200	1
4572000	1
4572800	1
4573600	1
4574400	1
4575200	1
4576000	1
4576800	1
4577600	1
4578400	1
4579200	1
4580000	1
4580800	1
4581600	1
4582400	1
4583200	1
4584000	1
4584800	1
4585600	1
4586400	1
4587200	1
4588000	1
4588800	1
4589600	1
4590400	1
4591200	1
4592000	1
4592800	1
4593600	1
4594400	1
4595200	1
4596000	1
4596800	1
4597600	1
4598400	1
4599200	1
4600000	1
4600800	1
4601600	1
4602400	1
4603200	1
4604000	1
4604800	1
4605600	1
4606400	1
4607200	1
4608000	1
4608800	1
4609600	1
4610400	1
4611200	1
4612000	1
4612800	1
4613600	1
4614400	1
4615200	1
4616000	1
4616800	1
4617600	1
4618400	1
4619200	1
4620000	1
4620800	1
4621600	1
4622400	1
4623200	1
4624000	1
4624800	1
4625600	1
4626400	1
4627200	1
4628000	1
4628800	1
4629600	1
4630400	1
4631200	1
4632000	1
4632800	1
4633600	1
4634400	1
4635200	1
4636000	1
4636800	1
4637600	1
4638400	1
4639200	1
4640000	1
4640800	1
4641600	1
4642400	1
4643200	1
4644000	1
4644800	1
4645600	1
4646400	1
4647200	1
4648000	1
4648800	1
4649600	1
4650400	1
4651200	1
4652000	1
4652800	1
4653600	1
4654400	1
4655200	1
4656000	1
4656800	1
4657600	1
4658400	1
4659200	1
4660000	1
4660800	1
4661600	1
4662400	1
4663200	1
4664000	1
4664800	0
4665600	1
4666400	1
4667200	1
4668000	1
4668800	1
4669600	1
4670400	1
4671200	1
4672000	1
4672800	1
4673600	1
4674400	1
4675200	1
4676000	1
4676800	1
4677600	1
4678400	1
4679200	1
4680000	1
4680800	0
4681600	1
4682400	1
4683200	1
4684000	1
4684800	1
4685600	1
4686400	1
4687200	1
4688000	1
4688800	1
4689600	1
4690400	1
4691200	1
4692000	1
4692800	1
4693600	1
4694400	1
4695200	1
4696000	1
4696800	1
4697600	1
4698400	1
4699200	1
4700000	1
4700800	1
4701600	1
4702400	1
4703200	1
4704000	1
4704800	1
4705600	1
4706400	1
4707200	1
4708000	1
4708800	1
4709600	0
4710400	1
4711200	1
4712000	1
4712800	1
4713600	1
4714400	1
4715200	1
4716000	1
4716800	1
4717600	1
4718400	1
4719200	1
4720000	1
4720800	1
4721600	1
4722400	1
4723200	1
4724000	1
4724800	1
4725600	1
4726400	1
4727200	1
4728000	1
4728800	1
4729600	1
4730400	1
4731200	1
4732000	1
4732800	1
4733600	1
4734400	1
4735200	1
4736000	1
4736800	1
4737600	1
4738400	1
4739200	1
4740000	1
4740800	1
4741600	1
4742400	1
4743200	1
4744000	1
4744800	1
4745600	1
4746400	1
4747200	1
4748000	1
4748800	1
4749600	1
4750400	1
4751200	1
4752000	1
4752800	1
4753600	1
4754400	0
4755200	1
4756000	1
4756800	1
4757600	1
4758400	1
4759200	1
4760000	1
4760800	1
4761600	1
4762400	1
4763200	1
4764000	1
4764800	1
4765600	1
4766400	1
4767200	1
4768000	1
4768800	1
4769600	1
4770400	1
4771200	1
4772000	1
4772800	1
4773600	1
4774400	1
4775200	1
4776000	1
4776800	1
4777600	1
4778400	1
4779200	1
4780000	1
4780800	1
4781600	1
4782400	1
4783200	1
4784000	1
4784800	1
4785600	1
4786400	1
4787200	1
4788000	0
4788800	1
4789600	1
4790400	1
4791200	1
4792000	1
4792800	1
4793600	1
4794400	1
4795200	1
4796000	1
4796800	1
4797600	1
4798400	1
4799200	1
4800000	1
4800800	1
4801600	1
4802400	1
4803200	1
4804000	1
4804800	1
4805600	1
4806400	1
4807200	1
4808000	1
4808800	1
4809600	1
4810400	1
4811200	1
4812000	1
4812800	1
4813600	1
4814400	1
4815200	1
4816000	1
4816800	1
4817600	1
4818400	1
4819200	1
4820000	1
4820800	1
4821600	1
4822400	1
4823200	1
4824000	1
4824800	1
4825600	1
4826400	1
4827200	1
4828000	1
4828800	1
4829600	1
4830400	1
4831200	1
4832000	1
4832800	1
4833600	1
4834400	1
4835200	1
4836000	1
4836800	1
4837600	1
4838400	1
4839200	1
4840000	1
4840800	1
4841600	1
4842400	1
4843200	1
4844000	1
4844800	1
4845600	1
4846400	1
4847200	1
4848000	1
4848800	1
4849600	1
4850400	1
4851200	0
4852000	1
4852800	1
4853600	1
4854400	1
4855200	1
4856000	1
4856800	1
4857600	1
4858400	1
4859200	1
4860000	1
4860800	1
4861600	1
4862400	1
4863200	1
4864000	1
4864800	1
4865600	1
4866400	1
4867200	1
4868000	1
4868800	1
4869600	0
4870400	1
4871200	1
4872000	1
4872800	1
4873600	1
4874400	1
4875200	1
4876000	1
4876800	0
4877600	1
4878400	1
4879200	1
4880000	1
4880800	1
4881600	1
4882400	1
4883200	1
4884000	1
4884800	1
4885600	1
4886400	1
4887200	1
4888000	1
4888800	1
4889600	1
4890400	1
4891200	1
4892000	1
4892800	1
4893600	1
4894400	1
4895200	1
4896000	1
4896800	1
4897600	1
4898400	1
4899200	1
4900000	1
4900800	1
4901600	1
4902400	1
4903200	1
4904000	1
4904800	1
4905600	1
4906400	1
4907200	1
4908000	1
4908800	1
4909600	1
4910400	1
4911200	1
4912000	1
4912800	1
4913600	1
4914400	1
4915200	1
4916000	1
4916800	1
4917600	1
4918400	1
4919200	1
4920000	1
4920800	1
4921600	1
4922400	1
4923200	1
4924000	1
4924800	1
4925600	1
4926400	1
4927200	1
4928000	1
4928800	1
4929600	1
4930400	1
4931200	1
4932000	1
4932800	1
4933600	1
4934400	1
4935200	1
4936000	1
4936800	1
4937600	1
4938400	1
4939200	1
4940000	1
4940800	1
4941600	1
4942400	1
4943200	1
4944000	1
4944800	1
4945600	1
4946400	1
4947200	1
4948000	1
4948800	1
4949600	1
4950400	1
4951200	1
4952000	1
4952800	1
4953600	1
4954400	1
4955200	1
4956000	1
4956800	1
4957600	1
4958400	1
4959200	1
4960000	1
4960800	1
4961600	1
4962400	1
4963200	1
4964000	1
4964800	1
4965600	1
4966400	1
4967200	1
4968000	1
4968800	1
4969600	1
4970400	1
4971200	1
4972000	1
4972800	1
4973600	1
4974400	1
4975200	1
4976000	1
4976800	1
4977600	1
4978400	1
4979200	1
4980000	1
4980800	1
4981600	1
4982400	1
4983200	1
4984000	1
4984800	1
4985600	1
4986400	1
4987200	1
4988000	1
4988800	0
4989600	1
4990400	1
4991200	1
4992000	1
4992800	1
4993600	0
4994400	1
4995200	1
4996000	1
4996800	1
4997600	1
4998400	1
4999200	1
5000000	1
5000800	1
5001600	1
5002400	1
5003200	1
5004000	1
5004800	1
5005600	1
5006400	1
5007200	1
5008000	1
5008800	1
5009600	1
5010400	1
5011200	1
5012000	1
5012800	1
5013600	1
5014400	1
5015200	1
5016000	1
5016800	1
5017600	1
5018400	1
5019200	1
5020000	1
5020800	1
5021600	1
5022400	1
5023200	1
5024000	1
5024800	1
5025600	1
5026400	1
5027200	1
5028000	1
5028800	1
5029600	1
5030400	1
5031200	1
5032000	1
5032800	1
5033600	0
5034400	1
5035200	1
5036000	1
5036800	1
5037600	1
5038400	1
5039200	1
5040000	1
5040800	1
5041600	1
5042400	1
5043200	1
5044000	1
5044800	1
5045600	1
5046400	0
5047200	1
5048000	1
5048800	1
5049600	1
5050400	1
5051200	1
5052000	1
5052800	1
5053600	1
5054400	0
5055200	1
5056000	1
5056800	1
5057600	1
5058400	1
5059200	1
5060000	1
5060800	1
5061600	1
5062400	1
5063200	1
5064000	1
5064800	1
5065600	1
5066400	1
5067200	1
5068000	1
5068800	1
5069600	1
5070400	1
5071200	1
5072000	1
5072800	1
5073600	1
5074400	1
5075200	1
5076000	1
5076800	1
5077600	1
5078400	1
5079200	1
5080000	1
5080800	1
5081600	1
5082400	1
5083200	1
5084000	1
5084800	1
5085600	1
5086400	1
5087200	1
5088000	1
5088800	1
5089600	1
5090400	1
5091200	1
5092000	1
5092800	1
5093600	1
5094400	1
5095200	1
5096000	1
5096800	1
5097600	1
5098400	1
5099200	1
5100000	1
5100800	1
5101600	1
5102400	1
5103200	1
5104000	1
5104800	1
5105600	1
5106400	1
5107200	1
5108000	1
5108800	1
5109600	1
5110400	1
5111200	1
5112000	1
5112800	1
5113600	1
5114400	1
5115200	1
5116000	1
5116800	1
5117600	1
5118400	1
5119200	1
5120000	1
5120800	1
5121600	1
5122400	1
5123200	1
5124000	1
5124800	1
5125600	1
5126400	1
5127200	1
5128000	1
5128800	1
5129600	1
5130400	1
5131200	1
5132000	1
5132800	1
5133600	1
5134400	1
5135200	1
5136000	1
5136800	1
5137600	1
5138400	1
5139200	1
5140000	1
5140800	1
5141600	1
5142400	1
5143200	1
5144000	1
5144800	1
5145600	1
5146400	1
5147200	1
5148000	1
5148800	1
5149600	1
5150400	1
5151200	1
5152000	1
5152800	1
5153600	1
5154400	1
5155200	1
5156000	1
5156800	1
5157600	1
5158400	1
5159200	1
5160000	1
5160800	1
5161600	1
5162400	1
5163200	1
5164000	1
5164800	1
5165600	1
5166400	1
5167200	1
5168000	1
5168800	1
5169600	1
5170400	1
5171200	1
5172000	1
5172800	1
5173600	1
5174400	1
5175200	1
5176000	1
5176800	1
5177600	1
5178400	1
5179200	1
5180000	1
5180800	1
5181600	1
5182400	1
5183200	1
5184000	1
5184800	1
5185600	1
5186400	1
5187200	1
5188000	1
5188800	1
5189600	1
5190400	1
5191200	1
5192000	1
5192800	1
5193600	1
5194400	1
5195200	1
5196000	1
5196800	1
5197600	1
5198400	1
5199200	1
5200000	1
5200800	1
5201600	1
5202400	1
5203200	1
5204000	1
5204800	1
5205600	1
5206400	1
5207200	1
5208000	1
5208800	1
5209600	1
5210400	1
5211200	1
5212000	1
5212800	1
5213600	1
5214400	1
5215200	1
5216000	1
5216800	1
5217600	1
5218400	1
5219200	1
5220000	1
5220800	1
5221600	1
5222400	1
5223200	1
5224000	1
5224800	1
5225600	1
5226400	1
5227200	1
5228000	1
5228800	1
5229600	1
5230400	1
5231200	1
5232000	1
5232800	1
5233600	1
5234400	1
5235200	1
5236000	1
5236800	1
5237600	1
5238400	1
5239200	1
5240000	1
5240800	1
5241600	1
5242400	1
5243200	1
5244000	1
5244800	1
5245600	1
5246400	1
5247200	1
5248000	1
5248800	1
5249600	1
5250400	0
5251200	1
5252000	1
5252800	1
5253600	1
5254400	1
5255200	1
5256000	1
5256800	1
5257600	1
5258400	1
5259200	1
5260000	1
5260800	1
5261600	1
5262400	1
5263200	1
5264000	1
5264800	1
5265600	1
5266400	1
5267200	1
5268000	1
5268800	1
5269600	1
5270400	1
5271200	1
5272000	1
5272800	1
5273600	1
5274400	1
5275200	1
5276000	1
5276800	1
5277600	1
5278400	1
5279200	1
5280000	1
5280800	1
5281600	1
5282400	1
5283200	1
5284000	1
5284800	1
5285600	1
5286400	1
5287200	1
5288000	1
5288800	1
5289600	1
5290400	1
5291200	1
5292000	1
5292800	1
5293600	1
5294400	1
5295200	0
5296000	1
5296800	1
5297600	1
5298400	1
5299200	1
5300000	1
5300800	1
5301600	1
5302400	1
5303200	1
5304000	1
5304800	1
5305600	1
5306400	1
5307200	1
5308000	1
5308800	1
5309600	1
5310400	1
5311200	1
5312000	1
5312800	1
5313600	1
5314400	1
5315200	1
5316000	1
5316800	1
5317600	1
5318400	1
5319200	1
5320000	1
5320800	1
5321600	1
5322400	1
5323200	1
5324000	1
5324800	1
5325600	1
5326400	1
5327200	1
5328000	1
5328800	1
5329600	1
5330400	1
5331200	1
5332000	1
5332800	1
5333600	1
5334400	1
5335200	1
5336000	1
5336800	1
5337600	1
5338400	1
5339200	1
5340000	1
5340800	1
5341600	1
5342400	1
5343200	1
5344000	1
5344800	1
5345600	1
5346400	1
5347200	1
5348000	1
5348800	1
5349600	1
5350400	1
5351200	1
5352000	1
5352800	1
5353600	1
5354400	1
5355200	1
5356000	1
5356800	1
5357600	1
5358400	1
5359200	1
5360000	1
5360800	1
5361600	1
5362400	1
5363200	1
5364000	1
5364800	1
5365600	1
5366400	1
5367200	1
5368000	1
5368800	1
5369600	1
5370400	1
5371200	1
5372000	1
5372800	1
5373600	1
5374400	1
5375200	1
5376000	1
5376800	1
5377600	1
5378400	1
5379200	1
5380000	1
5380800	1
5381600	1
5382400	1
5383200	1
5384000	1
5384800	1
5385600	1
5386400	1
5387200	1
5388000	1
5388800	1
5389600	1
5390400	1
5391200	1
5392000	1
5392800	1
5393600	1
5394400	1
5395200	1
5396000	1
5396800	1
5397600	0
5398400	1
5399200	1
5400000	1
5400800	1
5401600	1
5402400	1
5403200	1
5404000	1
5404800	1
5405600	1
5406400	1
5407200	1
5408000	1
5408800	1
5409600	1
5410400	1
5411200	1
5412000	1
5412800	1
5413600	1
5414400	1
5415200	1
5416000	1
5416800	1
5417600	1
5418400	1
5419200	1
5420000	1
5420800	1
5421600	1
5422400	1
5423200	1
5424000	1
5424800	1
5425600	1
5426400	1
5427200	1
5428000	1
5428800	1
5429600	1
5430400	1
5431200	1
5432000	1
5432800	1
5433600	1
5434400	1
5435200	1
5436000	1
5436800	1
5437600	1
5438400	1
5439200	1
5440000	1
5440800	1
5441600	1
5442400	1
5443200	1
5444000	1
5444800	1
5445600	1
5446400	1
5447200	1
5448000	1
5448800	1
5449600	1
5450400	1
5451200	1
5452000	1
5452800	1
5453600	1
5454400	0
5455200	1
5456000	1
5456800	1
5457600	1
5458400	1
5459200	1
5460000	1
5460800	1
5461600	1
5462400	1
5463200	1
5464000	1
5464800	1
5465600	1
5466400	1
5467200	1
5468000	1
5468800	1
5469600	1
5470400	1
5471200	1
5472000	1
5472800	1
5473600	1
5474400	1
5475200	1
5476000	1
5476800	1
5477600	1
5478400	1
5479200	1
5480000	1
5480800	1
5481600	1
5482400	1
5483200	1
5484000	1
5484800	1
5485600	1
5486400	1
5487200	1
5488000	1
5488800	1
5489600	1
5490400	1
5491200	1
5492000	1
5492800	1
5493600	1
5494400	1
5495200	1
5496000	1
5496800	1
5497600	1
5498400	1
5499200	1
5500000	1
5500800	1
5501600	1
5502400	1
5503200	1
5504000	1
5504800	1
5505600	1
5506400	1
5507200	1
5508000	1
5508800	1
5509600	1
5510400	1
5511200	1
5512000	1
5512800	1
5513600	1
5514400	1
5515200	1
5516000	1
5516800	1
5517600	1
5518400	1
5519200	1
5520000	1
5520800	1
5521600	1
5522400	1
5523200	1
5524000	1
5524800	1
5525600	1
5526400	1
5527200	1
5528000	1
5528800	1
5529600	1
5530400	1
5531200	1
5532000	1
5532800	1
5533600	1
5534400	1
5535200	1
5536000	1
5536800	1
5537600	1
5538400	1
5539200	1
5540000	1
5540800	1
5541600	1
5542400	1
5543200	1
5544000	1
5544800	1
5545600	1
5546400	1
5547200	1
5548000	1
5548800	1
5549600	1
5550400	1
5551200	1
5552000	1
5552800	1
5553600	1
5554400	1
5555200	1
5556000	1
5556800	1
5557600	1
5558400	1
5559200	1
5560000	1
5560800	1
5561600	1
5562400	0
5563200	1
5564000	1
5564800	1
5565600	1
5566400	1
5567200	1
5568000	1
5568800	1
5569600	1
5570400	1
5571200	1
5572000	1
5572800	1
5573600	0
5574400	1
5575200	1
5576000	1
5576800	1
5577600	1
5578400	1
5579200	1
5580000	1
5580800	1
5581600	1
5582400	1
5583200	1
5584000	1
5584800	1
5585600	1
5586400	1
5587200	1
5588000	1
5588800	1
5589600	1
5590400	1
5591200	1
5592000	1
5592800	1
5593600	1
5594400	1
5595200	1
5596000	1
5596800	1
5597600	1
5598400	1
5599200	1
5600000	1
5600800	1
5601600	1
5602400	1
5603200	1
5604000	1
5604800	0
5605600	1
5606400	1
5607200	1
5608000	1
5608800	1
5609600	1
5610400	1
5611200	1
5612000	1
5612800	1
5613600	1
5614400	1
5615200	1
5616000	1
5616800	1
5617600	1
5618400	1
5619200	1
5620000	1
5620800	1
5621600	1
5622400	1
5623200	1
5624000	1
5624800	1
5625600	1
5626400	1
5627200	0
5628000	1
5628800	1
5629600	1
5630400	1
5631200	1
5632000	1
5632800	1
5633600	1
5634400	1
5635200	1
5636000	1
5636800	1
5637600	1
5638400	1
5639200	1
5640000	1
5640800	1
5641600	1
5642400	1
5643200	1
5644000	1
5644800	1
5645600	1
5646400	1
5647200	1
5648000	1
5648800	1
5649600	1
5650400	1
5651200	1
5652000	0
5652800	1
5653600	1
5654400	1
5655200	1
5656000	1
5656800	1
5657600	1
5658400	1
5659200	1
5660000	1
5660800	1
5661600	1
5662400	1
5663200	1
5664000	1
5664800	1
5665600	1
5666400	1
5667200	1
5668000	1
5668800	1
5669600	1
5670400	1
5671200	1
5672000	1
5672800	1
5673600	1
5674400	1
5675200	1
5676000	1
5676800	1
5677600	1
5678400	1
5679200	1
5680000	1
5680800	1
5681600	1
5682400	1
5683200	1
5684000	1
5684800	1
5685600	1
5686400	1
5687200	1
5688000	1
5688800	1
5689600	1
5690400	1
5691200	1
5692000	1
5692800	1
5693600	1
5694400	1
5695200	1
5696000	1
5696800	1
5697600	1
5698400	1
5699200	1
5700000	1
5700800	1
5701600	1
5702400	1
5703200	1
5704000	1
5704800	1
5705600	1
5706400	1
5707200	1
5708000	1
5708800	1
5709600	1
5710400	1
5711200	1
5712000	1
5712800	1
5713600	1
5714400	1
5715200	1
5716000	1
5716800	1
5717600	1
5718400	1
5719200	1
5720000	1
5720800	1
5721600	1
5722400	1
5723200	1
5724000	1
5724800	1
5725600	1
5726400	1
5727200	1
5728000	1
5728800	1
5729600	1
5730400	1
5731200	1
5732000	1
5732800	1
5733600	1
5734400	1
5735200	1
5736000	1
5736800	1
5737600	1
5738400	1
5739200	1
5740000	1
5740800	1
5741600	1
5742400	1
5743200	1
5744000	1
5744800	1
5745600	1
5746400	1
5747200	1
5748000	1
5748800	1
5749600	1
5750400	1
5751200	1
5752000	1
5752800	1
5753600	1
5754400	1
5755200	1
5756000	1
5756800	1
5757600	1
5758400	1
5759200	1
5760000	1
5760800	1
5761600	1
5762400	1
5763200	1
5764000	1
5764800	1
5765600	1
5766400	1
5767200	1
5768000	1
5768800	1
5769600	1
5770400	1
5771200	1
5772000	1
5772800	1
5773600	1
5774400	1
5775200	1
5776000	1
5776800	1
5777600	1
5778400	1
5779200	1
5780000	1
5780800	1
5781600	1
5782400	1
5783200	1
5784000	1
5784800	1
5785600	1
5786400	1
5787200	1
5788000	1
5788800	1
5789600	1
5790400	1
5791200	1
5792000	1
5792800	1
5793600	1
5794400	1
5795200	1
5796000	1
5796800	1
5797600	1
5798400	1
5799200	1
5800000	1
5800800	1
5801600	1
5802400	1
5803200	1
5804000	1
5804800	1
5805600	1
5806400	1
5807200	1
5808000	1
5808800	1
5809600	1
5810400	1
5811200	1
5812000	1
5812800	1
5813600	1
5814400	1
5815200	1
5816000	1
5816800	1
5817600	1
5818400	1
5819200	1
5820000	1
5820800	1
5821600	1
5822400	1
5823200	1
5824000	1
5824800	1
5825600	1
5826400	1
5827200	1
5828000	1
5828800	1
5829600	1
5830400	1
5831200	1
5832000	0
5832800	1
5833600	1
5834400	1
5835200	1
5836000	1
5836800	0
5837600	1
5838400	1
5839200	1
5840000	1
5840800	1
5841600	1
5842400	1
5843200	1
5844000	1
5844800	1
5845600	1
5846400	1
5847200	1
5848000	1
5848800	1
5849600	1
5850400	1
5851200	1
5852000	1
5852800	1
5853600	1
5854400	0
5855200	1
5856000	1
5856800	1
5857600	1
5858400	1
5859200	1
5860000	1
5860800	1
5861600	1
5862400	1
5863200	1
5864000	1
5864800	1
5865600	1
5866400	1
5867200	1
5868000	1
5868800	1
5869600	1
5870400	1
5871200	1
5872000	1
5872800	1
5873600	1
5874400	1
5875200	1
5876000	1
5876800	1
5877600	1
5878400	1
5879200	1
5880000	1
5880800	1
5881600	1
5882400	1
5883200	1
5884000	1
5884800	1
5885600	1
5886400	1
5887200	1
5888000	1
5888800	0
5889600	1
5890400	1
5891200	1
5892000	1
5892800	1
5893600	1
5894400	1
5895200	1
5896000	1
5896800	1
5897600	1
5898400	1
5899200	1
5900000	1
5900800	1
5901600	1
5902400	1
5903200	1
5904000	1
5904800	1
5905600	1
5906400	1
5907200	1
5908000	1
5908800	1
5909600	1
5910400	1
5911200	1
5912000	1
5912800	1
5913600	1
5914400	1
5915200	1
5916000	1
5916800	1
5917600	1
5918400	1
5919200	1
5920000	1
5920800	1
5921600	1
5922400	1
5923200	1
5924000	1
5924800	1
5925600	0
5926400	1
5927200	1
5928000	1
5928800	1
5929600	1
5930400	1
5931200	1
5932000	1
5932800	1
5933600	1
5934400	1
5935200	1
5936000	1
5936800	1
5937600	1
5938400	1
5939200	1
5940000	1
5940800	1
5941600	1
5942400	1
5943200	1
5944000	1
5944800	1
5945600	1
5946400	1
5947200	1
5948000	1
5948800	1
5949600	1
5950400	1
5951200	1
5952000	1
5952800	1
5953600	1
5954400	1
5955200	1
5956000	1
5956800	1
5957600	1
5958400	1
5959200	1
5960000	1
5960800	1
5961600	1
5962400	1
5963200	1
5964000	1
5964800	1
5965600	1
5966400	1
5967200	1
5968000	1
5968800	1
5969600	1
5970400	1
5971200	1
5972000	1
5972800	1
5973600	1
5974400	1
5975200	1
5976000	1
5976800	1
5977600	1
5978400	1
5979200	1
5980000	0
5980800	1
5981600	1
5982400	1
5983200	1
5984000	1
5984800	1
5985600	1
5986400	1
5987200	1
5988000	1
5988800	1
5989600	1
5990400	1
5991200	1
5992000	1
5992800	1
5993600	1
5994400	1
5995200	1
5996000	1
5996800	1
5997600	1
5998400	1
5999200	1
6000000	1
