Test step	Reward
800	0
1600	0
2400	0
3200	0
4000	0
4800	0
5600	0
6400	0
7200	0
8000	0
8800	0
9600	0
10400	0
11200	0
12000	0
12800	0
13600	0
14400	0
15200	0
16000	0
16800	0
17600	0
18400	0
19200	0
20000	0
20800	0
21600	0
22400	0
23200	0
24000	0
24800	0
25600	0
26400	0
27200	0
28000	0
28800	0
29600	0
30400	0
31200	0
32000	0
32800	0
33600	0
34400	0
35200	0
36000	0
36800	0
37600	0
38400	0
39200	0
40000	0
40800	0
41600	0
42400	0
43200	0
44000	0
44800	0
45600	0
46400	0
47200	0
48000	0
48800	0
49600	0
50400	0
51200	0
52000	0
52800	0
53600	0
54400	0
55200	0
56000	0
56800	0
57600	0
58400	0
59200	0
60000	0
60800	0
61600	0
62400	0
63200	0
64000	0
64800	0
65600	0
66400	0
67200	0
68000	0
68800	0
69600	0
70400	0
71200	0
72000	0
72800	0
73600	0
74400	0
75200	0
76000	0
76800	0
77600	0
78400	0
79200	0
80000	0
80800	0
81600	0
82400	0
83200	0
84000	0
84800	0
85600	0
86400	0
87200	0
88000	0
88800	0
89600	0
90400	0
91200	0
92000	0
92800	0
93600	0
94400	0
95200	0
96000	0
96800	0
97600	0
98400	0
99200	0
100000	0
100800	0
101600	0
102400	0
103200	0
104000	0
104800	0
105600	0
106400	0
107200	0
108000	0
108800	0
109600	0
110400	0
111200	0
112000	0
112800	0
113600	0
114400	0
115200	0
116000	0
116800	0
117600	0
118400	0
119200	0
120000	0
120800	0
121600	0
122400	0
123200	0
124000	0
124800	0
125600	0
126400	0
127200	0
128000	0
128800	0
129600	0
130400	0
131200	0
132000	0
132800	0
133600	0
134400	0
135200	0
136000	0
136800	0
137600	0
138400	0
139200	0
140000	0
140800	0
141600	0
142400	0
143200	0
144000	0
144800	0
145600	0
146400	0
147200	0
148000	0
148800	0
149600	0
150400	0
151200	0
152000	0
152800	0
153600	0
154400	0
155200	0
156000	0
156800	0
157600	0
158400	0
159200	0
160000	0
160800	0
161600	0
162400	0
163200	0
164000	0
164800	0
165600	0
166400	0
167200	0
168000	0
168800	0
169600	0
170400	0
171200	0
172000	0
172800	0
173600	0
174400	0
175200	0
176000	0
176800	0
177600	0
178400	0
179200	0
180000	0
180800	0
181600	0
182400	0
183200	0
184000	0
184800	0
185600	0
186400	0
187200	0
188000	0
188800	0
189600	0
190400	0
191200	0
192000	0
192800	0
193600	0
194400	0
195200	0
196000	0
196800	0
197600	0
198400	0
199200	0
200000	0
200800	0
201600	0
202400	0
203200	0
204000	0
204800	0
205600	0
206400	0
207200	0
208000	0
208800	0
209600	0
210400	0
211200	0
212000	0
212800	0
213600	0
214400	0
215200	0
216000	0
216800	0
217600	0
218400	0
219200	0
220000	0
220800	0
221600	0
222400	0
223200	0
224000	0
224800	0
225600	0
226400	0
227200	0
228000	0
228800	0
229600	0
230400	0
231200	0
232000	0
232800	0
233600	0
234400	0
235200	0
236000	0
236800	0
237600	0
238400	0
239200	0
240000	0
240800	0
241600	0
242400	0
243200	0
244000	0
244800	0
245600	0
246400	0
247200	0
248000	0
248800	0
249600	0
250400	0
251200	0
252000	0
252800	0
253600	0
254400	0
255200	0
256000	0
256800	0
257600	0
258400	0
259200	0
260000	0
260800	0
261600	0
262400	0
263200	0
264000	0
264800	0
265600	1
266400	0
267200	0
268000	0
268800	0
269600	0
270400	0
271200	0
272000	0
272800	1
273600	0
274400	0
275200	0
276000	0
276800	0
277600	0
278400	1
279200	0
280000	0
280800	0
281600	0
282400	0
283200	1
284000	1
284800	0
285600	0
286400	1
287200	0
288000	0
288800	0
289600	0
290400	1
291200	0
292000	0
292800	0
293600	0
294400	0
295200	1
296000	1
296800	0
297600	0
298400	0
299200	0
300000	0
300800	0
301600	0
302400	1
303200	0
304000	0
304800	0
305600	0
306400	1
307200	0
308000	0
308800	0
309600	0
310400	0
311200	0
312000	1
312800	0
313600	0
314400	0
315200	1
316000	1
316800	0
317600	0
318400	1
319200	0
320000	0
320800	0
321600	0
322400	0
323200	1
324000	0
324800	0
325600	0
326400	1
327200	1
328000	1
328800	1
329600	0
330400	1
331200	0
332000	0
332800	0
333600	0
334400	1
335200	0
336000	0
336800	1
337600	1
338400	1
339200	1
340000	0
340800	1
341600	0
342400	1
343200	1
344000	0
344800	0
345600	1
346400	1
347200	0
348000	0
348800	1
349600	0
350400	0
351200	1
352000	1
352800	0
353600	1
354400	1
355200	0
356000	1
356800	1
357600	1
358400	0
359200	1
360000	0
360800	0
361600	1
362400	1
363200	1
364000	1
364800	1
365600	1
366400	0
367200	1
368000	1
368800	1
369600	1
370400	0
371200	1
372000	0
372800	0
373600	0
374400	1
375200	0
376000	0
376800	1
377600	0
378400	1
379200	1
380000	1
380800	0
381600	1
382400	1
383200	1
384000	1
384800	1
385600	1
386400	1
387200	1
388000	0
388800	0
389600	1
390400	0
391200	0
392000	1
392800	0
393600	1
394400	0
395200	1
396000	1
396800	1
397600	1
398400	0
399200	1
400000	1
400800	1
401600	1
402400	1
403200	0
404000	1
404800	1
405600	1
406400	1
407200	0
408000	1
408800	1
409600	0
410400	0
411200	0
412000	0
412800	0
413600	0
414400	0
415200	0
416000	0
416800	0
417600	0
418400	0
419200	0
420000	0
420800	0
421600	0
422400	0
423200	0
424000	0
424800	0
425600	0
426400	0
427200	0
428000	0
428800	0
429600	0
430400	0
431200	0
432000	0
432800	0
433600	0
434400	0
435200	0
436000	0
436800	0
437600	0
438400	0
439200	0
440000	0
440800	0
441600	0
442400	0
443200	0
444000	0
444800	0
445600	0
446400	0
447200	0
448000	0
448800	0
449600	0
450400	0
451200	0
452000	0
452800	0
453600	0
454400	0
455200	0
456000	0
456800	0
457600	0
458400	0
459200	0
460000	0
460800	0
461600	0
462400	0
463200	0
464000	0
464800	0
465600	0
466400	0
467200	0
468000	0
468800	0
469600	0
470400	0
471200	0
472000	0
472800	0
473600	0
474400	0
475200	0
476000	0
476800	0
477600	0
478400	0
479200	0
480000	0
480800	0
481600	0
482400	0
483200	0
484000	0
484800	0
485600	0
486400	0
487200	0
488000	0
488800	0
489600	0
490400	0
491200	0
492000	0
492800	0
493600	0
494400	0
495200	0
496000	0
496800	0
497600	0
498400	0
499200	0
500000	0
500800	0
501600	0
502400	0
503200	0
504000	0
504800	0
505600	0
506400	0
507200	0
508000	0
508800	0
509600	0
510400	0
511200	0
512000	0
512800	0
513600	0
514400	0
515200	0
516000	0
516800	0
517600	0
518400	0
519200	0
520000	0
520800	0
521600	0
522400	0
523200	0
524000	0
524800	0
525600	0
526400	0
527200	0
528000	0
528800	0
529600	0
530400	0
531200	0
532000	0
532800	0
533600	0
534400	0
535200	0
536000	0
536800	0
537600	0
538400	0
539200	0
540000	0
540800	0
541600	0
542400	0
543200	0
544000	0
544800	0
545600	0
546400	0
547200	0
548000	0
548800	0
549600	0
550400	0
551200	0
552000	0
552800	0
553600	0
554400	1
555200	1
556000	0
556800	0
557600	1
558400	0
559200	0
560000	1
560800	0
561600	0
562400	0
563200	0
564000	1
564800	0
565600	0
566400	0
567200	1
568000	0
568800	1
569600	1
570400	0
571200	0
572000	0
572800	1
573600	0
574400	0
575200	0
576000	1
576800	0
577600	0
578400	0
579200	0
580000	0
580800	1
581600	0
582400	1
583200	0
584000	0
584800	0
585600	0
586400	0
587200	0
588000	0
588800	1
589600	0
590400	0
591200	0
592000	0
592800	0
593600	0
594400	0
595200	0
596000	0
596800	1
597600	1
598400	0
599200	0
600000	1
600800	0
601600	0
602400	0
603200	0
604000	1
604800	0
605600	0
606400	1
607200	1
608000	1
608800	0
609600	0
610400	0
611200	1
612000	0
612800	0
613600	0
614400	0
615200	1
616000	1
616800	0
617600	1
618400	0
619200	0
620000	1
620800	1
621600	1
622400	0
623200	0
624000	0
624800	0
625600	1
626400	1
627200	1
628000	0
628800	1
629600	1
630400	1
631200	1
632000	0
632800	0
633600	1
634400	1
635200	1
636000	0
636800	0
637600	1
638400	1
639200	1
640000	1
640800	1
641600	1
642400	0
643200	1
644000	1
644800	1
645600	1
646400	1
647200	0
648000	1
648800	1
649600	1
650400	1
651200	1
652000	1
652800	1
653600	1
654400	1
655200	1
656000	1
656800	1
657600	1
658400	1
659200	1
660000	1
660800	1
661600	0
662400	0
663200	1
664000	1
664800	1
665600	1
666400	1
667200	1
668000	1
668800	0
669600	0
670400	0
671200	1
672000	1
672800	0
673600	1
674400	0
675200	0
676000	1
676800	1
677600	0
678400	1
679200	1
680000	0
680800	1
681600	1
682400	1
683200	1
684000	1
684800	1
685600	1
686400	1
687200	0
688000	1
688800	1
689600	1
690400	1
691200	1
692000	1
692800	1
693600	1
694400	0
695200	0
696000	1
696800	0
697600	0
698400	1
699200	1
700000	0
700800	0
701600	1
702400	1
703200	1
704000	1
704800	0
705600	0
706400	0
707200	1
708000	0
708800	0
709600	0
710400	0
711200	1
712000	0
712800	1
713600	1
714400	0
715200	1
716000	0
716800	1
717600	1
718400	0
719200	1
720000	1
720800	0
721600	1
722400	0
723200	0
724000	0
724800	0
725600	1
726400	1
727200	1
728000	0
728800	0
729600	0
730400	0
731200	0
732000	0
732800	0
733600	0
734400	0
735200	1
736000	1
736800	0
737600	0
738400	1
739200	1
740000	0
740800	1
741600	0
742400	0
743200	1
744000	0
744800	1
745600	0
746400	1
747200	0
748000	0
748800	1
749600	1
750400	0
751200	0
752000	0
752800	0
753600	0
754400	1
755200	1
756000	1
756800	0
757600	1
758400	0
759200	0
760000	0
760800	1
761600	0
762400	0
763200	0
764000	0
764800	0
765600	1
766400	0
767200	1
768000	0
768800	0
769600	0
770400	1
771200	1
772000	0
772800	1
773600	0
774400	0
775200	0
776000	0
776800	0
777600	1
778400	1
779200	0
780000	0
780800	0
781600	0
782400	1
783200	0
784000	1
784800	0
785600	0
786400	0
787200	1
788000	1
788800	0
789600	0
790400	1
791200	0
792000	0
792800	0
793600	0
794400	1
795200	1
796000	0
796800	1
797600	1
798400	0
799200	1
800000	0
800800	1
801600	0
802400	1
803200	0
804000	1
804800	1
805600	1
806400	1
807200	0
808000	0
808800	0
809600	1
810400	0
811200	1
812000	0
812800	0
813600	1
814400	1
815200	1
816000	0
816800	1
817600	0
818400	0
819200	1
820000	0
820800	0
821600	1
822400	0
823200	1
824000	1
824800	1
825600	0
826400	0
827200	0
828000	0
828800	0
829600	1
830400	0
831200	1
832000	1
832800	0
833600	0
834400	1
835200	0
836000	0
836800	0
837600	0
838400	0
839200	0
840000	0
840800	0
841600	1
842400	0
843200	0
844000	0
844800	0
845600	1
846400	0
847200	0
848000	0
848800	0
849600	1
850400	0
851200	1
852000	0
852800	0
853600	0
854400	1
855200	0
856000	0
856800	1
857600	0
858400	0
859200	0
860000	1
860800	1
861600	0
862400	1
863200	1
864000	1
864800	1
865600	0
866400	0
867200	0
868000	0
868800	1
869600	1
870400	1
871200	0
872000	1
872800	1
873600	1
874400	0
875200	0
876000	0
876800	0
877600	0
878400	0
879200	0
880000	0
880800	1
881600	1
882400	0
883200	0
884000	1
884800	1
885600	0
886400	0
887200	1
888000	0
888800	0
889600	0
890400	0
891200	0
892000	0
892800	1
893600	0
894400	1
895200	1
896000	1
896800	0
897600	0
898400	1
899200	0
900000	0
900800	0
901600	1
902400	0
903200	0
904000	0
904800	1
905600	0
906400	1
907200	1
908000	1
908800	0
909600	0
910400	0
911200	1
912000	1
912800	1
913600	0
914400	1
915200	0
916000	0
916800	0
917600	1
918400	0
919200	0
920000	0
920800	0
921600	0
922400	1
923200	1
924000	1
924800	0
925600	0
926400	1
927200	0
928000	0
928800	1
929600	0
930400	1
931200	0
932000	1
932800	0
933600	1
934400	0
935200	1
936000	1
936800	0
937600	0
938400	0
939200	1
940000	1
940800	1
941600	1
942400	1
943200	0
944000	0
944800	1
945600	0
946400	1
947200	1
948000	0
948800	1
949600	1
950400	0
951200	0
952000	0
952800	0
953600	0
954400	1
955200	0
956000	0
956800	0
957600	0
958400	0
959200	0
960000	0
960800	0
961600	1
962400	1
963200	1
964000	0
964800	1
965600	1
966400	0
967200	1
968000	1
968800	1
969600	0
970400	1
971200	0
972000	1
972800	0
973600	1
974400	0
975200	1
976000	1
976800	1
977600	1
978400	1
979200	1
980000	1
980800	0
981600	1
982400	1
983200	0
984000	1
984800	0
985600	1
986400	0
987200	0
988000	1
988800	1
989600	1
990400	0
991200	0
992000	0
992800	1
993600	0
994400	0
995200	0
996000	1
996800	1
997600	0
998400	1
999200	1
1000000	0
1000800	0
1001600	0
1002400	0
1003200	1
1004000	1
1004800	0
1005600	0
1006400	0
1007200	0
1008000	1
1008800	0
1009600	1
1010400	1
1011200	0
1012000	0
1012800	1
1013600	1
1014400	1
1015200	0
1016000	0
1016800	0
1017600	1
1018400	1
1019200	1
1020000	0
1020800	0
1021600	1
1022400	0
1023200	1
1024000	0
1024800	0
1025600	1
1026400	1
1027200	0
1028000	0
1028800	0
1029600	0
1030400	0
1031200	0
1032000	1
1032800	1
1033600	1
1034400	0
1035200	1
1036000	1
1036800	1
1037600	1
1038400	1
1039200	0
1040000	0
1040800	1
1041600	1
1042400	1
1043200	1
1044000	0
1044800	1
1045600	1
1046400	0
1047200	0
1048000	1
1048800	0
1049600	1
1050400	1
1051200	1
1052000	1
1052800	1
1053600	1
1054400	1
1055200	0
1056000	1
1056800	0
1057600	0
1058400	1
1059200	1
1060000	0
1060800	0
1061600	0
1062400	0
1063200	1
1064000	0
1064800	1
1065600	1
1066400	0
1067200	0
1068000	0
1068800	1
1069600	1
1070400	1
1071200	1
1072000	1
1072800	0
1073600	1
1074400	0
1075200	0
1076000	1
1076800	1
1077600	0
1078400	1
1079200	1
1080000	0
1080800	0
1081600	0
1082400	0
1083200	1
1084000	1
1084800	1
1085600	1
1086400	1
1087200	0
1088000	0
1088800	1
1089600	0
1090400	0
1091200	1
1092000	0
1092800	1
1093600	1
1094400	1
1095200	1
1096000	0
1096800	0
1097600	1
1098400	1
1099200	0
1100000	0
1100800	0
1101600	1
1102400	1
1103200	1
1104000	1
1104800	1
1105600	0
1106400	0
1107200	0
1108000	1
1108800	0
1109600	0
1110400	1
1111200	1
1112000	0
1112800	0
1113600	0
1114400	0
1115200	0
1116000	0
1116800	0
1117600	1
1118400	1
1119200	0
1120000	0
1120800	0
1121600	1
1122400	1
1123200	0
1124000	0
1124800	1
1125600	1
1126400	0
1127200	0
1128000	1
1128800	1
1129600	1
1130400	1
1131200	1
1132000	1
1132800	0
1133600	0
1134400	0
1135200	1
1136000	1
1136800	0
1137600	0
1138400	1
1139200	1
1140000	1
1140800	0
1141600	0
1142400	1
1143200	0
1144000	1
1144800	1
1145600	1
1146400	0
1147200	0
1148000	0
1148800	1
1149600	1
1150400	0
1151200	0
1152000	1
1152800	0
1153600	0
1154400	0
1155200	0
1156000	1
1156800	0
1157600	1
1158400	0
1159200	1
1160000	0
1160800	1
1161600	0
1162400	0
1163200	0
1164000	0
1164800	0
1165600	0
1166400	1
1167200	1
1168000	0
1168800	1
1169600	1
1170400	0
1171200	1
1172000	1
1172800	0
1173600	0
1174400	0
1175200	0
1176000	1
1176800	1
1177600	0
1178400	0
1179200	0
1180000	1
1180800	0
1181600	1
1182400	1
1183200	1
1184000	0
1184800	1
1185600	1
1186400	1
1187200	0
1188000	0
1188800	1
1189600	0
1190400	1
1191200	0
1192000	0
1192800	1
1193600	0
1194400	1
1195200	1
1196000	1
1196800	1
1197600	1
1198400	0
1199200	0
1200000	0
1200800	1
1201600	0
1202400	1
1203200	1
1204000	1
1204800	1
1205600	0
1206400	0
1207200	1
1208000	1
1208800	0
1209600	0
1210400	1
1211200	1
1212000	0
1212800	1
1213600	1
1214400	1
1215200	0
1216000	0
1216800	0
1217600	0
1218400	0
1219200	0
1220000	0
1220800	0
1221600	1
1222400	1
1223200	0
1224000	0
1224800	0
1225600	0
1226400	1
1227200	1
1228000	0
1228800	1
1229600	1
1230400	0
1231200	1
1232000	0
1232800	1
1233600	1
1234400	1
1235200	1
1236000	1
1236800	0
1237600	1
1238400	0
1239200	0
1240000	0
1240800	0
1241600	1
1242400	1
1243200	0
1244000	1
1244800	0
1245600	0
1246400	0
1247200	1
1248000	1
1248800	0
1249600	1
1250400	1
1251200	0
1252000	1
1252800	0
1253600	1
1254400	0
1255200	0
1256000	1
1256800	0
1257600	1
1258400	0
1259200	0
1260000	1
1260800	1
1261600	1
1262400	1
1263200	0
1264000	1
1264800	1
1265600	0
1266400	0
1267200	0
1268000	1
1268800	0
1269600	0
1270400	0
1271200	1
1272000	1
1272800	1
1273600	0
1274400	0
1275200	0
1276000	0
1276800	0
1277600	1
1278400	0
1279200	0
1280000	1
1280800	1
1281600	0
1282400	1
1283200	1
1284000	1
1284800	0
1285600	0
1286400	0
1287200	1
1288000	1
1288800	0
1289600	1
1290400	1
1291200	0
1292000	1
1292800	0
1293600	1
1294400	1
1295200	1
1296000	1
1296800	1
1297600	0
1298400	1
1299200	0
1300000	1
1300800	1
1301600	1
1302400	1
1303200	0
1304000	1
1304800	0
1305600	0
1306400	0
1307200	0
1308000	0
1308800	0
1309600	0
1310400	0
1311200	1
1312000	1
1312800	0
1313600	1
1314400	1
1315200	0
1316000	0
1316800	0
1317600	1
1318400	1
1319200	0
1320000	1
1320800	1
1321600	1
1322400	1
1323200	1
1324000	0
1324800	0
1325600	1
1326400	0
1327200	0
1328000	1
1328800	1
1329600	0
1330400	1
1331200	0
1332000	0
1332800	1
1333600	1
1334400	1
1335200	0
1336000	1
1336800	1
1337600	0
1338400	1
1339200	1
1340000	0
1340800	1
1341600	1
1342400	0
1343200	1
1344000	0
1344800	0
1345600	1
1346400	0
1347200	0
1348000	0
1348800	0
1349600	0
1350400	1
1351200	0
1352000	0
1352800	0
1353600	0
1354400	1
1355200	0
1356000	0
1356800	1
1357600	0
1358400	1
1359200	1
1360000	1
1360800	0
1361600	1
1362400	1
1363200	1
1364000	0
1364800	1
1365600	0
1366400	0
1367200	0
1368000	1
1368800	1
1369600	0
1370400	1
1371200	1
1372000	0
1372800	1
1373600	0
1374400	1
1375200	0
1376000	0
1376800	1
1377600	1
1378400	0
1379200	0
1380000	1
1380800	0
1381600	0
1382400	0
1383200	1
1384000	1
1384800	0
1385600	0
1386400	0
1387200	0
1388000	0
1388800	0
1389600	0
1390400	0
1391200	0
1392000	0
1392800	1
1393600	1
1394400	0
1395200	0
1396000	1
1396800	0
1397600	0
1398400	0
1399200	0
1400000	0
1400800	1
1401600	1
1402400	1
1403200	1
1404000	1
1404800	1
1405600	0
1406400	1
1407200	0
1408000	0
1408800	0
1409600	1
1410400	0
1411200	0
1412000	0
1412800	1
1413600	1
1414400	1
1415200	1
1416000	0
1416800	0
1417600	1
1418400	1
1419200	0
1420000	1
1420800	0
1421600	0
1422400	0
1423200	1
1424000	0
1424800	0
1425600	0
1426400	0
1427200	1
1428000	0
1428800	1
1429600	1
1430400	0
1431200	0
1432000	0
1432800	1
1433600	0
1434400	1
1435200	0
1436000	1
1436800	1
1437600	0
1438400	0
1439200	0
1440000	0
1440800	0
1441600	0
1442400	0
1443200	0
1444000	0
1444800	0
1445600	0
1446400	0
1447200	0
1448000	1
1448800	0
1449600	0
1450400	0
1451200	0
1452000	0
1452800	0
1453600	1
1454400	1
1455200	1
1456000	1
1456800	1
1457600	1
1458400	0
1459200	0
1460000	0
1460800	1
1461600	0
1462400	0
1463200	1
1464000	0
1464800	0
1465600	0
1466400	0
1467200	0
1468000	1
1468800	1
1469600	1
1470400	0
1471200	0
1472000	0
1472800	0
1473600	0
1474400	0
1475200	1
1476000	0
1476800	1
1477600	0
1478400	1
1479200	0
1480000	1
1480800	0
1481600	0
1482400	1
1483200	0
1484000	1
1484800	1
1485600	0
1486400	1
1487200	0
1488000	1
1488800	0
1489600	1
1490400	0
1491200	1
1492000	0
1492800	0
1493600	1
1494400	0
1495200	0
1496000	0
1496800	0
1497600	0
1498400	1
1499200	1
1500000	1
1500800	1
1501600	1
1502400	0
1503200	1
1504000	0
1504800	1
1505600	0
1506400	0
1507200	0
1508000	1
1508800	0
1509600	1
1510400	0
1511200	1
1512000	0
1512800	1
1513600	1
1514400	0
1515200	0
1516000	1
1516800	1
1517600	0
1518400	1
1519200	1
1520000	1
1520800	1
1521600	0
1522400	1
1523200	0
1524000	0
1524800	0
1525600	1
1526400	1
1527200	0
1528000	0
1528800	0
1529600	1
1530400	0
1531200	1
1532000	0
1532800	0
1533600	1
1534400	0
1535200	1
1536000	1
1536800	0
1537600	0
1538400	0
1539200	1
1540000	1
1540800	0
1541600	1
1542400	1
1543200	0
1544000	1
1544800	1
1545600	0
1546400	0
1547200	0
1548000	0
1548800	0
1549600	0
1550400	0
1551200	0
1552000	0
1552800	1
1553600	0
1554400	0
1555200	1
1556000	0
1556800	1
1557600	0
1558400	0
1559200	0
1560000	1
1560800	1
1561600	1
1562400	0
1563200	1
1564000	1
1564800	1
1565600	0
1566400	1
1567200	1
1568000	0
1568800	0
1569600	0
1570400	0
1571200	0
1572000	0
1572800	0
1573600	1
1574400	1
1575200	1
1576000	1
1576800	0
1577600	1
1578400	1
1579200	0
1580000	0
1580800	1
1581600	0
1582400	1
1583200	1
1584000	0
1584800	1
1585600	0
1586400	1
1587200	1
1588000	0
1588800	1
1589600	0
1590400	0
1591200	0
1592000	1
1592800	1
1593600	1
1594400	0
1595200	1
1596000	0
1596800	0
1597600	0
1598400	1
1599200	1
1600000	0
1600800	0
1601600	1
1602400	0
1603200	0
1604000	1
1604800	1
1605600	1
1606400	0
1607200	0
1608000	1
1608800	0
1609600	0
1610400	0
1611200	1
1612000	0
1612800	1
1613600	0
1614400	0
1615200	1
1616000	1
1616800	0
1617600	0
1618400	0
1619200	0
1620000	0
1620800	0
1621600	0
1622400	0
1623200	0
1624000	1
1624800	0
1625600	0
1626400	1
1627200	0
1628000	1
1628800	1
1629600	1
1630400	1
1631200	0
1632000	0
1632800	0
1633600	1
1634400	1
1635200	0
1636000	0
1636800	0
1637600	1
1638400	0
1639200	0
1640000	0
1640800	1
1641600	1
1642400	0
1643200	0
1644000	1
1644800	1
1645600	1
1646400	0
1647200	1
1648000	0
1648800	0
1649600	0
1650400	0
1651200	0
1652000	0
1652800	0
1653600	1
1654400	0
1655200	0
1656000	0
1656800	0
1657600	0
1658400	0
1659200	1
1660000	0
1660800	0
1661600	0
1662400	0
1663200	0
1664000	0
1664800	1
1665600	1
1666400	1
1667200	0
1668000	1
1668800	1
1669600	1
1670400	0
1671200	1
1672000	1
1672800	0
1673600	0
1674400	0
1675200	1
1676000	0
1676800	1
1677600	0
1678400	0
1679200	1
1680000	0
1680800	0
1681600	0
1682400	0
1683200	1
1684000	1
1684800	1
1685600	0
1686400	0
1687200	1
1688000	0
1688800	1
1689600	1
1690400	0
1691200	0
1692000	0
1692800	0
1693600	0
1694400	1
1695200	0
1696000	1
1696800	0
1697600	0
1698400	1
1699200	0
1700000	0
1700800	0
1701600	0
1702400	1
1703200	0
1704000	1
1704800	1
1705600	0
1706400	0
1707200	1
1708000	0
1708800	0
1709600	1
1710400	1
1711200	0
1712000	0
1712800	1
1713600	0
1714400	0
1715200	0
1716000	0
1716800	0
1717600	0
1718400	0
1719200	0
1720000	0
1720800	1
1721600	0
1722400	1
1723200	0
1724000	0
1724800	1
1725600	1
1726400	0
1727200	1
1728000	0
1728800	0
1729600	0
1730400	0
1731200	1
1732000	0
1732800	0
1733600	0
1734400	0
1735200	1
1736000	0
1736800	0
1737600	0
1738400	0
1739200	0
1740000	0
1740800	1
1741600	0
1742400	0
1743200	1
1744000	0
1744800	1
1745600	0
1746400	1
1747200	0
1748000	0
1748800	0
1749600	1
1750400	0
1751200	0
1752000	0
1752800	0
1753600	1
1754400	1
1755200	0
1756000	0
1756800	0
1757600	0
1758400	0
1759200	0
1760000	1
1760800	0
1761600	0
1762400	0
1763200	0
1764000	1
1764800	0
1765600	0
1766400	1
1767200	1
1768000	0
1768800	0
1769600	0
1770400	1
1771200	0
1772000	0
1772800	1
1773600	0
1774400	1
1775200	0
1776000	0
1776800	1
1777600	0
1778400	0
1779200	0
1780000	0
1780800	0
1781600	1
1782400	0
1783200	0
1784000	0
1784800	0
1785600	0
1786400	0
1787200	0
1788000	0
1788800	1
1789600	1
1790400	0
1791200	0
1792000	1
1792800	1
1793600	0
1794400	0
1795200	1
1796000	1
1796800	0
1797600	0
1798400	1
1799200	1
1800000	1
1800800	0
1801600	1
1802400	1
1803200	0
1804000	1
1804800	0
1805600	0
1806400	1
1807200	0
1808000	0
1808800	1
1809600	0
1810400	0
1811200	0
1812000	0
1812800	0
1813600	1
1814400	0
1815200	0
1816000	0
1816800	1
1817600	0
1818400	0
1819200	0
1820000	0
1820800	0
1821600	0
1822400	1
1823200	0
1824000	1
1824800	1
1825600	1
1826400	0
1827200	0
1828000	1
1828800	0
1829600	0
1830400	1
1831200	1
1832000	0
1832800	0
1833600	0
1834400	1
1835200	1
1836000	0
1836800	0
1837600	0
1838400	0
1839200	1
1840000	0
1840800	0
1841600	0
1842400	1
1843200	1
1844000	1
1844800	0
1845600	1
1846400	0
1847200	1
1848000	0
1848800	1
1849600	0
1850400	1
1851200	1
1852000	0
1852800	0
1853600	1
1854400	1
1855200	1
1856000	0
1856800	1
1857600	0
1858400	0
1859200	1
1860000	1
1860800	1
1861600	1
1862400	0
1863200	0
1864000	0
1864800	0
1865600	0
1866400	0
1867200	1
1868000	0
1868800	0
1869600	0
1870400	0
1871200	0
1872000	0
1872800	1
1873600	0
1874400	1
1875200	0
1876000	1
1876800	1
1877600	0
1878400	0
1879200	0
1880000	1
1880800	0
1881600	1
1882400	1
1883200	1
1884000	0
1884800	0
1885600	1
1886400	0
1887200	0
1888000	1
1888800	0
1889600	1
1890400	0
1891200	0
1892000	0
1892800	1
1893600	0
1894400	0
1895200	1
1896000	1
1896800	0
1897600	1
1898400	1
1899200	0
1900000	1
1900800	1
1901600	0
1902400	0
1903200	1
1904000	0
1904800	1
1905600	1
1906400	0
1907200	0
1908000	0
1908800	1
1909600	0
1910400	1
1911200	0
1912000	1
1912800	1
1913600	0
1914400	0
1915200	1
1916000	0
1916800	1
1917600	0
1918400	1
1919200	0
1920000	1
1920800	1
1921600	0
1922400	0
1923200	1
1924000	1
1924800	1
1925600	0
1926400	1
1927200	1
1928000	0
1928800	1
1929600	1
1930400	1
1931200	0
1932000	1
1932800	1
1933600	0
1934400	0
1935200	0
1936000	0
1936800	1
1937600	0
1938400	0
1939200	0
1940000	1
1940800	0
1941600	0
1942400	1
1943200	0
1944000	0
1944800	1
1945600	0
1946400	0
1947200	1
1948000	0
1948800	0
1949600	0
1950400	1
1951200	1
1952000	1
1952800	0
1953600	0
1954400	0
1955200	0
1956000	0
1956800	1
1957600	1
1958400	1
1959200	0
1960000	0
1960800	0
1961600	1
1962400	0
1963200	1
1964000	1
1964800	0
1965600	1
1966400	1
1967200	0
1968000	1
1968800	1
1969600	0
1970400	1
1971200	0
1972000	0
1972800	1
1973600	1
1974400	0
1975200	0
1976000	0
1976800	0
1977600	1
1978400	1
1979200	1
1980000	0
1980800	0
1981600	1
1982400	0
1983200	1
1984000	1
1984800	0
1985600	1
1986400	1
1987200	0
1988000	1
1988800	1
1989600	1
1990400	0
1991200	1
1992000	0
1992800	0
1993600	0
1994400	1
1995200	0
1996000	1
1996800	1
1997600	0
1998400	1
1999200	0
2000000	0
2000800	0
2001600	1
2002400	0
2003200	0
2004000	0
2004800	1
2005600	0
2006400	0
2007200	1
2008000	0
2008800	0
2009600	0
2010400	1
2011200	0
2012000	0
2012800	1
2013600	1
2014400	0
2015200	1
2016000	0
2016800	0
2017600	1
2018400	0
2019200	1
2020000	0
2020800	0
2021600	1
2022400	1
2023200	0
2024000	1
2024800	0
2025600	0
2026400	0
2027200	0
2028000	1
2028800	1
2029600	1
2030400	0
2031200	0
2032000	0
2032800	0
2033600	0
2034400	0
2035200	0
2036000	0
2036800	0
2037600	1
2038400	0
2039200	1
2040000	1
2040800	0
2041600	0
2042400	1
2043200	0
2044000	0
2044800	1
2045600	1
2046400	0
2047200	1
2048000	1
2048800	0
2049600	1
2050400	0
2051200	0
2052000	0
2052800	1
2053600	0
2054400	1
2055200	1
2056000	1
2056800	1
2057600	0
2058400	0
2059200	0
2060000	0
2060800	0
2061600	0
2062400	1
2063200	0
2064000	0
2064800	1
2065600	1
2066400	0
2067200	0
2068000	0
2068800	0
2069600	0
2070400	0
2071200	0
2072000	0
2072800	0
2073600	0
2074400	0
2075200	0
2076000	1
2076800	0
2077600	0
2078400	1
2079200	0
2080000	0
2080800	0
2081600	0
2082400	1
2083200	0
2084000	0
2084800	0
2085600	1
2086400	1
2087200	1
2088000	1
2088800	1
2089600	0
2090400	0
2091200	0
2092000	0
2092800	1
2093600	0
2094400	1
2095200	0
2096000	0
2096800	1
2097600	1
2098400	0
2099200	1
2100000	0
2100800	0
2101600	0
2102400	0
2103200	0
2104000	0
2104800	1
2105600	0
2106400	0
2107200	0
2108000	0
2108800	0
2109600	0
2110400	0
2111200	0
2112000	0
2112800	0
2113600	1
2114400	0
2115200	0
2116000	0
2116800	0
2117600	0
2118400	1
2119200	0
2120000	0
2120800	0
2121600	0
2122400	0
2123200	0
2124000	0
2124800	1
2125600	1
2126400	0
2127200	1
2128000	1
2128800	1
2129600	0
2130400	1
2131200	0
2132000	0
2132800	0
2133600	1
2134400	1
2135200	1
2136000	1
2136800	1
2137600	0
2138400	0
2139200	1
2140000	0
2140800	1
2141600	0
2142400	0
2143200	0
2144000	1
2144800	1
2145600	0
2146400	1
2147200	0
2148000	0
2148800	0
2149600	0
2150400	0
2151200	1
2152000	0
2152800	1
2153600	0
2154400	0
2155200	0
2156000	1
2156800	0
2157600	0
2158400	0
2159200	0
2160000	1
2160800	1
2161600	0
2162400	1
2163200	1
2164000	0
2164800	1
2165600	0
2166400	0
2167200	0
2168000	0
2168800	0
2169600	1
2170400	0
2171200	0
2172000	0
2172800	0
2173600	1
2174400	1
2175200	0
2176000	0
2176800	1
2177600	0
2178400	0
2179200	1
2180000	1
2180800	0
2181600	0
2182400	1
2183200	0
2184000	1
2184800	1
2185600	0
2186400	1
2187200	1
2188000	0
2188800	0
2189600	0
2190400	1
2191200	1
2192000	0
2192800	0
2193600	0
2194400	1
2195200	1
2196000	0
2196800	0
2197600	1
2198400	1
2199200	0
2200000	0
2200800	1
2201600	0
2202400	0
2203200	0
2204000	1
2204800	0
2205600	0
2206400	0
2207200	0
2208000	0
2208800	1
2209600	1
2210400	1
2211200	1
2212000	0
2212800	1
2213600	0
2214400	0
2215200	1
2216000	0
2216800	1
2217600	1
2218400	0
2219200	1
2220000	0
2220800	1
2221600	0
2222400	0
2223200	1
2224000	1
2224800	1
2225600	0
2226400	0
2227200	0
2228000	1
2228800	1
2229600	0
2230400	0
2231200	0
2232000	1
2232800	0
2233600	1
2234400	0
2235200	1
2236000	0
2236800	0
2237600	0
2238400	0
2239200	1
2240000	0
2240800	1
2241600	0
2242400	1
2243200	1
2244000	0
2244800	1
2245600	0
2246400	1
2247200	0
2248000	0
2248800	1
2249600	1
2250400	1
2251200	0
2252000	0
2252800	0
2253600	1
2254400	0
2255200	0
2256000	0
2256800	1
2257600	0
2258400	1
2259200	0
2260000	0
2260800	0
2261600	0
2262400	0
2263200	1
2264000	0
2264800	1
2265600	0
2266400	1
2267200	1
2268000	0
2268800	1
2269600	1
2270400	0
2271200	1
2272000	0
2272800	0
2273600	1
2274400	0
2275200	0
2276000	0
2276800	0
2277600	0
2278400	1
2279200	0
2280000	0
2280800	0
2281600	0
2282400	0
2283200	1
2284000	1
2284800	0
2285600	0
2286400	0
2287200	1
2288000	0
2288800	0
2289600	0
2290400	0
2291200	0
2292000	1
2292800	1
2293600	1
2294400	0
2295200	0
2296000	0
2296800	0
2297600	1
2298400	1
2299200	0
2300000	0
2300800	1
2301600	0
2302400	1
2303200	1
2304000	0
2304800	0
2305600	0
2306400	0
2307200	1
2308000	0
2308800	1
2309600	0
2310400	0
2311200	0
2312000	1
2312800	0
2313600	1
2314400	0
2315200	0
2316000	0
2316800	0
2317600	0
2318400	0
2319200	0
2320000	0
2320800	0
2321600	1
2322400	1
2323200	0
2324000	0
2324800	1
2325600	0
2326400	1
2327200	0
2328000	0
2328800	0
2329600	0
2330400	1
2331200	0
2332000	1
2332800	0
2333600	0
2334400	0
2335200	0
2336000	1
2336800	1
2337600	0
2338400	1
2339200	0
2340000	1
2340800	1
2341600	0
2342400	0
2343200	0
2344000	0
2344800	0
2345600	0
2346400	0
2347200	1
2348000	0
2348800	0
2349600	1
2350400	0
2351200	0
2352000	0
2352800	0
2353600	1
2354400	0
2355200	0
2356000	1
2356800	0
2357600	1
2358400	0
2359200	0
2360000	0
2360800	1
2361600	0
2362400	0
2363200	0
2364000	1
2364800	0
2365600	0
2366400	1
2367200	1
2368000	0
2368800	0
2369600	1
2370400	0
2371200	0
2372000	0
2372800	0
2373600	0
2374400	0
2375200	0
2376000	1
2376800	1
2377600	1
2378400	0
2379200	0
2380000	0
2380800	1
2381600	1
2382400	1
2383200	0
2384000	1
2384800	1
2385600	1
2386400	1
2387200	0
2388000	1
2388800	0
2389600	1
2390400	0
2391200	0
2392000	0
2392800	1
2393600	0
2394400	0
2395200	1
2396000	0
2396800	0
2397600	0
2398400	0
2399200	1
2400000	0
2400800	0
2401600	1
2402400	1
2403200	0
2404000	1
2404800	0
2405600	0
2406400	1
2407200	1
2408000	1
2408800	0
2409600	0
2410400	0
2411200	0
2412000	0
2412800	0
2413600	1
2414400	0
2415200	1
2416000	0
2416800	1
2417600	0
2418400	1
2419200	0
2420000	1
2420800	0
2421600	1
2422400	0
2423200	1
2424000	1
2424800	1
2425600	0
2426400	1
2427200	1
2428000	1
2428800	1
2429600	0
2430400	1
2431200	0
2432000	0
2432800	0
2433600	1
2434400	1
2435200	0
2436000	0
2436800	0
2437600	0
2438400	1
2439200	0
2440000	1
2440800	1
2441600	0
2442400	0
2443200	1
2444000	1
2444800	1
2445600	0
2446400	1
2447200	1
2448000	0
2448800	0
2449600	0
2450400	0
2451200	0
2452000	1
2452800	1
2453600	0
2454400	0
2455200	1
2456000	1
2456800	0
2457600	1
2458400	0
2459200	1
2460000	0
2460800	1
2461600	0
2462400	1
2463200	1
2464000	1
2464800	0
2465600	1
2466400	0
2467200	1
2468000	1
2468800	1
2469600	1
2470400	0
2471200	1
2472000	0
2472800	1
2473600	1
2474400	0
2475200	0
2476000	0
2476800	1
2477600	0
2478400	0
2479200	0
2480000	0
2480800	1
2481600	0
2482400	0
2483200	0
2484000	0
2484800	0
2485600	0
2486400	0
2487200	0
2488000	0
2488800	0
2489600	0
2490400	0
2491200	0
2492000	0
2492800	0
2493600	1
2494400	1
2495200	0
2496000	1
2496800	0
2497600	0
2498400	1
2499200	1
2500000	0
2500800	0
2501600	0
2502400	0
2503200	1
2504000	0
2504800	1
2505600	1
2506400	0
2507200	1
2508000	0
2508800	0
2509600	0
2510400	0
2511200	1
2512000	0
2512800	0
2513600	0
2514400	0
2515200	0
2516000	0
2516800	0
2517600	1
2518400	0
2519200	0
2520000	0
2520800	1
2521600	0
2522400	0
2523200	1
2524000	1
2524800	0
2525600	0
2526400	0
2527200	1
2528000	1
2528800	0
2529600	0
2530400	0
2531200	1
2532000	0
2532800	0
2533600	0
2534400	1
2535200	0
2536000	1
2536800	1
2537600	0
2538400	1
2539200	1
2540000	0
2540800	0
2541600	1
2542400	0
2543200	1
2544000	1
2544800	0
2545600	1
2546400	0
2547200	0
2548000	0
2548800	1
2549600	0
2550400	0
2551200	0
2552000	0
2552800	1
2553600	0
2554400	0
2555200	0
2556000	0
2556800	0
2557600	0
2558400	0
2559200	0
2560000	1
2560800	0
2561600	1
2562400	0
2563200	0
2564000	0
2564800	1
2565600	0
2566400	0
2567200	0
2568000	1
2568800	0
2569600	0
2570400	0
2571200	1
2572000	0
2572800	0
2573600	1
2574400	0
2575200	1
2576000	0
2576800	0
2577600	0
2578400	0
2579200	0
2580000	0
2580800	0
2581600	0
2582400	1
2583200	1
2584000	0
2584800	1
2585600	0
2586400	0
2587200	0
2588000	0
2588800	0
2589600	0
2590400	0
2591200	0
2592000	0
2592800	1
2593600	0
2594400	0
2595200	0
2596000	0
2596800	1
2597600	0
2598400	0
2599200	0
2600000	0
2600800	0
2601600	1
2602400	0
2603200	0
2604000	0
2604800	0
2605600	0
2606400	0
2607200	0
2608000	1
2608800	0
2609600	1
2610400	0
2611200	1
2612000	0
2612800	1
2613600	1
2614400	0
2615200	0
2616000	1
2616800	0
2617600	0
2618400	0
2619200	1
2620000	0
2620800	1
2621600	1
2622400	1
2623200	0
2624000	0
2624800	0
2625600	1
2626400	1
2627200	0
2628000	1
2628800	1
2629600	0
2630400	0
2631200	1
2632000	0
2632800	0
2633600	1
2634400	1
2635200	0
2636000	0
2636800	1
2637600	0
2638400	0
2639200	1
2640000	0
2640800	0
2641600	0
2642400	0
2643200	1
2644000	0
2644800	0
2645600	1
2646400	0
2647200	1
2648000	1
2648800	1
2649600	0
2650400	0
2651200	0
2652000	1
2652800	1
2653600	0
2654400	0
2655200	0
2656000	1
2656800	1
2657600	1
2658400	0
2659200	1
2660000	0
2660800	1
2661600	0
2662400	1
2663200	0
2664000	1
2664800	0
2665600	1
2666400	1
2667200	0
2668000	0
2668800	0
2669600	0
2670400	1
2671200	1
2672000	1
2672800	0
2673600	0
2674400	0
2675200	1
2676000	1
2676800	0
2677600	0
2678400	0
2679200	1
2680000	1
2680800	1
2681600	1
2682400	1
2683200	1
2684000	1
2684800	0
2685600	0
2686400	0
2687200	1
2688000	0
2688800	0
2689600	1
2690400	1
2691200	1
2692000	0
2692800	0
2693600	0
2694400	1
2695200	1
2696000	1
2696800	1
2697600	1
2698400	0
2699200	1
2700000	0
2700800	0
2701600	1
2702400	1
2703200	0
2704000	0
2704800	0
2705600	0
2706400	0
2707200	0
2708000	0
2708800	1
2709600	0
2710400	0
2711200	0
2712000	1
2712800	1
2713600	1
2714400	0
2715200	0
2716000	0
2716800	0
2717600	1
2718400	1
2719200	0
2720000	0
2720800	0
2721600	0
2722400	1
2723200	1
2724000	0
2724800	0
2725600	0
2726400	1
2727200	1
2728000	0
2728800	0
2729600	0
2730400	0
2731200	0
2732000	1
2732800	0
2733600	1
2734400	1
2735200	1
2736000	0
2736800	0
2737600	0
2738400	1
2739200	0
2740000	0
2740800	1
2741600	0
2742400	0
2743200	0
2744000	0
2744800	1
2745600	1
2746400	1
2747200	0
2748000	0
2748800	0
2749600	1
2750400	1
2751200	0
2752000	1
2752800	0
2753600	0
2754400	0
2755200	0
2756000	0
2756800	1
2757600	1
2758400	1
2759200	0
2760000	0
2760800	0
2761600	1
2762400	0
2763200	0
2764000	1
2764800	1
2765600	1
2766400	1
2767200	1
2768000	0
2768800	1
2769600	1
2770400	1
2771200	1
2772000	1
2772800	1
2773600	1
2774400	1
2775200	0
2776000	1
2776800	0
2777600	0
2778400	1
2779200	0
2780000	0
2780800	0
2781600	0
2782400	0
2783200	0
2784000	0
2784800	0
2785600	0
2786400	0
2787200	1
2788000	0
2788800	1
2789600	1
2790400	0
2791200	0
2792000	1
2792800	0
2793600	1
2794400	1
2795200	1
2796000	0
2796800	0
2797600	1
2798400	0
2799200	0
2800000	0
2800800	0
2801600	0
2802400	0
2803200	1
2804000	0
2804800	0
2805600	0
2806400	1
2807200	1
2808000	0
2808800	0
2809600	0
2810400	0
2811200	1
2812000	0
2812800	1
2813600	0
2814400	0
2815200	0
2816000	0
2816800	0
2817600	0
2818400	0
2819200	0
2820000	0
2820800	1
2821600	0
2822400	1
2823200	0
2824000	1
2824800	0
2825600	0
2826400	0
2827200	0
2828000	0
2828800	0
2829600	1
2830400	0
2831200	1
2832000	0
2832800	0
2833600	1
2834400	0
2835200	0
2836000	1
2836800	1
2837600	0
2838400	0
2839200	1
2840000	1
2840800	1
2841600	1
2842400	1
2843200	0
2844000	0
2844800	1
2845600	0
2846400	0
2847200	1
2848000	0
2848800	0
2849600	1
2850400	1
2851200	1
2852000	0
2852800	0
2853600	1
2854400	0
2855200	0
2856000	1
2856800	0
2857600	0
2858400	0
2859200	0
2860000	0
2860800	0
2861600	0
2862400	1
2863200	0
2864000	0
2864800	0
2865600	0
2866400	1
2867200	0
2868000	0
2868800	1
2869600	0
2870400	1
2871200	0
2872000	0
2872800	1
2873600	1
2874400	0
2875200	0
2876000	0
2876800	0
2877600	0
2878400	0
2879200	0
2880000	1
2880800	0
2881600	0
2882400	0
2883200	1
2884000	0
2884800	1
2885600	0
2886400	0
2887200	0
2888000	0
2888800	1
2889600	0
2890400	1
2891200	1
2892000	0
2892800	1
2893600	0
2894400	1
2895200	1
2896000	0
2896800	0
2897600	1
2898400	1
2899200	0
2900000	1
2900800	1
2901600	0
2902400	0
2903200	0
2904000	0
2904800	0
2905600	1
2906400	0
2907200	1
2908000	1
2908800	1
2909600	0
2910400	1
2911200	0
2912000	1
2912800	0
2913600	1
2914400	0
2915200	0
2916000	0
2916800	0
2917600	1
2918400	1
2919200	0
2920000	0
2920800	0
2921600	1
2922400	1
2923200	0
2924000	0
2924800	0
2925600	1
2926400	0
2927200	0
2928000	0
2928800	0
2929600	0
2930400	0
2931200	0
2932000	0
2932800	0
2933600	0
2934400	1
2935200	0
2936000	0
2936800	1
2937600	1
2938400	1
2939200	1
2940000	0
2940800	0
2941600	0
2942400	1
2943200	1
2944000	0
2944800	0
2945600	0
2946400	0
2947200	1
2948000	1
2948800	0
2949600	0
2950400	0
2951200	0
2952000	0
2952800	0
2953600	0
2954400	1
2955200	0
2956000	1
2956800	1
2957600	1
2958400	1
2959200	1
2960000	0
2960800	0
2961600	0
2962400	0
2963200	1
2964000	0
2964800	0
2965600	1
2966400	1
2967200	1
2968000	1
2968800	0
2969600	0
2970400	0
2971200	0
2972000	0
2972800	0
2973600	0
2974400	0
2975200	0
2976000	0
2976800	0
2977600	0
2978400	1
2979200	1
2980000	1
2980800	0
2981600	0
2982400	0
2983200	0
2984000	0
2984800	1
2985600	1
2986400	0
2987200	0
2988000	0
2988800	1
2989600	0
2990400	1
2991200	0
2992000	0
2992800	0
2993600	1
2994400	1
2995200	0
2996000	0
2996800	0
2997600	0
2998400	1
2999200	1
3000000	1
3000800	1
3001600	0
3002400	1
3003200	1
3004000	0
3004800	1
3005600	0
3006400	1
3007200	1
3008000	1
3008800	0
3009600	1
3010400	0
3011200	0
3012000	0
3012800	0
3013600	1
3014400	1
3015200	0
3016000	1
3016800	1
3017600	1
3018400	1
3019200	0
3020000	1
3020800	0
3021600	0
3022400	1
3023200	1
3024000	0
3024800	1
3025600	1
3026400	1
3027200	0
3028000	1
3028800	0
3029600	0
3030400	1
3031200	0
3032000	1
3032800	0
3033600	0
3034400	1
3035200	0
3036000	0
3036800	0
3037600	0
3038400	1
3039200	0
3040000	0
3040800	0
3041600	1
3042400	1
3043200	1
3044000	0
3044800	0
3045600	0
3046400	1
3047200	0
3048000	0
3048800	1
3049600	1
3050400	1
3051200	1
3052000	1
3052800	0
3053600	0
3054400	1
3055200	0
3056000	0
3056800	0
3057600	0
3058400	0
3059200	0
3060000	0
3060800	0
3061600	0
3062400	0
3063200	0
3064000	1
3064800	0
3065600	1
3066400	1
3067200	0
3068000	1
3068800	1
3069600	0
3070400	0
3071200	1
3072000	0
3072800	0
3073600	0
3074400	0
3075200	0
3076000	0
3076800	0
3077600	0
3078400	1
3079200	0
3080000	1
3080800	0
3081600	0
3082400	0
3083200	1
3084000	0
3084800	0
3085600	0
3086400	0
3087200	0
3088000	1
3088800	0
3089600	0
3090400	0
3091200	1
3092000	1
3092800	1
3093600	1
3094400	1
3095200	0
3096000	0
3096800	0
3097600	1
3098400	1
3099200	1
3100000	0
3100800	1
3101600	0
3102400	0
3103200	0
3104000	0
3104800	0
3105600	1
3106400	0
3107200	1
3108000	1
3108800	0
3109600	0
3110400	1
3111200	1
3112000	0
3112800	1
3113600	1
3114400	0
3115200	0
3116000	0
3116800	0
3117600	1
3118400	0
3119200	0
3120000	1
3120800	0
3121600	0
3122400	1
3123200	0
3124000	1
3124800	1
3125600	0
3126400	1
3127200	0
3128000	0
3128800	0
3129600	1
3130400	1
3131200	0
3132000	0
3132800	1
3133600	0
3134400	0
3135200	0
3136000	1
3136800	0
3137600	0
3138400	1
3139200	1
3140000	0
3140800	1
3141600	0
3142400	1
3143200	1
3144000	0
3144800	0
3145600	0
3146400	1
3147200	0
3148000	0
3148800	0
3149600	0
3150400	0
3151200	0
3152000	0
3152800	0
3153600	1
3154400	1
3155200	0
3156000	1
3156800	0
3157600	0
3158400	1
3159200	0
3160000	0
3160800	0
3161600	0
3162400	0
3163200	1
3164000	0
3164800	1
3165600	0
3166400	1
3167200	0
3168000	0
3168800	1
3169600	0
3170400	1
3171200	0
3172000	1
3172800	0
3173600	0
3174400	0
3175200	0
3176000	0
3176800	1
3177600	0
3178400	1
3179200	0
3180000	1
3180800	1
3181600	0
3182400	0
3183200	0
3184000	1
3184800	0
3185600	0
3186400	0
3187200	0
3188000	0
3188800	0
3189600	1
3190400	1
3191200	0
3192000	1
3192800	0
3193600	0
3194400	1
3195200	0
3196000	1
3196800	0
3197600	0
3198400	0
3199200	1
3200000	0
3200800	1
3201600	1
3202400	0
3203200	0
3204000	1
3204800	0
3205600	0
3206400	1
3207200	0
3208000	1
3208800	0
3209600	0
3210400	0
3211200	0
3212000	0
3212800	1
3213600	0
3214400	1
3215200	1
3216000	1
3216800	1
3217600	1
3218400	0
3219200	0
3220000	1
3220800	0
3221600	0
3222400	1
3223200	0
3224000	0
3224800	1
3225600	0
3226400	0
3227200	0
3228000	0
3228800	0
3229600	1
3230400	1
3231200	0
3232000	0
3232800	1
3233600	1
3234400	0
3235200	0
3236000	0
3236800	0
3237600	0
3238400	0
3239200	1
3240000	1
3240800	1
3241600	0
3242400	0
3243200	0
3244000	0
3244800	0
3245600	0
3246400	1
3247200	0
3248000	1
3248800	0
3249600	0
3250400	1
3251200	1
3252000	1
3252800	1
3253600	1
3254400	0
3255200	0
3256000	1
3256800	0
3257600	0
3258400	1
3259200	0
3260000	0
3260800	1
3261600	1
3262400	0
3263200	0
3264000	0
3264800	0
3265600	0
3266400	0
3267200	0
3268000	1
3268800	0
3269600	0
3270400	0
3271200	1
3272000	0
3272800	0
3273600	1
3274400	0
3275200	1
3276000	0
3276800	0
3277600	1
3278400	0
3279200	1
3280000	0
3280800	1
3281600	0
3282400	1
3283200	0
3284000	0
3284800	1
3285600	0
3286400	1
3287200	1
3288000	0
3288800	1
3289600	0
3290400	0
3291200	0
3292000	0
3292800	0
3293600	0
3294400	0
3295200	0
3296000	0
3296800	0
3297600	1
3298400	1
3299200	0
3300000	0
3300800	0
3301600	1
3302400	0
3303200	0
3304000	1
3304800	1
3305600	0
3306400	1
3307200	0
3308000	0
3308800	1
3309600	0
3310400	1
3311200	0
3312000	0
3312800	1
3313600	0
3314400	1
3315200	1
3316000	1
3316800	1
3317600	0
3318400	1
3319200	0
3320000	0
3320800	1
3321600	1
3322400	1
3323200	0
3324000	1
3324800	1
3325600	1
3326400	0
3327200	1
3328000	1
3328800	1
3329600	0
3330400	0
3331200	0
3332000	0
3332800	0
3333600	0
3334400	0
3335200	0
3336000	0
3336800	1
3337600	0
3338400	1
3339200	0
3340000	0
3340800	1
3341600	1
3342400	0
3343200	0
3344000	1
3344800	1
3345600	0
3346400	0
3347200	0
3348000	1
3348800	1
3349600	0
3350400	0
3351200	0
3352000	0
3352800	1
3353600	0
3354400	1
3355200	0
3356000	0
3356800	0
3357600	0
3358400	0
3359200	0
3360000	1
3360800	0
3361600	1
3362400	0
3363200	1
3364000	1
3364800	0
3365600	1
3366400	0
3367200	0
3368000	0
3368800	1
3369600	0
3370400	0
3371200	1
3372000	0
3372800	0
3373600	0
3374400	0
3375200	1
3376000	1
3376800	0
3377600	1
3378400	1
3379200	1
3380000	1
3380800	0
3381600	1
3382400	0
3383200	1
3384000	1
3384800	1
3385600	0
3386400	0
3387200	1
3388000	0
3388800	1
3389600	0
3390400	1
3391200	1
3392000	0
3392800	0
3393600	1
3394400	0
3395200	1
3396000	0
3396800	1
3397600	0
3398400	0
3399200	1
3400000	1
3400800	0
3401600	0
3402400	1
3403200	1
3404000	1
3404800	0
3405600	0
3406400	0
3407200	1
3408000	1
3408800	1
3409600	0
3410400	0
3411200	0
3412000	0
3412800	0
3413600	0
3414400	0
3415200	0
3416000	1
3416800	1
3417600	0
3418400	0
3419200	1
3420000	0
3420800	1
3421600	1
3422400	1
3423200	0
3424000	0
3424800	0
3425600	0
3426400	0
3427200	0
3428000	0
3428800	0
3429600	0
3430400	0
3431200	1
3432000	0
3432800	0
3433600	0
3434400	0
3435200	0
3436000	0
3436800	0
3437600	1
3438400	1
3439200	1
3440000	1
3440800	1
3441600	0
3442400	1
3443200	1
3444000	1
3444800	0
3445600	0
3446400	0
3447200	0
3448000	1
3448800	0
3449600	0
3450400	0
3451200	0
3452000	0
3452800	0
3453600	0
3454400	0
3455200	0
3456000	1
3456800	0
3457600	1
3458400	0
3459200	0
3460000	0
3460800	0
3461600	0
3462400	1
3463200	0
3464000	1
3464800	0
3465600	0
3466400	0
3467200	0
3468000	1
3468800	0
3469600	1
3470400	0
3471200	0
3472000	1
3472800	0
3473600	0
3474400	0
3475200	0
3476000	1
3476800	0
3477600	1
3478400	0
3479200	0
3480000	0
3480800	0
3481600	1
3482400	1
3483200	0
3484000	1
3484800	1
3485600	1
3486400	0
3487200	0
3488000	0
3488800	1
3489600	1
3490400	1
3491200	1
3492000	0
3492800	0
3493600	0
3494400	0
3495200	1
3496000	0
3496800	0
3497600	0
3498400	1
3499200	1
3500000	0
3500800	0
3501600	0
3502400	0
3503200	0
3504000	1
3504800	0
3505600	1
3506400	1
3507200	1
3508000	0
3508800	0
3509600	1
3510400	0
3511200	1
3512000	0
3512800	1
3513600	0
3514400	1
3515200	0
3516000	1
3516800	1
3517600	0
3518400	1
3519200	0
3520000	0
3520800	1
3521600	1
3522400	1
3523200	0
3524000	0
3524800	0
3525600	1
3526400	1
3527200	1
3528000	0
3528800	1
3529600	0
3530400	0
3531200	0
3532000	0
3532800	1
3533600	1
3534400	0
3535200	0
3536000	0
3536800	0
3537600	0
3538400	1
3539200	0
3540000	1
3540800	0
3541600	0
3542400	0
3543200	0
3544000	0
3544800	1
3545600	0
3546400	1
3547200	1
3548000	1
3548800	0
3549600	1
3550400	1
3551200	1
3552000	0
3552800	0
3553600	1
3554400	0
3555200	1
3556000	0
3556800	1
3557600	0
3558400	0
3559200	0
3560000	0
3560800	0
3561600	0
3562400	0
3563200	0
3564000	1
3564800	0
3565600	0
3566400	0
3567200	0
3568000	0
3568800	1
3569600	0
3570400	1
3571200	1
3572000	0
3572800	1
3573600	1
3574400	0
3575200	0
3576000	1
3576800	1
3577600	0
3578400	0
3579200	1
3580000	1
3580800	0
3581600	0
3582400	0
3583200	0
3584000	0
3584800	1
3585600	0
3586400	0
3587200	1
3588000	0
3588800	0
3589600	0
3590400	1
3591200	1
3592000	0
3592800	1
3593600	1
3594400	1
3595200	1
3596000	0
3596800	0
3597600	0
3598400	0
3599200	1
3600000	1
3600800	0
3601600	1
3602400	0
3603200	0
3604000	1
3604800	1
3605600	1
3606400	1
3607200	1
3608000	1
3608800	1
3609600	0
3610400	1
3611200	1
3612000	0
3612800	1
3613600	0
3614400	0
3615200	1
3616000	1
3616800	0
3617600	0
3618400	0
3619200	0
3620000	0
3620800	1
3621600	0
3622400	1
3623200	1
3624000	0
3624800	0
3625600	0
3626400	0
3627200	0
3628000	0
3628800	1
3629600	0
3630400	0
3631200	1
3632000	1
3632800	0
3633600	0
3634400	1
3635200	1
3636000	1
3636800	1
3637600	1
3638400	1
3639200	1
3640000	0
3640800	1
3641600	1
3642400	0
3643200	1
3644000	1
3644800	1
3645600	1
3646400	1
3647200	0
3648000	0
3648800	1
3649600	0
3650400	1
3651200	1
3652000	0
3652800	0
3653600	0
3654400	0
3655200	1
3656000	0
3656800	0
3657600	0
3658400	0
3659200	0
3660000	0
3660800	0
3661600	1
3662400	1
3663200	0
3664000	0
3664800	0
3665600	0
3666400	1
3667200	0
3668000	1
3668800	0
3669600	0
3670400	1
3671200	1
3672000	1
3672800	1
3673600	0
3674400	0
3675200	1
3676000	1
3676800	0
3677600	0
3678400	1
3679200	1
3680000	0
3680800	1
3681600	0
3682400	0
3683200	0
3684000	1
3684800	0
3685600	1
3686400	0
3687200	1
3688000	1
3688800	0
3689600	1
3690400	0
3691200	1
3692000	1
3692800	1
3693600	0
3694400	0
3695200	0
3696000	0
3696800	1
3697600	1
3698400	1
3699200	0
3700000	0
3700800	0
3701600	0
3702400	0
3703200	1
3704000	0
3704800	0
3705600	1
3706400	0
3707200	0
3708000	1
3708800	1
3709600	0
3710400	0
3711200	0
3712000	1
3712800	1
3713600	0
3714400	0
3715200	1
3716000	1
3716800	1
3717600	1
3718400	0
3719200	1
3720000	0
3720800	1
3721600	1
3722400	1
3723200	0
3724000	1
3724800	0
3725600	0
3726400	0
3727200	1
3728000	0
3728800	0
3729600	1
3730400	1
3731200	1
3732000	1
3732800	1
3733600	1
3734400	1
3735200	1
3736000	0
3736800	0
3737600	0
3738400	1
3739200	0
3740000	0
3740800	1
3741600	0
3742400	0
3743200	1
3744000	0
3744800	1
3745600	0
3746400	0
3747200	1
3748000	0
3748800	1
3749600	0
3750400	0
3751200	0
3752000	0
3752800	0
3753600	0
3754400	1
3755200	1
3756000	1
3756800	1
3757600	0
3758400	0
3759200	0
3760000	1
3760800	1
3761600	0
3762400	1
3763200	0
3764000	0
3764800	0
3765600	0
3766400	0
3767200	0
3768000	0
3768800	1
3769600	0
3770400	1
3771200	0
3772000	0
3772800	1
3773600	1
3774400	0
3775200	1
3776000	1
3776800	1
3777600	1
3778400	0
3779200	0
3780000	1
3780800	0
3781600	0
3782400	0
3783200	0
3784000	0
3784800	0
3785600	1
3786400	1
3787200	0
3788000	0
3788800	1
3789600	1
3790400	0
3791200	1
3792000	1
3792800	1
3793600	0
3794400	0
3795200	0
3796000	0
3796800	0
3797600	1
3798400	0
3799200	1
3800000	1
3800800	0
3801600	1
3802400	0
3803200	0
3804000	1
3804800	0
3805600	1
3806400	0
3807200	0
3808000	0
3808800	1
3809600	0
3810400	0
3811200	1
3812000	0
3812800	1
3813600	1
3814400	0
3815200	0
3816000	0
3816800	1
3817600	1
3818400	1
3819200	0
3820000	1
3820800	1
3821600	0
3822400	0
3823200	1
3824000	0
3824800	1
3825600	0
3826400	1
3827200	1
3828000	0
3828800	1
3829600	0
3830400	0
3831200	0
3832000	0
3832800	1
3833600	0
3834400	1
3835200	0
3836000	0
3836800	1
3837600	0
3838400	0
3839200	0
3840000	0
3840800	0
3841600	0
3842400	1
3843200	1
3844000	1
3844800	0
3845600	1
3846400	1
3847200	1
3848000	1
3848800	0
3849600	1
3850400	1
3851200	1
3852000	1
3852800	0
3853600	0
3854400	1
3855200	1
3856000	0
3856800	0
3857600	0
3858400	0
3859200	1
3860000	0
3860800	0
3861600	1
3862400	1
3863200	0
3864000	0
3864800	0
3865600	0
3866400	0
3867200	0
3868000	1
3868800	0
3869600	0
3870400	1
3871200	0
3872000	0
3872800	0
3873600	0
3874400	1
3875200	1
3876000	0
3876800	0
3877600	0
3878400	0
3879200	1
3880000	0
3880800	1
3881600	0
3882400	1
3883200	1
3884000	1
3884800	0
3885600	1
3886400	0
3887200	1
3888000	0
3888800	1
3889600	1
3890400	0
3891200	1
3892000	1
3892800	0
3893600	1
3894400	0
3895200	1
3896000	0
3896800	1
3897600	0
3898400	0
3899200	1
3900000	0
3900800	0
3901600	0
3902400	1
3903200	0
3904000	1
3904800	1
3905600	0
3906400	0
3907200	1
3908000	1
3908800	0
3909600	0
3910400	1
3911200	0
3912000	1
3912800	1
3913600	1
3914400	1
3915200	0
3916000	0
3916800	0
3917600	1
3918400	1
3919200	1
3920000	0
3920800	0
3921600	0
3922400	1
3923200	0
3924000	0
3924800	0
3925600	1
3926400	1
3927200	0
3928000	0
3928800	1
3929600	0
3930400	0
3931200	0
3932000	1
3932800	1
3933600	1
3934400	0
3935200	0
3936000	0
3936800	1
3937600	1
3938400	0
3939200	1
3940000	0
3940800	1
3941600	1
3942400	1
3943200	0
3944000	0
3944800	1
3945600	1
3946400	1
3947200	1
3948000	1
3948800	1
3949600	1
3950400	0
3951200	1
3952000	0
3952800	0
3953600	1
3954400	0
3955200	1
3956000	0
3956800	0
3957600	1
3958400	0
3959200	0
3960000	0
3960800	1
3961600	1
3962400	0
3963200	0
3964000	0
3964800	0
3965600	1
3966400	0
3967200	0
3968000	1
3968800	0
3969600	1
3970400	1
3971200	1
3972000	0
3972800	0
3973600	0
3974400	0
3975200	0
3976000	0
3976800	1
3977600	0
3978400	0
3979200	0
3980000	1
3980800	1
3981600	0
3982400	0
3983200	1
3984000	0
3984800	0
3985600	0
3986400	0
3987200	1
3988000	1
3988800	1
3989600	0
3990400	1
3991200	0
3992000	0
3992800	0
3993600	1
3994400	0
3995200	0
3996000	1
3996800	1
3997600	0
3998400	0
3999200	1
4000000	1
4000800	0
4001600	0
4002400	0
4003200	0
4004000	1
4004800	1
4005600	1
4006400	1
4007200	0
4008000	0
4008800	0
4009600	0
4010400	0
4011200	0
4012000	0
4012800	0
4013600	0
4014400	1
4015200	0
4016000	0
4016800	0
4017600	0
4018400	0
4019200	0
4020000	1
4020800	0
4021600	0
4022400	1
4023200	0
4024000	0
4024800	0
4025600	0
4026400	1
4027200	0
4028000	0
4028800	0
4029600	0
4030400	0
4031200	1
4032000	1
4032800	0
4033600	1
4034400	0
4035200	0
4036000	0
4036800	0
4037600	1
4038400	1
4039200	0
4040000	0
4040800	1
4041600	1
4042400	0
4043200	0
4044000	0
4044800	0
4045600	1
4046400	1
4047200	0
4048000	1
4048800	0
4049600	1
4050400	0
4051200	1
4052000	1
4052800	1
4053600	0
4054400	1
4055200	1
4056000	0
4056800	1
4057600	1
4058400	0
4059200	0
4060000	0
4060800	0
4061600	0
4062400	0
4063200	0
4064000	0
4064800	0
4065600	1
4066400	0
4067200	0
4068000	0
4068800	0
4069600	1
4070400	0
4071200	1
4072000	0
4072800	1
4073600	0
4074400	0
4075200	0
4076000	1
4076800	0
4077600	0
4078400	0
4079200	0
4080000	1
4080800	1
4081600	0
4082400	0
4083200	0
4084000	0
4084800	0
4085600	0
4086400	0
4087200	1
4088000	1
4088800	0
4089600	1
4090400	0
4091200	1
4092000	0
4092800	0
4093600	0
4094400	0
4095200	1
4096000	0
4096800	1
4097600	1
4098400	0
4099200	1
4100000	1
4100800	1
4101600	0
4102400	0
4103200	0
4104000	1
4104800	0
4105600	0
4106400	0
4107200	0
4108000	0
4108800	1
4109600	0
4110400	0
4111200	1
4112000	0
4112800	0
4113600	1
4114400	1
4115200	0
4116000	0
4116800	0
4117600	0
4118400	0
4119200	1
4120000	0
4120800	1
4121600	1
4122400	0
4123200	0
4124000	1
4124800	0
4125600	1
4126400	1
4127200	0
4128000	1
4128800	1
4129600	1
4130400	1
4131200	0
4132000	1
4132800	1
4133600	0
4134400	0
4135200	0
4136000	0
4136800	1
4137600	1
4138400	0
4139200	1
4140000	1
4140800	1
4141600	0
4142400	0
4143200	1
4144000	1
4144800	0
4145600	0
4146400	0
4147200	0
4148000	0
4148800	0
4149600	1
4150400	0
4151200	0
4152000	0
4152800	1
4153600	0
4154400	0
4155200	1
4156000	0
4156800	0
4157600	0
4158400	1
4159200	1
4160000	0
4160800	0
4161600	0
4162400	0
4163200	0
4164000	0
4164800	1
4165600	0
4166400	0
4167200	0
4168000	1
4168800	0
4169600	1
4170400	0
4171200	0
4172000	1
4172800	1
4173600	1
4174400	0
4175200	0
4176000	0
4176800	1
4177600	0
4178400	1
4179200	0
4180000	1
4180800	0
4181600	0
4182400	1
4183200	0
4184000	0
4184800	1
4185600	1
4186400	0
4187200	0
4188000	0
4188800	0
4189600	0
4190400	0
4191200	0
4192000	1
4192800	1
4193600	0
4194400	0
4195200	0
4196000	1
4196800	0
4197600	0
4198400	0
4199200	1
4200000	0
4200800	0
4201600	0
4202400	0
4203200	0
4204000	1
4204800	0
4205600	0
4206400	1
4207200	1
4208000	0
4208800	1
4209600	0
4210400	1
4211200	1
4212000	0
4212800	0
4213600	0
4214400	1
4215200	0
4216000	0
4216800	1
4217600	0
4218400	0
4219200	0
4220000	0
4220800	1
4221600	0
4222400	1
4223200	0
4224000	1
4224800	1
4225600	0
4226400	0
4227200	0
4228000	0
4228800	0
4229600	0
4230400	1
4231200	0
4232000	0
4232800	0
4233600	1
4234400	1
4235200	0
4236000	1
4236800	1
4237600	0
4238400	0
4239200	0
4240000	0
4240800	0
4241600	0
4242400	0
4243200	1
4244000	0
4244800	0
4245600	0
4246400	0
4247200	1
4248000	0
4248800	0
4249600	0
4250400	0
4251200	0
4252000	0
4252800	0
4253600	0
4254400	0
4255200	1
4256000	0
4256800	0
4257600	0
4258400	0
4259200	0
4260000	1
4260800	0
4261600	1
4262400	1
4263200	0
4264000	1
4264800	0
4265600	0
4266400	1
4267200	0
4268000	1
4268800	0
4269600	0
4270400	1
4271200	1
4272000	1
4272800	1
4273600	0
4274400	0
4275200	0
4276000	0
4276800	0
4277600	1
4278400	1
4279200	0
4280000	1
4280800	1
4281600	1
4282400	1
4283200	0
4284000	1
4284800	0
4285600	0
4286400	0
4287200	0
4288000	1
4288800	0
4289600	1
4290400	0
4291200	0
4292000	0
4292800	0
4293600	1
4294400	0
4295200	0
4296000	0
4296800	0
4297600	1
4298400	1
4299200	0
4300000	1
4300800	1
4301600	1
4302400	0
4303200	1
4304000	0
4304800	0
4305600	0
4306400	1
4307200	0
4308000	0
4308800	1
4309600	1
4310400	0
4311200	1
4312000	0
4312800	0
4313600	0
4314400	1
4315200	1
4316000	0
4316800	1
4317600	1
4318400	0
4319200	1
4320000	0
4320800	0
4321600	0
4322400	0
4323200	0
4324000	1
4324800	1
4325600	1
4326400	1
4327200	0
4328000	0
4328800	1
4329600	0
4330400	0
4331200	0
4332000	0
4332800	1
4333600	0
4334400	1
4335200	0
4336000	1
4336800	1
4337600	0
4338400	0
4339200	0
4340000	1
4340800	0
4341600	0
4342400	0
4343200	0
4344000	1
4344800	0
4345600	1
4346400	0
4347200	0
4348000	0
4348800	1
4349600	0
4350400	1
4351200	0
4352000	1
4352800	0
4353600	1
4354400	0
4355200	0
4356000	0
4356800	0
4357600	1
4358400	1
4359200	0
4360000	0
4360800	1
4361600	1
4362400	1
4363200	0
4364000	1
4364800	0
4365600	0
4366400	0
4367200	0
4368000	1
4368800	1
4369600	1
4370400	1
4371200	0
4372000	1
4372800	0
4373600	0
4374400	1
4375200	1
4376000	0
4376800	0
4377600	0
4378400	0
4379200	1
4380000	0
4380800	0
4381600	0
4382400	1
4383200	0
4384000	1
4384800	0
4385600	0
4386400	1
4387200	1
4388000	1
4388800	0
4389600	1
4390400	0
4391200	0
4392000	1
4392800	0
4393600	0
4394400	1
4395200	0
4396000	0
4396800	0
4397600	1
4398400	0
4399200	0
4400000	1
4400800	1
4401600	0
4402400	0
4403200	1
4404000	0
4404800	1
4405600	1
4406400	1
4407200	1
4408000	1
4408800	0
4409600	0
4410400	0
4411200	0
4412000	0
4412800	1
4413600	1
4414400	0
4415200	0
4416000	1
4416800	0
4417600	1
4418400	1
4419200	0
4420000	1
4420800	1
4421600	1
4422400	0
4423200	0
4424000	1
4424800	1
4425600	1
4426400	0
4427200	0
4428000	0
4428800	1
4429600	0
4430400	1
4431200	1
4432000	0
4432800	0
4433600	1
4434400	1
4435200	1
4436000	0
4436800	0
4437600	1
4438400	1
4439200	1
4440000	0
4440800	1
4441600	0
4442400	0
4443200	1
4444000	1
4444800	1
4445600	0
4446400	0
4447200	1
4448000	0
4448800	0
4449600	0
4450400	0
4451200	1
4452000	1
4452800	0
4453600	0
4454400	1
4455200	0
4456000	0
4456800	0
4457600	1
4458400	1
4459200	0
4460000	1
4460800	0
4461600	1
4462400	1
4463200	0
4464000	0
4464800	1
4465600	0
4466400	1
4467200	0
4468000	0
4468800	0
4469600	1
4470400	0
4471200	0
4472000	0
4472800	0
4473600	0
4474400	1
4475200	0
4476000	1
4476800	1
4477600	1
4478400	0
4479200	0
4480000	0
4480800	0
4481600	0
4482400	0
4483200	1
4484000	1
4484800	0
4485600	0
4486400	1
4487200	0
4488000	0
4488800	0
4489600	0
4490400	0
4491200	0
4492000	1
4492800	0
4493600	0
4494400	0
4495200	0
4496000	1
4496800	0
4497600	0
4498400	0
4499200	1
4500000	0
4500800	0
4501600	1
4502400	0
4503200	0
4504000	0
4504800	0
4505600	1
4506400	1
4507200	0
4508000	1
4508800	0
4509600	0
4510400	0
4511200	0
4512000	0
4512800	0
4513600	0
4514400	0
4515200	1
4516000	1
4516800	0
4517600	1
4518400	0
4519200	1
4520000	0
4520800	0
4521600	1
4522400	0
4523200	0
4524000	1
4524800	0
4525600	0
4526400	1
4527200	0
4528000	1
4528800	0
4529600	0
4530400	0
4531200	0
4532000	1
4532800	0
4533600	0
4534400	0
4535200	0
4536000	0
4536800	0
4537600	0
4538400	0
4539200	0
4540000	0
4540800	0
4541600	0
4542400	0
4543200	0
4544000	0
4544800	1
4545600	0
4546400	0
4547200	1
4548000	1
4548800	0
4549600	0
4550400	1
4551200	1
4552000	1
4552800	0
4553600	1
4554400	1
4555200	0
4556000	0
4556800	1
4557600	0
4558400	1
4559200	0
4560000	1
4560800	0
4561600	0
4562400	0
4563200	0
4564000	0
4564800	1
4565600	0
4566400	0
4567200	0
4568000	0
4568800	0
4569600	1
4570400	0
4571200	0
4572000	0
4572800	0
4573600	0
4574400	0
4575200	0
4576000	0
4576800	0
4577600	0
4578400	1
4579200	1
4580000	1
4580800	1
4581600	1
4582400	0
4583200	0
4584000	0
4584800	1
4585600	0
4586400	1
4587200	0
4588000	0
4588800	1
4589600	1
4590400	0
4591200	1
4592000	0
4592800	0
4593600	1
4594400	1
4595200	0
4596000	1
4596800	1
4597600	1
4598400	0
4599200	0
4600000	0
4600800	0
4601600	1
4602400	1
4603200	1
4604000	1
4604800	1
4605600	0
4606400	0
4607200	0
4608000	0
4608800	0
4609600	0
4610400	0
4611200	0
4612000	1
4612800	1
4613600	1
4614400	0
4615200	0
4616000	1
4616800	0
4617600	0
4618400	0
4619200	0
4620000	0
4620800	0
4621600	1
4622400	1
4623200	0
4624000	0
4624800	0
4625600	1
4626400	0
4627200	0
4628000	1
4628800	0
4629600	1
4630400	0
4631200	1
4632000	1
4632800	0
4633600	1
4634400	1
4635200	1
4636000	0
4636800	1
4637600	1
4638400	0
4639200	0
4640000	0
4640800	0
4641600	0
4642400	0
4643200	0
4644000	1
4644800	0
4645600	0
4646400	0
4647200	1
4648000	0
4648800	0
4649600	1
4650400	1
4651200	1
4652000	0
4652800	1
4653600	1
4654400	0
4655200	0
4656000	1
4656800	1
4657600	1
4658400	0
4659200	0
4660000	0
4660800	1
4661600	0
4662400	1
4663200	0
4664000	0
4664800	0
4665600	1
4666400	1
4667200	0
4668000	0
4668800	0
4669600	0
4670400	1
4671200	0
4672000	0
4672800	0
4673600	0
4674400	0
4675200	0
4676000	0
4676800	0
4677600	1
4678400	1
4679200	1
4680000	0
4680800	0
4681600	1
4682400	1
4683200	1
4684000	1
4684800	0
4685600	1
4686400	0
4687200	1
4688000	1
4688800	0
4689600	0
4690400	0
4691200	0
4692000	1
4692800	0
4693600	0
4694400	0
4695200	0
4696000	0
4696800	1
4697600	0
4698400	0
4699200	0
4700000	1
4700800	0
4701600	0
4702400	0
4703200	1
4704000	1
4704800	1
4705600	0
4706400	0
4707200	1
4708000	0
4708800	1
4709600	1
4710400	0
4711200	0
4712000	0
4712800	0
4713600	1
4714400	1
4715200	0
4716000	0
4716800	0
4717600	0
4718400	0
4719200	1
4720000	1
4720800	0
4721600	0
4722400	0
4723200	1
4724000	0
4724800	0
4725600	0
4726400	1
4727200	1
4728000	0
4728800	0
4729600	0
4730400	0
4731200	0
4732000	0
4732800	0
4733600	1
4734400	0
4735200	0
4736000	1
4736800	1
4737600	0
4738400	0
4739200	0
4740000	0
4740800	0
4741600	1
4742400	1
4743200	0
4744000	0
4744800	0
4745600	1
4746400	0
4747200	0
4748000	1
4748800	0
4749600	0
4750400	0
4751200	0
4752000	0
4752800	1
4753600	0
4754400	0
4755200	1
4756000	0
4756800	0
4757600	0
4758400	0
4759200	0
4760000	0
4760800	1
4761600	0
4762400	0
4763200	0
4764000	0
4764800	0
4765600	0
4766400	0
4767200	1
4768000	0
4768800	0
4769600	0
4770400	0
4771200	0
4772000	0
4772800	0
4773600	0
4774400	0
4775200	1
4776000	0
4776800	1
4777600	0
4778400	1
4779200	1
4780000	0
4780800	1
4781600	0
4782400	0
4783200	0
4784000	0
4784800	0
4785600	0
4786400	0
4787200	1
4788000	1
4788800	1
4789600	0
4790400	0
4791200	1
4792000	0
4792800	1
4793600	0
4794400	0
4795200	0
4796000	0
4796800	1
4797600	0
4798400	0
4799200	1
4800000	1
4800800	1
4801600	0
4802400	0
4803200	1
4804000	1
4804800	1
4805600	1
4806400	0
4807200	0
4808000	1
4808800	0
4809600	1
4810400	0
4811200	1
4812000	0
4812800	0
4813600	1
4814400	1
4815200	1
4816000	0
4816800	1
4817600	0
4818400	0
4819200	0
4820000	0
4820800	1
4821600	1
4822400	1
4823200	1
4824000	0
4824800	1
4825600	1
4826400	0
4827200	1
4828000	1
4828800	0
4829600	0
4830400	1
4831200	0
4832000	0
4832800	0
4833600	0
4834400	0
4835200	0
4836000	1
4836800	0
4837600	0
4838400	1
4839200	1
4840000	0
4840800	0
4841600	0
4842400	1
4843200	0
4844000	0
4844800	1
4845600	1
4846400	0
4847200	1
4848000	0
4848800	0
4849600	1
4850400	0
4851200	1
4852000	1
4852800	0
4853600	1
4854400	0
4855200	1
4856000	0
4856800	0
4857600	1
4858400	1
4859200	1
4860000	1
4860800	0
4861600	0
4862400	1
4863200	0
4864000	1
4864800	0
4865600	0
4866400	0
4867200	0
4868000	1
4868800	0
4869600	0
4870400	0
4871200	0
4872000	0
4872800	0
4873600	0
4874400	0
4875200	1
4876000	1
4876800	1
4877600	1
4878400	0
4879200	0
4880000	1
4880800	0
4881600	1
4882400	0
4883200	0
4884000	1
4884800	1
4885600	0
4886400	0
4887200	0
4888000	0
4888800	0
4889600	0
4890400	0
4891200	0
4892000	0
4892800	0
4893600	0
4894400	0
4895200	0
4896000	0
4896800	0
4897600	1
4898400	0
4899200	0
4900000	0
4900800	0
4901600	0
4902400	0
4903200	0
4904000	1
4904800	1
4905600	1
4906400	1
4907200	1
4908000	0
4908800	1
4909600	0
4910400	0
4911200	1
4912000	0
4912800	1
4913600	1
4914400	0
4915200	0
4916000	0
4916800	1
4917600	1
4918400	0
4919200	0
4920000	1
4920800	0
4921600	1
4922400	0
4923200	0
4924000	0
4924800	0
4925600	0
4926400	0
4927200	0
4928000	0
4928800	0
4929600	0
4930400	0
4931200	0
4932000	0
4932800	0
4933600	0
4934400	0
4935200	0
4936000	1
4936800	1
4937600	0
4938400	0
4939200	0
4940000	0
4940800	1
4941600	1
4942400	0
4943200	0
4944000	0
4944800	0
4945600	0
4946400	0
4947200	0
4948000	0
4948800	1
4949600	0
4950400	1
4951200	1
4952000	0
4952800	1
4953600	0
4954400	0
4955200	0
4956000	0
4956800	1
4957600	1
4958400	1
4959200	0
4960000	0
4960800	1
4961600	1
4962400	0
4963200	0
4964000	1
4964800	1
4965600	1
4966400	1
4967200	0
4968000	1
4968800	0
4969600	0
4970400	0
4971200	1
4972000	1
4972800	1
4973600	0
4974400	0
4975200	0
4976000	0
4976800	0
4977600	0
4978400	0
4979200	0
4980000	0
4980800	1
4981600	0
4982400	1
4983200	0
4984000	0
4984800	0
4985600	0
4986400	0
4987200	0
4988000	0
4988800	1
4989600	0
4990400	0
4991200	0
4992000	0
4992800	1
4993600	0
4994400	0
4995200	0
4996000	1
4996800	0
4997600	0
4998400	0
4999200	1
5000000	0
5000800	0
5001600	1
5002400	1
5003200	0
5004000	1
5004800	0
5005600	0
5006400	0
5007200	0
5008000	1
5008800	1
5009600	1
5010400	0
5011200	0
5012000	1
5012800	1
5013600	0
5014400	1
5015200	0
5016000	0
5016800	0
5017600	0
5018400	0
5019200	1
5020000	1
5020800	0
5021600	1
5022400	1
5023200	1
5024000	1
5024800	0
5025600	1
5026400	1
5027200	1
5028000	1
5028800	1
5029600	1
5030400	0
5031200	0
5032000	0
5032800	1
5033600	0
5034400	0
5035200	1
5036000	0
5036800	0
5037600	0
5038400	0
5039200	1
5040000	0
5040800	1
5041600	1
5042400	1
5043200	1
5044000	0
5044800	0
5045600	0
5046400	1
5047200	1
5048000	0
5048800	1
5049600	0
5050400	0
5051200	1
5052000	0
5052800	0
5053600	0
5054400	0
5055200	0
5056000	0
5056800	0
5057600	0
5058400	1
5059200	0
5060000	0
5060800	0
5061600	0
5062400	0
5063200	0
5064000	1
5064800	0
5065600	0
5066400	0
5067200	0
5068000	0
5068800	1
5069600	1
5070400	0
5071200	0
5072000	1
5072800	1
5073600	1
5074400	0
5075200	1
5076000	0
5076800	0
5077600	1
5078400	1
5079200	1
5080000	0
5080800	1
5081600	1
5082400	0
5083200	0
5084000	1
5084800	0
5085600	0
5086400	0
5087200	0
5088000	0
5088800	1
5089600	0
5090400	1
5091200	0
5092000	1
5092800	1
5093600	1
5094400	0
5095200	1
5096000	0
5096800	0
5097600	1
5098400	1
5099200	0
5100000	0
5100800	1
5101600	0
5102400	1
5103200	0
5104000	0
5104800	1
5105600	1
5106400	0
5107200	0
5108000	0
5108800	0
5109600	1
5110400	1
5111200	1
5112000	0
5112800	1
5113600	0
5114400	0
5115200	0
5116000	1
5116800	0
5117600	1
5118400	0
5119200	0
5120000	0
5120800	0
5121600	1
5122400	0
5123200	1
5124000	0
5124800	0
5125600	0
5126400	1
5127200	1
5128000	0
5128800	1
5129600	0
5130400	0
5131200	0
5132000	1
5132800	0
5133600	1
5134400	1
5135200	1
5136000	0
5136800	0
5137600	0
5138400	0
5139200	0
5140000	1
5140800	0
5141600	0
5142400	1
5143200	1
5144000	1
5144800	0
5145600	0
5146400	1
5147200	1
5148000	0
5148800	0
5149600	1
5150400	1
5151200	1
5152000	0
5152800	0
5153600	0
5154400	0
5155200	0
5156000	1
5156800	0
5157600	0
5158400	1
5159200	1
5160000	0
5160800	0
5161600	0
5162400	0
5163200	1
5164000	0
5164800	0
5165600	1
5166400	0
5167200	1
5168000	1
5168800	1
5169600	0
5170400	0
5171200	0
5172000	1
5172800	0
5173600	0
5174400	1
5175200	0
5176000	1
5176800	0
5177600	0
5178400	0
5179200	1
5180000	0
5180800	1
5181600	1
5182400	0
5183200	0
5184000	1
5184800	0
5185600	0
5186400	1
5187200	0
5188000	0
5188800	1
5189600	1
5190400	0
5191200	0
5192000	1
5192800	1
5193600	1
5194400	0
5195200	0
5196000	0
5196800	1
5197600	1
5198400	1
5199200	1
5200000	1
5200800	0
5201600	1
5202400	1
5203200	1
5204000	0
5204800	1
5205600	0
5206400	0
5207200	0
5208000	0
5208800	0
5209600	1
5210400	0
5211200	1
5212000	0
5212800	0
5213600	1
5214400	0
5215200	0
5216000	0
5216800	1
5217600	0
5218400	1
5219200	1
5220000	0
5220800	0
5221600	1
5222400	0
5223200	1
5224000	0
5224800	1
5225600	0
5226400	0
5227200	1
5228000	0
5228800	0
5229600	0
5230400	1
5231200	1
5232000	0
5232800	1
5233600	0
5234400	0
5235200	0
5236000	0
5236800	0
5237600	0
5238400	0
5239200	0
5240000	0
5240800	0
5241600	1
5242400	0
5243200	0
5244000	0
5244800	0
5245600	0
5246400	1
5247200	0
5248000	1
5248800	1
5249600	0
5250400	1
5251200	1
5252000	0
5252800	0
5253600	0
5254400	1
5255200	0
5256000	0
5256800	0
5257600	0
5258400	1
5259200	1
5260000	0
5260800	0
5261600	0
5262400	0
5263200	1
5264000	0
5264800	1
5265600	0
5266400	0
5267200	0
5268000	0
5268800	1
5269600	0
5270400	1
5271200	0
5272000	0
5272800	1
5273600	0
5274400	0
5275200	0
5276000	1
5276800	0
5277600	0
5278400	0
5279200	0
5280000	0
5280800	1
5281600	1
5282400	0
5283200	0
5284000	0
5284800	0
5285600	0
5286400	0
5287200	0
5288000	0
5288800	0
5289600	0
5290400	0
5291200	1
5292000	1
5292800	1
5293600	0
5294400	1
5295200	1
5296000	0
5296800	1
5297600	0
5298400	0
5299200	0
5300000	1
5300800	1
5301600	0
5302400	0
5303200	1
5304000	0
5304800	0
5305600	0
5306400	0
5307200	0
5308000	0
5308800	1
5309600	1
5310400	0
5311200	1
5312000	0
5312800	0
5313600	0
5314400	1
5315200	0
5316000	0
5316800	0
5317600	0
5318400	1
5319200	1
5320000	1
5320800	0
5321600	0
5322400	0
5323200	0
5324000	1
5324800	0
5325600	0
5326400	0
5327200	1
5328000	0
5328800	1
5329600	0
5330400	1
5331200	0
5332000	0
5332800	0
5333600	1
5334400	0
5335200	1
5336000	0
5336800	0
5337600	1
5338400	1
5339200	0
5340000	1
5340800	0
5341600	0
5342400	0
5343200	1
5344000	0
5344800	0
5345600	0
5346400	0
5347200	0
5348000	1
5348800	0
5349600	0
5350400	0
5351200	1
5352000	1
5352800	0
5353600	1
5354400	1
5355200	1
5356000	0
5356800	0
5357600	1
5358400	1
5359200	1
5360000	0
5360800	0
5361600	1
5362400	0
5363200	1
5364000	1
5364800	0
5365600	0
5366400	0
5367200	1
5368000	1
5368800	1
5369600	0
5370400	0
5371200	0
5372000	0
5372800	1
5373600	1
5374400	1
5375200	1
5376000	0
5376800	0
5377600	0
5378400	1
5379200	1
5380000	0
5380800	0
5381600	0
5382400	1
5383200	1
5384000	1
5384800	0
5385600	0
5386400	0
5387200	0
5388000	0
5388800	0
5389600	0
5390400	0
5391200	0
5392000	0
5392800	0
5393600	0
5394400	1
5395200	0
5396000	1
5396800	1
5397600	0
5398400	0
5399200	0
5400000	0
5400800	0
5401600	1
5402400	0
5403200	0
5404000	0
5404800	0
5405600	1
5406400	0
5407200	0
5408000	0
5408800	0
5409600	0
5410400	1
5411200	0
5412000	1
5412800	0
5413600	0
5414400	0
5415200	0
5416000	1
5416800	1
5417600	1
5418400	1
5419200	1
5420000	1
5420800	0
5421600	0
5422400	1
5423200	0
5424000	1
5424800	1
5425600	0
5426400	0
5427200	0
5428000	0
5428800	1
5429600	0
5430400	1
5431200	0
5432000	0
5432800	0
5433600	1
5434400	0
5435200	0
5436000	1
5436800	0
5437600	0
5438400	0
5439200	0
5440000	1
5440800	1
5441600	1
5442400	0
5443200	0
5444000	1
5444800	1
5445600	0
5446400	0
5447200	0
5448000	0
5448800	1
5449600	1
5450400	0
5451200	1
5452000	0
5452800	0
5453600	0
5454400	0
5455200	0
5456000	0
5456800	0
5457600	1
5458400	0
5459200	1
5460000	0
5460800	1
5461600	0
5462400	1
5463200	1
5464000	0
5464800	1
5465600	0
5466400	1
5467200	0
5468000	1
5468800	1
5469600	1
5470400	0
5471200	1
5472000	0
5472800	0
5473600	1
5474400	0
5475200	0
5476000	1
5476800	0
5477600	1
5478400	0
5479200	0
5480000	1
5480800	0
5481600	1
5482400	0
5483200	1
5484000	1
5484800	1
5485600	1
5486400	0
5487200	0
5488000	0
5488800	0
5489600	0
5490400	1
5491200	1
5492000	0
5492800	0
5493600	1
5494400	1
5495200	0
5496000	1
5496800	1
5497600	0
5498400	1
5499200	0
5500000	1
5500800	0
5501600	0
5502400	1
5503200	1
5504000	0
5504800	1
5505600	0
5506400	1
5507200	0
5508000	1
5508800	0
5509600	0
5510400	1
5511200	0
5512000	0
5512800	0
5513600	0
5514400	1
5515200	0
5516000	0
5516800	0
5517600	0
5518400	1
5519200	1
5520000	0
5520800	0
5521600	0
5522400	1
5523200	1
5524000	0
5524800	1
5525600	0
5526400	1
5527200	0
5528000	0
5528800	0
5529600	0
5530400	1
5531200	0
5532000	0
5532800	0
5533600	1
5534400	0
5535200	1
5536000	1
5536800	1
5537600	1
5538400	0
5539200	1
5540000	0
5540800	0
5541600	0
5542400	0
5543200	0
5544000	0
5544800	0
5545600	1
5546400	1
5547200	1
5548000	0
5548800	1
5549600	1
5550400	0
5551200	0
5552000	0
5552800	1
5553600	0
5554400	0
5555200	1
5556000	0
5556800	1
5557600	0
5558400	0
5559200	1
5560000	1
5560800	0
5561600	1
5562400	1
5563200	1
5564000	0
5564800	0
5565600	1
5566400	0
5567200	0
5568000	1
5568800	0
5569600	0
5570400	1
5571200	0
5572000	0
5572800	0
5573600	0
5574400	1
5575200	1
5576000	0
5576800	0
5577600	0
5578400	1
5579200	0
5580000	0
5580800	0
5581600	1
5582400	1
5583200	1
5584000	1
5584800	0
5585600	0
5586400	1
5587200	0
5588000	0
5588800	0
5589600	0
5590400	0
5591200	0
5592000	1
5592800	1
5593600	0
5594400	0
5595200	0
5596000	0
5596800	0
5597600	1
5598400	0
5599200	0
5600000	1
5600800	0
5601600	0
5602400	1
5603200	1
5604000	0
5604800	0
5605600	0
5606400	1
5607200	1
5608000	1
5608800	0
5609600	0
5610400	0
5611200	0
5612000	0
5612800	0
5613600	0
5614400	0
5615200	0
5616000	0
5616800	1
5617600	0
5618400	0
5619200	0
5620000	0
5620800	1
5621600	0
5622400	1
5623200	0
5624000	1
5624800	0
5625600	0
5626400	0
5627200	0
5628000	1
5628800	1
5629600	1
5630400	0
5631200	0
5632000	1
5632800	0
5633600	0
5634400	0
5635200	0
5636000	0
5636800	0
5637600	0
5638400	0
5639200	0
5640000	0
5640800	1
5641600	1
5642400	0
5643200	1
5644000	1
5644800	1
5645600	0
5646400	0
5647200	1
5648000	1
5648800	0
5649600	0
5650400	0
5651200	0
5652000	1
5652800	1
5653600	0
5654400	0
5655200	0
5656000	0
5656800	0
5657600	0
5658400	1
5659200	1
5660000	0
5660800	0
5661600	0
5662400	1
5663200	0
5664000	0
5664800	1
5665600	1
5666400	1
5667200	1
5668000	0
5668800	0
5669600	0
5670400	0
5671200	1
5672000	0
5672800	0
5673600	0
5674400	1
5675200	0
5676000	1
5676800	0
5677600	1
5678400	0
5679200	0
5680000	0
5680800	0
5681600	1
5682400	0
5683200	0
5684000	0
5684800	1
5685600	1
5686400	0
5687200	1
5688000	0
5688800	0
5689600	0
5690400	1
5691200	1
5692000	1
5692800	0
5693600	1
5694400	1
5695200	1
5696000	1
5696800	1
5697600	0
5698400	0
5699200	0
5700000	0
5700800	1
5701600	1
5702400	0
5703200	0
5704000	0
5704800	0
5705600	0
5706400	1
5707200	1
5708000	1
5708800	0
5709600	0
5710400	0
5711200	1
5712000	1
5712800	0
5713600	0
5714400	0
5715200	0
5716000	0
5716800	0
5717600	0
5718400	0
5719200	1
5720000	0
5720800	0
5721600	0
5722400	1
5723200	0
5724000	0
5724800	1
5725600	0
5726400	0
5727200	1
5728000	0
5728800	1
5729600	0
5730400	1
5731200	1
5732000	0
5732800	1
5733600	0
5734400	0
5735200	0
5736000	1
5736800	0
5737600	1
5738400	1
5739200	0
5740000	1
5740800	1
5741600	0
5742400	0
5743200	0
5744000	0
5744800	1
5745600	0
5746400	0
5747200	0
5748000	0
5748800	0
5749600	1
5750400	0
5751200	1
5752000	0
5752800	1
5753600	1
5754400	0
5755200	0
5756000	1
5756800	0
5757600	0
5758400	0
5759200	0
5760000	1
5760800	0
5761600	0
5762400	1
5763200	0
5764000	0
5764800	1
5765600	0
5766400	0
5767200	1
5768000	1
5768800	1
5769600	0
5770400	0
5771200	0
5772000	1
5772800	0
5773600	0
5774400	0
5775200	1
5776000	1
5776800	0
5777600	0
5778400	1
5779200	1
5780000	0
5780800	0
5781600	0
5782400	0
5783200	0
5784000	1
5784800	1
5785600	0
5786400	0
5787200	0
5788000	1
5788800	1
5789600	0
5790400	0
5791200	0
5792000	1
5792800	0
5793600	0
5794400	1
5795200	0
5796000	0
5796800	0
5797600	0
5798400	0
5799200	1
5800000	0
5800800	0
5801600	1
5802400	0
5803200	0
5804000	0
5804800	0
5805600	1
5806400	1
5807200	0
5808000	1
5808800	0
5809600	1
5810400	1
5811200	0
5812000	0
5812800	0
5813600	0
5814400	0
5815200	0
5816000	0
5816800	1
5817600	1
5818400	0
5819200	0
5820000	0
5820800	1
5821600	0
5822400	0
5823200	0
5824000	1
5824800	0
5825600	0
5826400	1
5827200	0
5828000	0
5828800	1
5829600	0
5830400	1
5831200	0
5832000	0
5832800	1
5833600	0
5834400	0
5835200	0
5836000	0
5836800	0
5837600	0
5838400	0
5839200	1
5840000	1
5840800	0
5841600	0
5842400	0
5843200	0
5844000	1
5844800	1
5845600	0
5846400	1
5847200	1
5848000	0
5848800	1
5849600	0
5850400	0
5851200	0
5852000	0
5852800	0
5853600	0
5854400	0
5855200	1
5856000	0
5856800	0
5857600	0
5858400	0
5859200	1
5860000	0
5860800	1
5861600	1
5862400	1
5863200	1
5864000	0
5864800	1
5865600	0
5866400	0
5867200	1
5868000	1
5868800	0
5869600	0
5870400	0
5871200	0
5872000	0
5872800	0
5873600	0
5874400	0
5875200	0
5876000	0
5876800	0
5877600	0
5878400	1
5879200	0
5880000	0
5880800	0
5881600	0
5882400	0
5883200	0
5884000	0
5884800	0
5885600	1
5886400	1
5887200	0
5888000	1
5888800	0
5889600	1
5890400	0
5891200	0
5892000	0
5892800	1
5893600	1
5894400	1
5895200	0
5896000	0
5896800	1
5897600	0
5898400	0
5899200	0
5900000	0
5900800	1
5901600	1
5902400	0
5903200	1
5904000	1
5904800	1
5905600	0
5906400	0
5907200	0
5908000	0
5908800	0
5909600	0
5910400	0
5911200	0
5912000	0
5912800	1
5913600	0
5914400	1
5915200	0
5916000	1
5916800	0
5917600	1
5918400	1
5919200	1
5920000	0
5920800	1
5921600	0
5922400	1
5923200	0
5924000	0
5924800	0
5925600	1
5926400	0
5927200	1
5928000	0
5928800	1
5929600	1
5930400	1
5931200	0
5932000	0
5932800	0
5933600	1
5934400	0
5935200	0
5936000	0
5936800	0
5937600	0
5938400	0
5939200	0
5940000	0
5940800	1
5941600	0
5942400	0
5943200	1
5944000	1
5944800	0
5945600	0
5946400	0
5947200	1
5948000	1
5948800	1
5949600	0
5950400	0
5951200	0
5952000	0
5952800	1
5953600	0
5954400	0
5955200	0
5956000	0
5956800	0
5957600	0
5958400	1
5959200	0
5960000	0
5960800	0
5961600	0
5962400	0
5963200	0
5964000	0
5964800	0
5965600	0
5966400	1
5967200	0
5968000	0
5968800	0
5969600	1
5970400	1
5971200	1
5972000	0
5972800	1
5973600	0
5974400	1
5975200	0
5976000	0
5976800	0
5977600	1
5978400	0
5979200	0
5980000	0
5980800	1
5981600	0
5982400	1
5983200	0
5984000	1
5984800	0
5985600	0
5986400	0
5987200	0
5988000	1
5988800	1
5989600	1
5990400	1
5991200	0
5992000	1
5992800	0
5993600	1
5994400	1
5995200	0
5996000	1
5996800	0
5997600	0
5998400	0
5999200	1
6000000	1
