800	0.0
1600	1.0
2400	0.0
3200	0.0
4000	0.0
4800	0.0
5600	0.0
6400	1.0
7200	0.0
8000	0.0
8800	0.0
9600	0.0
10400	0.0
11200	0.0
12000	0.0
12800	0.0
13600	0.0
14400	0.0
15200	0.0
16000	1.0
16800	0.0
17600	0.0
18400	1.0
19200	0.0
20000	0.0
20800	0.0
21600	0.0
22400	0.0
23200	0.0
24000	0.0
24800	0.0
25600	0.0
26400	0.0
27200	0.0
28000	0.0
28800	0.0
29600	0.0
30400	0.0
31200	0.0
32000	0.0
32800	1.0
33600	0.0
34400	0.0
35200	0.0
36000	0.0
36800	0.0
37600	0.0
38400	0.0
39200	0.0
40000	0.0
40800	1.0
41600	0.0
42400	0.0
43200	0.0
44000	1.0
44800	0.0
45600	0.0
46400	0.0
47200	1.0
48000	0.0
48800	0.0
49600	0.0
50400	0.0
51200	0.0
52000	0.0
52800	0.0
53600	0.0
54400	0.0
55200	0.0
56000	0.0
56800	0.0
57600	0.0
58400	0.0
59200	0.0
60000	0.0
60800	0.0
61600	1.0
62400	0.0
63200	0.0
64000	1.0
64800	0.0
65600	0.0
66400	0.0
67200	0.0
68000	0.0
68800	1.0
69600	0.0
70400	0.0
71200	1.0
72000	0.0
72800	1.0
73600	0.0
74400	0.0
75200	1.0
76000	0.0
76800	0.0
77600	0.0
78400	0.0
79200	1.0
80000	0.0
80800	0.0
81600	1.0
82400	0.0
83200	0.0
84000	0.0
84800	0.0
85600	0.0
86400	0.0
87200	0.0
88000	0.0
88800	0.0
89600	0.0
90400	0.0
91200	0.0
92000	0.0
92800	0.0
93600	0.0
94400	0.0
95200	0.0
96000	0.0
96800	0.0
97600	0.0
98400	0.0
99200	0.0
100000	0.0
100800	0.0
101600	0.0
102400	0.0
103200	0.0
104000	0.0
104800	0.0
105600	0.0
106400	0.0
107200	0.0
108000	0.0
108800	0.0
109600	0.0
110400	0.0
111200	0.0
112000	0.0
112800	0.0
113600	0.0
114400	0.0
115200	0.0
116000	0.0
116800	0.0
117600	0.0
118400	0.0
119200	0.0
120000	0.0
120800	0.0
121600	0.0
122400	0.0
123200	0.0
124000	0.0
124800	1.0
125600	0.0
126400	0.0
127200	1.0
128000	0.0
128800	0.0
129600	0.0
130400	1.0
131200	0.0
132000	0.0
132800	0.0
133600	0.0
134400	1.0
135200	0.0
136000	0.0
136800	0.0
137600	1.0
138400	0.0
139200	0.0
140000	0.0
140800	0.0
141600	0.0
142400	0.0
143200	0.0
144000	0.0
144800	0.0
145600	0.0
146400	0.0
147200	0.0
148000	0.0
148800	0.0
149600	0.0
150400	0.0
151200	0.0
152000	1.0
152800	0.0
153600	0.0
154400	0.0
155200	0.0
156000	0.0
156800	0.0
157600	0.0
158400	0.0
159200	0.0
160000	0.0
160800	0.0
161600	0.0
162400	0.0
163200	0.0
164000	0.0
164800	0.0
165600	1.0
166400	0.0
167200	0.0
168000	0.0
168800	0.0
169600	1.0
170400	0.0
171200	0.0
172000	1.0
172800	0.0
173600	0.0
174400	0.0
175200	0.0
176000	0.0
176800	0.0
177600	0.0
178400	0.0
179200	0.0
180000	0.0
180800	0.0
181600	0.0
182400	0.0
183200	0.0
184000	0.0
184800	0.0
185600	0.0
186400	0.0
187200	0.0
188000	0.0
188800	0.0
189600	1.0
190400	0.0
191200	0.0
192000	0.0
192800	0.0
193600	0.0
194400	0.0
195200	0.0
196000	0.0
196800	1.0
197600	0.0
198400	0.0
199200	0.0
200000	0.0
200800	0.0
201600	0.0
202400	1.0
203200	0.0
204000	0.0
204800	0.0
205600	1.0
206400	0.0
207200	0.0
208000	1.0
208800	0.0
209600	0.0
210400	0.0
211200	0.0
212000	0.0
212800	0.0
213600	0.0
214400	0.0
215200	0.0
216000	0.0
216800	0.0
217600	1.0
218400	0.0
219200	0.0
220000	0.0
220800	1.0
221600	0.0
222400	0.0
223200	0.0
224000	0.0
224800	1.0
225600	0.0
226400	0.0
227200	0.0
228000	0.0
228800	0.0
229600	0.0
230400	0.0
231200	0.0
232000	0.0
232800	0.0
233600	0.0
234400	0.0
235200	0.0
236000	0.0
236800	0.0
237600	1.0
238400	0.0
239200	0.0
240000	0.0
240800	0.0
241600	0.0
242400	0.0
243200	0.0
244000	0.0
244800	0.0
245600	0.0
246400	0.0
247200	0.0
248000	0.0
248800	0.0
249600	0.0
250400	0.0
251200	1.0
252000	0.0
252800	0.0
253600	0.0
254400	0.0
255200	0.0
256000	0.0
256800	0.0
257600	0.0
258400	0.0
259200	0.0
260000	0.0
260800	0.0
261600	0.0
262400	0.0
263200	0.0
264000	0.0
264800	0.0
265600	3.0
266400	2.0
267200	0.0
268000	1.0
268800	4.0
269600	2.0
270400	1.0
271200	1.0
272000	0.0
272800	4.0
273600	0.0
274400	1.0
275200	2.0
276000	1.0
276800	0.0
277600	3.0
278400	0.0
279200	0.0
280000	0.0
280800	2.0
281600	5.0
282400	2.0
283200	2.0
284000	0.0
284800	0.0
285600	0.0
286400	0.0
287200	0.0
288000	1.0
288800	4.0
289600	5.0
290400	5.0
291200	6.0
292000	4.0
292800	3.0
293600	2.0
294400	4.0
295200	0.0
296000	2.0
296800	3.0
297600	5.0
298400	0.0
299200	6.0
300000	1.0
300800	1.0
301600	2.0
302400	1.0
303200	0.0
304000	2.0
304800	2.0
305600	4.0
306400	4.0
307200	0.0
308000	0.0
308800	0.0
309600	3.0
310400	3.0
311200	0.0
312000	0.0
312800	2.0
313600	1.0
314400	4.0
315200	4.0
316000	6.0
316800	6.0
317600	5.0
318400	4.0
319200	0.0
320000	2.0
320800	3.0
321600	4.0
322400	2.0
323200	5.0
324000	4.0
324800	2.0
325600	1.0
326400	0.0
327200	0.0
328000	0.0
328800	0.0
329600	0.0
330400	1.0
331200	0.0
332000	4.0
332800	1.0
333600	6.0
334400	5.0
335200	5.0
336000	2.0
336800	7.0
337600	8.0
338400	1.0
339200	4.0
340000	0.0
340800	0.0
341600	1.0
342400	0.0
343200	5.0
344000	5.0
344800	6.0
345600	6.0
346400	6.0
347200	8.0
348000	4.0
348800	4.0
349600	6.0
350400	6.0
351200	6.0
352000	6.0
352800	7.0
353600	2.0
354400	7.0
355200	4.0
356000	0.0
356800	4.0
357600	5.0
358400	6.0
359200	5.0
360000	6.0
360800	8.0
361600	8.0
362400	7.0
363200	6.0
364000	5.0
364800	6.0
365600	6.0
366400	6.0
367200	5.0
368000	6.0
368800	6.0
369600	7.0
370400	0.0
371200	3.0
372000	6.0
372800	7.0
373600	6.0
374400	8.0
375200	7.0
376000	4.0
376800	6.0
377600	7.0
378400	8.0
379200	8.0
380000	7.0
380800	6.0
381600	7.0
382400	4.0
383200	7.0
384000	8.0
384800	7.0
385600	7.0
386400	4.0
387200	7.0
388000	0.0
388800	5.0
389600	7.0
390400	7.0
391200	7.0
392000	5.0
392800	2.0
393600	0.0
394400	2.0
395200	0.0
396000	0.0
396800	0.0
397600	0.0
398400	0.0
399200	4.0
400000	7.0
400800	8.0
401600	5.0
402400	7.0
403200	8.0
404000	5.0
404800	7.0
405600	6.0
406400	9.0
407200	6.0
408000	2.0
408800	0.0
409600	1.0
410400	0.0
411200	1.0
412000	0.0
412800	0.0
413600	0.0
414400	1.0
415200	0.0
416000	0.0
416800	0.0
417600	1.0
418400	0.0
419200	0.0
420000	0.0
420800	0.0
421600	0.0
422400	0.0
423200	0.0
424000	0.0
424800	0.0
425600	1.0
426400	0.0
427200	0.0
428000	0.0
428800	0.0
429600	0.0
430400	0.0
431200	0.0
432000	1.0
432800	0.0
433600	0.0
434400	1.0
435200	0.0
436000	0.0
436800	0.0
437600	0.0
438400	0.0
439200	1.0
440000	0.0
440800	0.0
441600	0.0
442400	0.0
443200	0.0
444000	0.0
444800	0.0
445600	0.0
446400	0.0
447200	0.0
448000	0.0
448800	0.0
449600	0.0
450400	0.0
451200	0.0
452000	0.0
452800	0.0
453600	0.0
454400	0.0
455200	0.0
456000	0.0
456800	0.0
457600	1.0
458400	0.0
459200	0.0
460000	1.0
460800	0.0
461600	0.0
462400	0.0
463200	0.0
464000	0.0
464800	0.0
465600	0.0
466400	0.0
467200	0.0
468000	0.0
468800	0.0
469600	0.0
470400	0.0
471200	0.0
472000	0.0
472800	1.0
473600	0.0
474400	0.0
475200	0.0
476000	0.0
476800	1.0
477600	0.0
478400	0.0
479200	0.0
480000	0.0
480800	0.0
481600	0.0
482400	0.0
483200	0.0
484000	0.0
484800	0.0
485600	1.0
486400	0.0
487200	0.0
488000	0.0
488800	0.0
489600	0.0
490400	0.0
491200	0.0
492000	0.0
492800	0.0
493600	1.0
494400	0.0
495200	1.0
496000	0.0
496800	0.0
497600	0.0
498400	0.0
499200	0.0
500000	0.0
500800	0.0
501600	0.0
502400	1.0
503200	0.0
504000	0.0
504800	0.0
505600	0.0
506400	1.0
507200	0.0
508000	0.0
508800	0.0
509600	0.0
510400	1.0
511200	0.0
512000	0.0
512800	0.0
513600	0.0
514400	0.0
515200	0.0
516000	0.0
516800	0.0
517600	0.0
518400	1.0
519200	0.0
520000	1.0
520800	0.0
521600	0.0
522400	0.0
523200	1.0
524000	0.0
524800	1.0
525600	0.0
526400	0.0
527200	0.0
528000	0.0
528800	1.0
529600	0.0
530400	0.0
531200	0.0
532000	0.0
532800	0.0
533600	0.0
534400	0.0
535200	0.0
536000	0.0
536800	0.0
537600	0.0
538400	0.0
539200	0.0
540000	1.0
540800	0.0
541600	0.0
542400	0.0
543200	0.0
544000	0.0
544800	0.0
545600	0.0
546400	0.0
547200	0.0
548000	0.0
548800	0.0
549600	0.0
550400	0.0
551200	0.0
552000	0.0
552800	0.0
553600	0.0
554400	0.0
555200	1.0
556000	0.0
556800	0.0
557600	0.0
558400	0.0
559200	0.0
560000	0.0
560800	1.0
561600	0.0
562400	0.0
563200	0.0
564000	0.0
564800	0.0
565600	0.0
566400	2.0
567200	0.0
568000	0.0
568800	0.0
569600	1.0
570400	1.0
571200	2.0
572000	0.0
572800	0.0
573600	0.0
574400	2.0
575200	0.0
576000	0.0
576800	1.0
577600	1.0
578400	0.0
579200	2.0
580000	1.0
580800	0.0
581600	0.0
582400	1.0
583200	2.0
584000	0.0
584800	3.0
585600	0.0
586400	0.0
587200	0.0
588000	1.0
588800	0.0
589600	0.0
590400	0.0
591200	2.0
592000	2.0
592800	4.0
593600	3.0
594400	0.0
595200	3.0
596000	3.0
596800	0.0
597600	1.0
598400	0.0
599200	4.0
600000	1.0
600800	0.0
601600	0.0
602400	1.0
603200	4.0
604000	0.0
604800	0.0
605600	0.0
606400	3.0
607200	0.0
608000	2.0
608800	3.0
609600	5.0
610400	1.0
611200	1.0
612000	0.0
612800	3.0
613600	6.0
614400	6.0
615200	1.0
616000	3.0
616800	2.0
617600	3.0
618400	0.0
619200	3.0
620000	3.0
620800	3.0
621600	3.0
622400	4.0
623200	0.0
624000	2.0
624800	2.0
625600	2.0
626400	8.0
627200	7.0
628000	5.0
628800	5.0
629600	3.0
630400	3.0
631200	1.0
632000	5.0
632800	4.0
633600	2.0
634400	3.0
635200	6.0
636000	2.0
636800	4.0
637600	2.0
638400	7.0
639200	8.0
640000	6.0
640800	7.0
641600	6.0
642400	5.0
643200	5.0
644000	2.0
644800	3.0
645600	2.0
646400	6.0
647200	5.0
648000	8.0
648800	8.0
649600	7.0
650400	8.0
651200	7.0
652000	6.0
652800	7.0
653600	7.0
654400	8.0
655200	7.0
656000	6.0
656800	8.0
657600	7.0
658400	6.0
659200	7.0
660000	7.0
660800	7.0
661600	7.0
662400	6.0
663200	7.0
664000	6.0
664800	6.0
665600	6.0
666400	6.0
667200	6.0
668000	7.0
668800	6.0
669600	7.0
670400	6.0
671200	6.0
672000	7.0
672800	5.0
673600	5.0
674400	5.0
675200	2.0
676000	6.0
676800	7.0
677600	5.0
678400	7.0
679200	6.0
680000	6.0
680800	5.0
681600	7.0
682400	5.0
683200	7.0
684000	7.0
684800	6.0
685600	6.0
686400	6.0
687200	4.0
688000	6.0
688800	5.0
689600	5.0
690400	5.0
691200	6.0
692000	2.0
692800	3.0
693600	6.0
694400	4.0
695200	5.0
696000	5.0
696800	3.0
697600	1.0
698400	4.0
699200	2.0
700000	4.0
700800	5.0
701600	6.0
702400	4.0
703200	0.0
704000	2.0
704800	4.0
705600	4.0
706400	2.0
707200	2.0
708000	1.0
708800	3.0
709600	2.0
710400	2.0
711200	5.0
712000	4.0
712800	2.0
713600	3.0
714400	2.0
715200	3.0
716000	0.0
716800	0.0
717600	1.0
718400	4.0
719200	2.0
720000	2.0
720800	3.0
721600	0.0
722400	0.0
723200	0.0
724000	2.0
724800	0.0
725600	3.0
726400	3.0
727200	0.0
728000	0.0
728800	0.0
729600	2.0
730400	0.0
731200	4.0
732000	3.0
732800	0.0
733600	4.0
734400	0.0
735200	3.0
736000	2.0
736800	1.0
737600	3.0
738400	3.0
739200	0.0
740000	0.0
740800	0.0
741600	0.0
742400	0.0
743200	0.0
744000	1.0
744800	2.0
745600	1.0
746400	1.0
747200	1.0
748000	0.0
748800	0.0
749600	0.0
750400	2.0
751200	1.0
752000	0.0
752800	0.0
753600	0.0
754400	0.0
755200	0.0
756000	2.0
756800	0.0
757600	1.0
758400	0.0
759200	0.0
760000	0.0
760800	0.0
761600	0.0
762400	0.0
763200	1.0
764000	1.0
764800	3.0
765600	0.0
766400	1.0
767200	0.0
768000	0.0
768800	0.0
769600	0.0
770400	0.0
771200	1.0
772000	0.0
772800	1.0
773600	1.0
774400	2.0
775200	3.0
776000	0.0
776800	3.0
777600	1.0
778400	1.0
779200	0.0
780000	2.0
780800	1.0
781600	0.0
782400	0.0
783200	0.0
784000	0.0
784800	0.0
785600	0.0
786400	1.0
787200	0.0
788000	0.0
788800	1.0
789600	0.0
790400	0.0
791200	1.0
792000	1.0
792800	3.0
793600	0.0
794400	0.0
795200	1.0
796000	0.0
796800	0.0
797600	2.0
798400	1.0
799200	1.0
800000	2.0
800800	0.0
801600	1.0
802400	1.0
803200	1.0
804000	1.0
804800	0.0
805600	0.0
806400	1.0
807200	0.0
808000	0.0
808800	1.0
809600	0.0
810400	0.0
811200	0.0
812000	0.0
812800	0.0
813600	1.0
814400	2.0
815200	1.0
816000	1.0
816800	2.0
817600	3.0
818400	0.0
819200	0.0
820000	0.0
820800	1.0
821600	0.0
822400	0.0
823200	0.0
824000	0.0
824800	0.0
825600	1.0
826400	1.0
827200	3.0
828000	1.0
828800	0.0
829600	2.0
830400	1.0
831200	0.0
832000	2.0
832800	2.0
833600	0.0
834400	0.0
835200	0.0
836000	0.0
836800	0.0
837600	0.0
838400	1.0
839200	0.0
840000	2.0
840800	1.0
841600	1.0
842400	1.0
843200	2.0
844000	2.0
844800	0.0
845600	1.0
846400	0.0
847200	1.0
848000	3.0
848800	2.0
849600	1.0
850400	2.0
851200	1.0
852000	2.0
852800	0.0
853600	0.0
854400	0.0
855200	0.0
856000	0.0
856800	3.0
857600	0.0
858400	0.0
859200	0.0
860000	1.0
860800	1.0
861600	1.0
862400	0.0
863200	0.0
864000	0.0
864800	0.0
865600	0.0
866400	1.0
867200	1.0
868000	0.0
868800	0.0
869600	2.0
870400	2.0
871200	1.0
872000	1.0
872800	2.0
873600	1.0
874400	1.0
875200	0.0
876000	1.0
876800	0.0
877600	3.0
878400	0.0
879200	0.0
880000	0.0
880800	0.0
881600	0.0
882400	0.0
883200	0.0
884000	3.0
884800	0.0
885600	1.0
886400	4.0
887200	2.0
888000	0.0
888800	2.0
889600	3.0
890400	1.0
891200	0.0
892000	2.0
892800	1.0
893600	1.0
894400	0.0
895200	0.0
896000	0.0
896800	1.0
897600	1.0
898400	2.0
899200	2.0
900000	0.0
900800	4.0
901600	2.0
902400	2.0
903200	2.0
904000	0.0
904800	1.0
905600	4.0
906400	1.0
907200	1.0
908000	0.0
908800	1.0
909600	3.0
910400	2.0
911200	1.0
912000	0.0
912800	0.0
913600	1.0
914400	0.0
915200	0.0
916000	5.0
916800	3.0
917600	3.0
918400	0.0
919200	2.0
920000	1.0
920800	0.0
921600	1.0
922400	1.0
923200	3.0
924000	3.0
924800	2.0
925600	2.0
926400	2.0
927200	2.0
928000	0.0
928800	0.0
929600	1.0
930400	4.0
931200	0.0
932000	4.0
932800	2.0
933600	1.0
934400	5.0
935200	1.0
936000	0.0
936800	0.0
937600	1.0
938400	1.0
939200	1.0
940000	3.0
940800	4.0
941600	6.0
942400	3.0
943200	3.0
944000	3.0
944800	0.0
945600	0.0
946400	0.0
947200	0.0
948000	0.0
948800	1.0
949600	3.0
950400	4.0
951200	0.0
952000	1.0
952800	1.0
953600	0.0
954400	3.0
955200	1.0
956000	1.0
956800	3.0
957600	0.0
958400	1.0
959200	2.0
960000	0.0
960800	2.0
961600	2.0
962400	0.0
963200	0.0
964000	0.0
964800	0.0
965600	0.0
966400	1.0
967200	3.0
968000	3.0
968800	0.0
969600	5.0
970400	2.0
971200	5.0
972000	4.0
972800	1.0
973600	0.0
974400	5.0
975200	2.0
976000	1.0
976800	0.0
977600	0.0
978400	0.0
979200	2.0
980000	4.0
980800	3.0
981600	1.0
982400	3.0
983200	3.0
984000	1.0
984800	2.0
985600	3.0
986400	4.0
987200	3.0
988000	2.0
988800	5.0
989600	2.0
990400	6.0
991200	3.0
992000	2.0
992800	2.0
993600	2.0
994400	2.0
995200	3.0
996000	5.0
996800	5.0
997600	0.0
998400	0.0
999200	3.0
1000000	3.0
1000800	3.0
1001600	3.0
1002400	2.0
1003200	0.0
1004000	0.0
1004800	0.0
1005600	2.0
1006400	0.0
1007200	0.0
1008000	2.0
1008800	5.0
1009600	2.0
1010400	0.0
1011200	4.0
1012000	3.0
1012800	3.0
1013600	3.0
1014400	1.0
1015200	4.0
1016000	2.0
1016800	2.0
1017600	4.0
1018400	2.0
1019200	1.0
1020000	3.0
1020800	1.0
1021600	3.0
1022400	3.0
1023200	2.0
1024000	2.0
1024800	4.0
1025600	2.0
1026400	0.0
1027200	0.0
1028000	0.0
1028800	1.0
1029600	2.0
1030400	1.0
1031200	2.0
1032000	3.0
1032800	2.0
1033600	2.0
1034400	1.0
1035200	2.0
1036000	2.0
1036800	1.0
1037600	5.0
1038400	0.0
1039200	0.0
1040000	0.0
1040800	3.0
1041600	0.0
1042400	3.0
1043200	1.0
1044000	6.0
1044800	2.0
1045600	0.0
1046400	0.0
1047200	0.0
1048000	0.0
1048800	1.0
1049600	2.0
1050400	2.0
1051200	2.0
1052000	2.0
1052800	0.0
1053600	4.0
1054400	1.0
1055200	1.0
1056000	2.0
1056800	2.0
1057600	3.0
1058400	4.0
1059200	0.0
1060000	0.0
1060800	1.0
1061600	2.0
1062400	0.0
1063200	0.0
1064000	0.0
1064800	4.0
1065600	3.0
1066400	1.0
1067200	0.0
1068000	0.0
1068800	3.0
1069600	2.0
1070400	2.0
1071200	1.0
1072000	2.0
1072800	1.0
1073600	2.0
1074400	1.0
1075200	5.0
1076000	3.0
1076800	0.0
1077600	0.0
1078400	0.0
1079200	0.0
1080000	6.0
1080800	2.0
1081600	2.0
1082400	1.0
1083200	3.0
1084000	1.0
1084800	4.0
1085600	1.0
1086400	1.0
1087200	1.0
1088000	3.0
1088800	0.0
1089600	1.0
1090400	1.0
1091200	2.0
1092000	3.0
1092800	4.0
1093600	1.0
1094400	0.0
1095200	0.0
1096000	1.0
1096800	0.0
1097600	0.0
1098400	1.0
1099200	6.0
1100000	5.0
1100800	5.0
1101600	0.0
1102400	0.0
1103200	0.0
1104000	2.0
1104800	2.0
1105600	0.0
1106400	0.0
1107200	1.0
1108000	2.0
1108800	3.0
1109600	2.0
1110400	3.0
1111200	2.0
1112000	3.0
1112800	2.0
1113600	0.0
1114400	0.0
1115200	3.0
1116000	2.0
1116800	0.0
1117600	0.0
1118400	1.0
1119200	0.0
1120000	0.0
1120800	0.0
1121600	0.0
1122400	0.0
1123200	3.0
1124000	2.0
1124800	1.0
1125600	4.0
1126400	3.0
1127200	2.0
1128000	1.0
1128800	3.0
1129600	0.0
1130400	0.0
1131200	0.0
1132000	2.0
1132800	2.0
1133600	0.0
1134400	1.0
1135200	0.0
1136000	0.0
1136800	3.0
1137600	4.0
1138400	1.0
1139200	1.0
1140000	4.0
1140800	2.0
1141600	2.0
1142400	2.0
1143200	3.0
1144000	0.0
1144800	1.0
1145600	3.0
1146400	0.0
1147200	3.0
1148000	2.0
1148800	0.0
1149600	0.0
1150400	1.0
1151200	2.0
1152000	5.0
1152800	2.0
1153600	3.0
1154400	1.0
1155200	1.0
1156000	2.0
1156800	0.0
1157600	2.0
1158400	1.0
1159200	4.0
1160000	0.0
1160800	1.0
1161600	0.0
1162400	1.0
1163200	1.0
1164000	1.0
1164800	0.0
1165600	0.0
1166400	0.0
1167200	3.0
1168000	3.0
1168800	5.0
1169600	1.0
1170400	3.0
1171200	2.0
1172000	4.0
1172800	2.0
1173600	0.0
1174400	0.0
1175200	0.0
1176000	0.0
1176800	3.0
1177600	2.0
1178400	1.0
1179200	1.0
1180000	1.0
1180800	0.0
1181600	0.0
1182400	2.0
1183200	2.0
1184000	5.0
1184800	0.0
1185600	0.0
1186400	0.0
1187200	1.0
1188000	3.0
1188800	3.0
1189600	1.0
1190400	0.0
1191200	0.0
1192000	1.0
1192800	0.0
1193600	0.0
1194400	0.0
1195200	0.0
1196000	0.0
1196800	4.0
1197600	1.0
1198400	1.0
1199200	0.0
1200000	0.0
1200800	0.0
1201600	0.0
1202400	0.0
1203200	1.0
1204000	1.0
1204800	1.0
1205600	4.0
1206400	2.0
1207200	3.0
1208000	4.0
1208800	1.0
1209600	4.0
1210400	3.0
1211200	1.0
1212000	0.0
1212800	3.0
1213600	4.0
1214400	3.0
1215200	1.0
1216000	1.0
1216800	1.0
1217600	1.0
1218400	1.0
1219200	1.0
1220000	2.0
1220800	2.0
1221600	3.0
1222400	5.0
1223200	1.0
1224000	4.0
1224800	0.0
1225600	1.0
1226400	2.0
1227200	0.0
1228000	4.0
1228800	2.0
1229600	1.0
1230400	1.0
1231200	3.0
1232000	2.0
1232800	0.0
1233600	3.0
1234400	3.0
1235200	1.0
1236000	6.0
1236800	1.0
1237600	3.0
1238400	1.0
1239200	4.0
1240000	3.0
1240800	3.0
1241600	0.0
1242400	3.0
1243200	3.0
1244000	1.0
1244800	4.0
1245600	1.0
1246400	3.0
1247200	4.0
1248000	4.0
1248800	2.0
1249600	1.0
1250400	1.0
1251200	0.0
1252000	4.0
1252800	5.0
1253600	1.0
1254400	1.0
1255200	0.0
1256000	2.0
1256800	3.0
1257600	0.0
1258400	1.0
1259200	0.0
1260000	0.0
1260800	1.0
1261600	2.0
1262400	5.0
1263200	3.0
1264000	0.0
1264800	0.0
1265600	2.0
1266400	0.0
1267200	0.0
1268000	4.0
1268800	2.0
1269600	2.0
1270400	1.0
1271200	0.0
1272000	1.0
1272800	2.0
1273600	2.0
1274400	2.0
1275200	4.0
1276000	3.0
1276800	0.0
1277600	0.0
1278400	1.0
1279200	3.0
1280000	4.0
1280800	4.0
1281600	3.0
1282400	4.0
1283200	4.0
1284000	2.0
1284800	4.0
1285600	3.0
1286400	1.0
1287200	2.0
1288000	2.0
1288800	0.0
1289600	2.0
1290400	1.0
1291200	1.0
1292000	3.0
1292800	4.0
1293600	1.0
1294400	2.0
1295200	0.0
1296000	0.0
1296800	0.0
1297600	1.0
1298400	2.0
1299200	4.0
1300000	3.0
1300800	3.0
1301600	2.0
1302400	3.0
1303200	2.0
1304000	0.0
1304800	1.0
1305600	2.0
1306400	0.0
1307200	0.0
1308000	2.0
1308800	0.0
1309600	1.0
1310400	1.0
1311200	0.0
1312000	2.0
1312800	0.0
1313600	2.0
1314400	2.0
1315200	3.0
1316000	2.0
1316800	0.0
1317600	2.0
1318400	3.0
1319200	1.0
1320000	3.0
1320800	0.0
1321600	0.0
1322400	3.0
1323200	4.0
1324000	4.0
1324800	2.0
1325600	0.0
1326400	1.0
1327200	0.0
1328000	0.0
1328800	0.0
1329600	0.0
1330400	2.0
1331200	6.0
1332000	2.0
1332800	0.0
1333600	0.0
1334400	2.0
1335200	3.0
1336000	0.0
1336800	0.0
1337600	1.0
1338400	0.0
1339200	1.0
1340000	1.0
1340800	1.0
1341600	0.0
1342400	1.0
1343200	1.0
1344000	3.0
1344800	1.0
1345600	0.0
1346400	1.0
1347200	3.0
1348000	1.0
1348800	4.0
1349600	3.0
1350400	2.0
1351200	0.0
1352000	2.0
1352800	2.0
1353600	2.0
1354400	1.0
1355200	2.0
1356000	3.0
1356800	2.0
1357600	4.0
1358400	1.0
1359200	4.0
1360000	1.0
1360800	1.0
1361600	0.0
1362400	1.0
1363200	2.0
1364000	4.0
1364800	4.0
1365600	1.0
1366400	1.0
1367200	3.0
1368000	4.0
1368800	4.0
1369600	2.0
1370400	1.0
1371200	2.0
1372000	3.0
1372800	5.0
1373600	3.0
1374400	2.0
1375200	0.0
1376000	1.0
1376800	0.0
1377600	0.0
1378400	1.0
1379200	0.0
1380000	0.0
1380800	0.0
1381600	1.0
1382400	0.0
1383200	0.0
1384000	0.0
1384800	0.0
1385600	0.0
1386400	1.0
1387200	1.0
1388000	0.0
1388800	1.0
1389600	4.0
1390400	2.0
1391200	0.0
1392000	1.0
1392800	0.0
1393600	0.0
1394400	1.0
1395200	0.0
1396000	0.0
1396800	4.0
1397600	2.0
1398400	2.0
1399200	1.0
1400000	2.0
1400800	2.0
1401600	3.0
1402400	2.0
1403200	0.0
1404000	0.0
1404800	2.0
1405600	2.0
1406400	1.0
1407200	3.0
1408000	0.0
1408800	1.0
1409600	0.0
1410400	1.0
1411200	0.0
1412000	1.0
1412800	0.0
1413600	2.0
1414400	0.0
1415200	0.0
1416000	2.0
1416800	1.0
1417600	2.0
1418400	3.0
1419200	1.0
1420000	1.0
1420800	0.0
1421600	0.0
1422400	2.0
1423200	0.0
1424000	1.0
1424800	3.0
1425600	0.0
1426400	0.0
1427200	0.0
1428000	0.0
1428800	0.0
1429600	3.0
1430400	2.0
1431200	3.0
1432000	1.0
1432800	1.0
1433600	2.0
1434400	1.0
1435200	1.0
1436000	0.0
1436800	2.0
1437600	3.0
1438400	2.0
1439200	0.0
1440000	1.0
1440800	3.0
1441600	1.0
1442400	0.0
1443200	0.0
1444000	2.0
1444800	0.0
1445600	3.0
1446400	1.0
1447200	3.0
1448000	1.0
1448800	0.0
1449600	4.0
1450400	3.0
1451200	1.0
1452000	2.0
1452800	1.0
1453600	2.0
1454400	2.0
1455200	3.0
1456000	2.0
1456800	5.0
1457600	3.0
1458400	2.0
1459200	2.0
1460000	1.0
1460800	2.0
1461600	2.0
1462400	1.0
1463200	0.0
1464000	0.0
1464800	0.0
1465600	0.0
1466400	2.0
1467200	1.0
1468000	1.0
1468800	0.0
1469600	0.0
1470400	0.0
1471200	1.0
1472000	0.0
1472800	1.0
1473600	0.0
1474400	0.0
1475200	2.0
1476000	1.0
1476800	3.0
1477600	0.0
1478400	0.0
1479200	0.0
1480000	0.0
1480800	0.0
1481600	0.0
1482400	1.0
1483200	0.0
1484000	1.0
1484800	0.0
1485600	1.0
1486400	5.0
1487200	2.0
1488000	0.0
1488800	1.0
1489600	2.0
1490400	1.0
1491200	0.0
1492000	0.0
1492800	0.0
1493600	0.0
1494400	0.0
1495200	0.0
1496000	0.0
1496800	0.0
1497600	1.0
1498400	2.0
1499200	1.0
1500000	3.0
1500800	1.0
1501600	2.0
1502400	0.0
1503200	0.0
1504000	1.0
1504800	0.0
1505600	4.0
1506400	2.0
1507200	2.0
1508000	3.0
1508800	0.0
1509600	0.0
1510400	1.0
1511200	0.0
1512000	0.0
1512800	0.0
1513600	1.0
1514400	2.0
1515200	4.0
1516000	1.0
1516800	1.0
1517600	2.0
1518400	1.0
1519200	1.0
1520000	3.0
1520800	1.0
1521600	2.0
1522400	0.0
1523200	1.0
1524000	5.0
1524800	2.0
1525600	3.0
1526400	2.0
1527200	2.0
1528000	4.0
1528800	6.0
1529600	2.0
1530400	2.0
1531200	0.0
1532000	2.0
1532800	1.0
1533600	2.0
1534400	1.0
1535200	0.0
1536000	0.0
1536800	0.0
1537600	2.0
1538400	1.0
1539200	4.0
1540000	2.0
1540800	4.0
1541600	1.0
1542400	0.0
1543200	2.0
1544000	2.0
1544800	2.0
1545600	1.0
1546400	3.0
1547200	4.0
1548000	4.0
1548800	1.0
1549600	0.0
1550400	0.0
1551200	2.0
1552000	1.0
1552800	3.0
1553600	2.0
1554400	3.0
1555200	2.0
1556000	3.0
1556800	4.0
1557600	1.0
1558400	0.0
1559200	1.0
1560000	1.0
1560800	0.0
1561600	2.0
1562400	1.0
1563200	0.0
1564000	0.0
1564800	3.0
1565600	2.0
1566400	1.0
1567200	0.0
1568000	3.0
1568800	0.0
1569600	3.0
1570400	1.0
1571200	2.0
1572000	3.0
1572800	3.0
1573600	2.0
1574400	0.0
1575200	1.0
1576000	3.0
1576800	2.0
1577600	1.0
1578400	4.0
1579200	1.0
1580000	2.0
1580800	2.0
1581600	4.0
1582400	1.0
1583200	0.0
1584000	0.0
1584800	1.0
1585600	0.0
1586400	1.0
1587200	2.0
1588000	0.0
1588800	1.0
1589600	1.0
1590400	3.0
1591200	4.0
1592000	2.0
1592800	4.0
1593600	0.0
1594400	0.0
1595200	0.0
1596000	2.0
1596800	3.0
1597600	0.0
1598400	0.0
1599200	1.0
1600000	0.0
1600800	0.0
1601600	2.0
1602400	0.0
1603200	2.0
1604000	2.0
1604800	0.0
1605600	0.0
1606400	0.0
1607200	0.0
1608000	1.0
1608800	1.0
1609600	1.0
1610400	0.0
1611200	0.0
1612000	0.0
1612800	1.0
1613600	3.0
1614400	1.0
1615200	3.0
1616000	1.0
1616800	0.0
1617600	2.0
1618400	1.0
1619200	1.0
1620000	1.0
1620800	2.0
1621600	1.0
1622400	0.0
1623200	3.0
1624000	0.0
1624800	1.0
1625600	1.0
1626400	2.0
1627200	3.0
1628000	3.0
1628800	2.0
1629600	0.0
1630400	0.0
1631200	3.0
1632000	2.0
1632800	2.0
1633600	3.0
1634400	0.0
1635200	2.0
1636000	1.0
1636800	0.0
1637600	0.0
1638400	2.0
1639200	2.0
1640000	3.0
1640800	0.0
1641600	0.0
1642400	2.0
1643200	2.0
1644000	0.0
1644800	0.0
1645600	1.0
1646400	2.0
1647200	2.0
1648000	6.0
1648800	1.0
1649600	0.0
1650400	2.0
1651200	0.0
1652000	2.0
1652800	2.0
1653600	0.0
1654400	0.0
1655200	1.0
1656000	1.0
1656800	2.0
1657600	0.0
1658400	1.0
1659200	2.0
1660000	1.0
1660800	0.0
1661600	2.0
1662400	0.0
1663200	1.0
1664000	2.0
1664800	1.0
1665600	1.0
1666400	2.0
1667200	3.0
1668000	1.0
1668800	1.0
1669600	2.0
1670400	0.0
1671200	1.0
1672000	0.0
1672800	4.0
1673600	2.0
1674400	3.0
1675200	2.0
1676000	1.0
1676800	1.0
1677600	1.0
1678400	2.0
1679200	1.0
1680000	1.0
1680800	0.0
1681600	1.0
1682400	2.0
1683200	2.0
1684000	1.0
1684800	1.0
1685600	1.0
1686400	0.0
1687200	4.0
1688000	2.0
1688800	2.0
1689600	5.0
1690400	2.0
1691200	1.0
1692000	0.0
1692800	1.0
1693600	1.0
1694400	1.0
1695200	2.0
1696000	0.0
1696800	2.0
1697600	2.0
1698400	1.0
1699200	1.0
1700000	1.0
1700800	0.0
1701600	0.0
1702400	4.0
1703200	2.0
1704000	4.0
1704800	3.0
1705600	0.0
1706400	0.0
1707200	0.0
1708000	0.0
1708800	0.0
1709600	0.0
1710400	2.0
1711200	1.0
1712000	1.0
1712800	4.0
1713600	3.0
1714400	0.0
1715200	5.0
1716000	3.0
1716800	1.0
1717600	4.0
1718400	4.0
1719200	0.0
1720000	1.0
1720800	1.0
1721600	2.0
1722400	0.0
1723200	0.0
1724000	1.0
1724800	0.0
1725600	0.0
1726400	0.0
1727200	0.0
1728000	0.0
1728800	0.0
1729600	1.0
1730400	1.0
1731200	3.0
1732000	1.0
1732800	1.0
1733600	0.0
1734400	0.0
1735200	2.0
1736000	1.0
1736800	0.0
1737600	0.0
1738400	6.0
1739200	1.0
1740000	0.0
1740800	2.0
1741600	0.0
1742400	3.0
1743200	3.0
1744000	2.0
1744800	1.0
1745600	1.0
1746400	0.0
1747200	3.0
1748000	3.0
1748800	1.0
1749600	2.0
1750400	1.0
1751200	2.0
1752000	2.0
1752800	2.0
1753600	3.0
1754400	2.0
1755200	1.0
1756000	2.0
1756800	2.0
1757600	2.0
1758400	1.0
1759200	1.0
1760000	0.0
1760800	2.0
1761600	2.0
1762400	0.0
1763200	2.0
1764000	4.0
1764800	2.0
1765600	1.0
1766400	0.0
1767200	4.0
1768000	1.0
1768800	3.0
1769600	4.0
1770400	0.0
1771200	2.0
1772000	4.0
1772800	0.0
1773600	0.0
1774400	0.0
1775200	1.0
1776000	0.0
1776800	2.0
1777600	2.0
1778400	3.0
1779200	2.0
1780000	0.0
1780800	0.0
1781600	1.0
1782400	3.0
1783200	0.0
1784000	1.0
1784800	0.0
1785600	3.0
1786400	1.0
1787200	0.0
1788000	0.0
1788800	0.0
1789600	1.0
1790400	0.0
1791200	2.0
1792000	3.0
1792800	3.0
1793600	2.0
1794400	0.0
1795200	1.0
1796000	0.0
1796800	3.0
1797600	1.0
1798400	2.0
1799200	1.0
1800000	2.0
1800800	1.0
1801600	0.0
1802400	0.0
1803200	0.0
1804000	0.0
1804800	5.0
1805600	1.0
1806400	1.0
1807200	0.0
1808000	2.0
1808800	0.0
1809600	2.0
1810400	1.0
1811200	0.0
1812000	0.0
1812800	0.0
1813600	0.0
1814400	2.0
1815200	4.0
1816000	2.0
1816800	1.0
1817600	0.0
1818400	1.0
1819200	1.0
1820000	3.0
1820800	2.0
1821600	3.0
1822400	1.0
1823200	3.0
1824000	0.0
1824800	0.0
1825600	2.0
1826400	4.0
1827200	0.0
1828000	0.0
1828800	0.0
1829600	0.0
1830400	0.0
1831200	0.0
1832000	0.0
1832800	1.0
1833600	1.0
1834400	2.0
1835200	2.0
1836000	0.0
1836800	4.0
1837600	4.0
1838400	0.0
1839200	2.0
1840000	0.0
1840800	2.0
1841600	1.0
1842400	1.0
1843200	1.0
1844000	0.0
1844800	1.0
1845600	0.0
1846400	1.0
1847200	0.0
1848000	2.0
1848800	0.0
1849600	2.0
1850400	1.0
1851200	3.0
1852000	3.0
1852800	2.0
1853600	1.0
1854400	1.0
1855200	2.0
1856000	1.0
1856800	2.0
1857600	3.0
1858400	0.0
1859200	0.0
1860000	0.0
1860800	1.0
1861600	0.0
1862400	1.0
1863200	3.0
1864000	3.0
1864800	1.0
1865600	0.0
1866400	2.0
1867200	1.0
1868000	2.0
1868800	1.0
1869600	0.0
1870400	0.0
1871200	1.0
1872000	2.0
1872800	0.0
1873600	0.0
1874400	3.0
1875200	0.0
1876000	0.0
1876800	0.0
1877600	1.0
1878400	2.0
1879200	1.0
1880000	1.0
1880800	0.0
1881600	1.0
1882400	1.0
1883200	3.0
1884000	1.0
1884800	0.0
1885600	0.0
1886400	0.0
1887200	2.0
1888000	1.0
1888800	0.0
1889600	0.0
1890400	2.0
1891200	0.0
1892000	0.0
1892800	2.0
1893600	4.0
1894400	1.0
1895200	0.0
1896000	1.0
1896800	1.0
1897600	1.0
1898400	1.0
1899200	0.0
1900000	2.0
1900800	1.0
1901600	2.0
1902400	1.0
1903200	1.0
1904000	3.0
1904800	2.0
1905600	0.0
1906400	0.0
1907200	3.0
1908000	0.0
1908800	2.0
1909600	1.0
1910400	1.0
1911200	1.0
1912000	0.0
1912800	1.0
1913600	2.0
1914400	0.0
1915200	1.0
1916000	2.0
1916800	3.0
1917600	3.0
1918400	0.0
1919200	4.0
1920000	1.0
1920800	1.0
1921600	0.0
1922400	0.0
1923200	0.0
1924000	0.0
1924800	0.0
1925600	2.0
1926400	0.0
1927200	2.0
1928000	1.0
1928800	3.0
1929600	2.0
1930400	2.0
1931200	1.0
1932000	1.0
1932800	1.0
1933600	3.0
1934400	0.0
1935200	0.0
1936000	1.0
1936800	0.0
1937600	4.0
1938400	0.0
1939200	0.0
1940000	1.0
1940800	3.0
1941600	0.0
1942400	1.0
1943200	0.0
1944000	1.0
1944800	0.0
1945600	2.0
1946400	0.0
1947200	0.0
1948000	1.0
1948800	2.0
1949600	1.0
1950400	0.0
1951200	2.0
1952000	0.0
1952800	0.0
1953600	0.0
1954400	0.0
1955200	1.0
1956000	3.0
1956800	1.0
1957600	3.0
1958400	0.0
1959200	0.0
1960000	1.0
1960800	7.0
1961600	1.0
1962400	2.0
1963200	2.0
1964000	0.0
1964800	0.0
1965600	0.0
1966400	0.0
1967200	1.0
1968000	3.0
1968800	2.0
1969600	5.0
1970400	2.0
1971200	1.0
1972000	1.0
1972800	0.0
1973600	0.0
1974400	2.0
1975200	1.0
1976000	1.0
1976800	1.0
1977600	2.0
1978400	1.0
1979200	3.0
1980000	3.0
1980800	1.0
1981600	0.0
1982400	0.0
1983200	0.0
1984000	1.0
1984800	2.0
1985600	5.0
1986400	0.0
1987200	0.0
1988000	1.0
1988800	1.0
1989600	1.0
1990400	0.0
1991200	0.0
1992000	0.0
1992800	0.0
1993600	0.0
1994400	1.0
1995200	4.0
1996000	3.0
1996800	0.0
1997600	1.0
1998400	2.0
1999200	1.0
2000000	1.0
2000800	0.0
2001600	0.0
2002400	3.0
2003200	2.0
2004000	1.0
2004800	2.0
2005600	2.0
2006400	2.0
2007200	1.0
2008000	0.0
2008800	0.0
2009600	0.0
2010400	0.0
2011200	2.0
2012000	1.0
2012800	4.0
2013600	1.0
2014400	2.0
2015200	2.0
2016000	1.0
2016800	2.0
2017600	0.0
2018400	2.0
2019200	1.0
2020000	1.0
2020800	0.0
2021600	1.0
2022400	1.0
2023200	1.0
2024000	0.0
2024800	1.0
2025600	2.0
2026400	0.0
2027200	2.0
2028000	0.0
2028800	1.0
2029600	2.0
2030400	1.0
2031200	0.0
2032000	1.0
2032800	0.0
2033600	0.0
2034400	0.0
2035200	0.0
2036000	1.0
2036800	3.0
2037600	1.0
2038400	0.0
2039200	2.0
2040000	1.0
2040800	0.0
2041600	0.0
2042400	0.0
2043200	0.0
2044000	0.0
2044800	2.0
2045600	1.0
2046400	1.0
2047200	3.0
2048000	2.0
2048800	0.0
2049600	0.0
2050400	3.0
2051200	6.0
2052000	0.0
2052800	4.0
2053600	2.0
2054400	0.0
2055200	4.0
2056000	1.0
2056800	0.0
2057600	0.0
2058400	4.0
2059200	3.0
2060000	1.0
2060800	1.0
2061600	0.0
2062400	1.0
2063200	0.0
2064000	0.0
2064800	0.0
2065600	0.0
2066400	1.0
2067200	2.0
2068000	0.0
2068800	1.0
2069600	1.0
2070400	2.0
2071200	1.0
2072000	1.0
2072800	0.0
2073600	0.0
2074400	0.0
2075200	0.0
2076000	0.0
2076800	1.0
2077600	0.0
2078400	0.0
2079200	0.0
2080000	1.0
2080800	0.0
2081600	0.0
2082400	0.0
2083200	1.0
2084000	0.0
2084800	2.0
2085600	0.0
2086400	1.0
2087200	0.0
2088000	0.0
2088800	1.0
2089600	0.0
2090400	0.0
2091200	0.0
2092000	0.0
2092800	0.0
2093600	1.0
2094400	0.0
2095200	0.0
2096000	2.0
2096800	2.0
2097600	3.0
2098400	2.0
2099200	1.0
2100000	2.0
2100800	4.0
2101600	0.0
2102400	0.0
2103200	0.0
2104000	0.0
2104800	2.0
2105600	1.0
2106400	4.0
2107200	1.0
2108000	1.0
2108800	4.0
2109600	0.0
2110400	3.0
2111200	1.0
2112000	0.0
2112800	0.0
2113600	0.0
2114400	0.0
2115200	4.0
2116000	3.0
2116800	0.0
2117600	0.0
2118400	0.0
2119200	1.0
2120000	0.0
2120800	1.0
2121600	0.0
2122400	1.0
2123200	3.0
2124000	1.0
2124800	0.0
2125600	0.0
2126400	1.0
2127200	4.0
2128000	3.0
2128800	0.0
2129600	0.0
2130400	2.0
2131200	0.0
2132000	0.0
2132800	0.0
2133600	0.0
2134400	0.0
2135200	0.0
2136000	2.0
2136800	3.0
2137600	0.0
2138400	2.0
2139200	2.0
2140000	1.0
2140800	4.0
2141600	3.0
2142400	0.0
2143200	1.0
2144000	0.0
2144800	1.0
2145600	1.0
2146400	1.0
2147200	2.0
2148000	3.0
2148800	0.0
2149600	0.0
2150400	5.0
2151200	1.0
2152000	0.0
2152800	1.0
2153600	2.0
2154400	1.0
2155200	1.0
2156000	0.0
2156800	0.0
2157600	0.0
2158400	0.0
2159200	0.0
2160000	0.0
2160800	1.0
2161600	0.0
2162400	0.0
2163200	1.0
2164000	1.0
2164800	1.0
2165600	0.0
2166400	1.0
2167200	1.0
2168000	0.0
2168800	1.0
2169600	3.0
2170400	1.0
2171200	4.0
2172000	2.0
2172800	2.0
2173600	2.0
2174400	2.0
2175200	2.0
2176000	1.0
2176800	0.0
2177600	1.0
2178400	1.0
2179200	2.0
2180000	2.0
2180800	1.0
2181600	1.0
2182400	4.0
2183200	0.0
2184000	3.0
2184800	0.0
2185600	0.0
2186400	1.0
2187200	3.0
2188000	3.0
2188800	0.0
2189600	0.0
2190400	2.0
2191200	0.0
2192000	0.0
2192800	0.0
2193600	0.0
2194400	4.0
2195200	0.0
2196000	1.0
2196800	1.0
2197600	1.0
2198400	0.0
2199200	0.0
2200000	2.0
2200800	4.0
2201600	1.0
2202400	0.0
2203200	3.0
2204000	1.0
2204800	1.0
2205600	2.0
2206400	0.0
2207200	1.0
2208000	2.0
2208800	1.0
2209600	1.0
2210400	0.0
2211200	0.0
2212000	3.0
2212800	1.0
2213600	3.0
2214400	5.0
2215200	0.0
2216000	0.0
2216800	0.0
2217600	0.0
2218400	0.0
2219200	2.0
2220000	1.0
2220800	0.0
2221600	3.0
2222400	3.0
2223200	0.0
2224000	0.0
2224800	0.0
2225600	0.0
2226400	0.0
2227200	2.0
2228000	1.0
2228800	0.0
2229600	3.0
2230400	1.0
2231200	2.0
2232000	0.0
2232800	2.0
2233600	3.0
2234400	0.0
2235200	2.0
2236000	2.0
2236800	0.0
2237600	3.0
2238400	3.0
2239200	4.0
2240000	1.0
2240800	3.0
2241600	1.0
2242400	1.0
2243200	2.0
2244000	2.0
2244800	0.0
2245600	0.0
2246400	2.0
2247200	1.0
2248000	0.0
2248800	0.0
2249600	0.0
2250400	0.0
2251200	2.0
2252000	0.0
2252800	2.0
2253600	0.0
2254400	0.0
2255200	0.0
2256000	0.0
2256800	2.0
2257600	1.0
2258400	2.0
2259200	1.0
2260000	3.0
2260800	2.0
2261600	2.0
2262400	1.0
2263200	3.0
2264000	1.0
2264800	2.0
2265600	3.0
2266400	4.0
2267200	2.0
2268000	0.0
2268800	2.0
2269600	2.0
2270400	0.0
2271200	2.0
2272000	1.0
2272800	2.0
2273600	2.0
2274400	2.0
2275200	1.0
2276000	0.0
2276800	0.0
2277600	1.0
2278400	4.0
2279200	1.0
2280000	0.0
2280800	0.0
2281600	0.0
2282400	0.0
2283200	0.0
2284000	1.0
2284800	0.0
2285600	2.0
2286400	0.0
2287200	1.0
2288000	0.0
2288800	0.0
2289600	0.0
2290400	1.0
2291200	0.0
2292000	0.0
2292800	0.0
2293600	0.0
2294400	1.0
2295200	2.0
2296000	0.0
2296800	0.0
2297600	0.0
2298400	0.0
2299200	0.0
2300000	2.0
2300800	1.0
2301600	0.0
2302400	0.0
2303200	0.0
2304000	0.0
2304800	0.0
2305600	0.0
2306400	1.0
2307200	0.0
2308000	0.0
2308800	1.0
2309600	1.0
2310400	3.0
2311200	2.0
2312000	1.0
2312800	1.0
2313600	0.0
2314400	2.0
2315200	3.0
2316000	0.0
2316800	0.0
2317600	2.0
2318400	2.0
2319200	2.0
2320000	3.0
2320800	2.0
2321600	0.0
2322400	0.0
2323200	0.0
2324000	1.0
2324800	2.0
2325600	3.0
2326400	2.0
2327200	1.0
2328000	0.0
2328800	1.0
2329600	0.0
2330400	1.0
2331200	2.0
2332000	2.0
2332800	0.0
2333600	1.0
2334400	2.0
2335200	0.0
2336000	1.0
2336800	0.0
2337600	1.0
2338400	1.0
2339200	2.0
2340000	2.0
2340800	3.0
2341600	2.0
2342400	2.0
2343200	0.0
2344000	0.0
2344800	0.0
2345600	0.0
2346400	0.0
2347200	2.0
2348000	2.0
2348800	2.0
2349600	0.0
2350400	0.0
2351200	2.0
2352000	1.0
2352800	0.0
2353600	0.0
2354400	0.0
2355200	1.0
2356000	3.0
2356800	3.0
2357600	0.0
2358400	3.0
2359200	2.0
2360000	0.0
2360800	0.0
2361600	2.0
2362400	1.0
2363200	1.0
2364000	1.0
2364800	3.0
2365600	1.0
2366400	1.0
2367200	2.0
2368000	1.0
2368800	2.0
2369600	2.0
2370400	0.0
2371200	2.0
2372000	2.0
2372800	0.0
2373600	1.0
2374400	0.0
2375200	1.0
2376000	2.0
2376800	0.0
2377600	0.0
2378400	4.0
2379200	0.0
2380000	0.0
2380800	2.0
2381600	0.0
2382400	0.0
2383200	1.0
2384000	0.0
2384800	0.0
2385600	1.0
2386400	3.0
2387200	0.0
2388000	0.0
2388800	3.0
2389600	0.0
2390400	0.0
2391200	0.0
2392000	4.0
2392800	1.0
2393600	1.0
2394400	0.0
2395200	0.0
2396000	1.0
2396800	0.0
2397600	0.0
2398400	0.0
2399200	0.0
2400000	0.0
2400800	0.0
2401600	2.0
2402400	0.0
2403200	0.0
2404000	0.0
2404800	1.0
2405600	2.0
2406400	2.0
2407200	1.0
2408000	1.0
2408800	2.0
2409600	0.0
2410400	1.0
2411200	1.0
2412000	1.0
2412800	1.0
2413600	4.0
2414400	1.0
2415200	1.0
2416000	1.0
2416800	1.0
2417600	1.0
2418400	0.0
2419200	1.0
2420000	3.0
2420800	1.0
2421600	3.0
2422400	0.0
2423200	0.0
2424000	1.0
2424800	1.0
2425600	1.0
2426400	1.0
2427200	0.0
2428000	1.0
2428800	1.0
2429600	2.0
2430400	1.0
2431200	1.0
2432000	2.0
2432800	1.0
2433600	1.0
2434400	2.0
2435200	0.0
2436000	0.0
2436800	0.0
2437600	0.0
2438400	0.0
2439200	0.0
2440000	1.0
2440800	0.0
2441600	1.0
2442400	2.0
2443200	4.0
2444000	1.0
2444800	0.0
2445600	0.0
2446400	0.0
2447200	1.0
2448000	2.0
2448800	3.0
2449600	0.0
2450400	0.0
2451200	2.0
2452000	1.0
2452800	0.0
2453600	0.0
2454400	0.0
2455200	1.0
2456000	0.0
2456800	0.0
2457600	0.0
2458400	1.0
2459200	1.0
2460000	0.0
2460800	3.0
2461600	0.0
2462400	1.0
2463200	2.0
2464000	0.0
2464800	1.0
2465600	0.0
2466400	1.0
2467200	0.0
2468000	1.0
2468800	0.0
2469600	2.0
2470400	1.0
2471200	0.0
2472000	1.0
2472800	0.0
2473600	0.0
2474400	1.0
2475200	1.0
2476000	1.0
2476800	2.0
2477600	0.0
2478400	0.0
2479200	1.0
2480000	0.0
2480800	0.0
2481600	1.0
2482400	1.0
2483200	1.0
2484000	3.0
2484800	2.0
2485600	3.0
2486400	2.0
2487200	1.0
2488000	2.0
2488800	1.0
2489600	0.0
2490400	1.0
2491200	2.0
2492000	0.0
2492800	2.0
2493600	2.0
2494400	1.0
2495200	0.0
2496000	0.0
2496800	2.0
2497600	2.0
2498400	0.0
2499200	0.0
2500000	2.0
2500800	2.0
2501600	0.0
2502400	4.0
2503200	1.0
2504000	0.0
2504800	2.0
2505600	0.0
2506400	0.0
2507200	2.0
2508000	2.0
2508800	0.0
2509600	0.0
2510400	0.0
2511200	0.0
2512000	0.0
2512800	2.0
2513600	2.0
2514400	0.0
2515200	1.0
2516000	1.0
2516800	1.0
2517600	2.0
2518400	0.0
2519200	6.0
2520000	0.0
2520800	2.0
2521600	3.0
2522400	0.0
2523200	0.0
2524000	0.0
2524800	1.0
2525600	0.0
2526400	3.0
2527200	0.0
2528000	0.0
2528800	0.0
2529600	2.0
2530400	0.0
2531200	4.0
2532000	3.0
2532800	0.0
2533600	0.0
2534400	1.0
2535200	0.0
2536000	4.0
2536800	0.0
2537600	2.0
2538400	0.0
2539200	0.0
2540000	2.0
2540800	1.0
2541600	0.0
2542400	0.0
2543200	0.0
2544000	1.0
2544800	1.0
2545600	1.0
2546400	2.0
2547200	1.0
2548000	3.0
2548800	0.0
2549600	1.0
2550400	1.0
2551200	3.0
2552000	1.0
2552800	2.0
2553600	1.0
2554400	2.0
2555200	2.0
2556000	1.0
2556800	1.0
2557600	0.0
2558400	0.0
2559200	0.0
2560000	0.0
2560800	1.0
2561600	1.0
2562400	0.0
2563200	0.0
2564000	2.0
2564800	1.0
2565600	0.0
2566400	1.0
2567200	1.0
2568000	2.0
2568800	0.0
2569600	1.0
2570400	1.0
2571200	0.0
2572000	0.0
2572800	0.0
2573600	3.0
2574400	2.0
2575200	3.0
2576000	3.0
2576800	3.0
2577600	2.0
2578400	0.0
2579200	0.0
2580000	0.0
2580800	0.0
2581600	3.0
2582400	1.0
2583200	2.0
2584000	1.0
2584800	1.0
2585600	2.0
2586400	0.0
2587200	3.0
2588000	2.0
2588800	0.0
2589600	0.0
2590400	1.0
2591200	0.0
2592000	0.0
2592800	2.0
2593600	1.0
2594400	3.0
2595200	0.0
2596000	1.0
2596800	1.0
2597600	1.0
2598400	1.0
2599200	0.0
2600000	2.0
2600800	1.0
2601600	2.0
2602400	1.0
2603200	1.0
2604000	0.0
2604800	1.0
2605600	1.0
2606400	2.0
2607200	0.0
2608000	1.0
2608800	2.0
2609600	1.0
2610400	1.0
2611200	0.0
2612000	0.0
2612800	0.0
2613600	2.0
2614400	2.0
2615200	0.0
2616000	1.0
2616800	0.0
2617600	2.0
2618400	3.0
2619200	2.0
2620000	2.0
2620800	1.0
2621600	0.0
2622400	1.0
2623200	0.0
2624000	1.0
2624800	1.0
2625600	1.0
2626400	0.0
2627200	0.0
2628000	2.0
2628800	1.0
2629600	1.0
2630400	0.0
2631200	0.0
2632000	0.0
2632800	0.0
2633600	4.0
2634400	1.0
2635200	2.0
2636000	0.0
2636800	2.0
2637600	1.0
2638400	2.0
2639200	0.0
2640000	0.0
2640800	0.0
2641600	0.0
2642400	0.0
2643200	1.0
2644000	0.0
2644800	0.0
2645600	1.0
2646400	0.0
2647200	0.0
2648000	1.0
2648800	0.0
2649600	0.0
2650400	0.0
2651200	0.0
2652000	1.0
2652800	1.0
2653600	0.0
2654400	0.0
2655200	1.0
2656000	0.0
2656800	2.0
2657600	2.0
2658400	0.0
2659200	2.0
2660000	1.0
2660800	2.0
2661600	2.0
2662400	2.0
2663200	0.0
2664000	0.0
2664800	1.0
2665600	1.0
2666400	0.0
2667200	0.0
2668000	0.0
2668800	2.0
2669600	2.0
2670400	3.0
2671200	2.0
2672000	0.0
2672800	1.0
2673600	6.0
2674400	2.0
2675200	0.0
2676000	0.0
2676800	0.0
2677600	0.0
2678400	0.0
2679200	1.0
2680000	1.0
2680800	2.0
2681600	0.0
2682400	2.0
2683200	3.0
2684000	0.0
2684800	0.0
2685600	0.0
2686400	0.0
2687200	4.0
2688000	2.0
2688800	4.0
2689600	0.0
2690400	0.0
2691200	1.0
2692000	1.0
2692800	0.0
2693600	0.0
2694400	1.0
2695200	0.0
2696000	2.0
2696800	4.0
2697600	2.0
2698400	0.0
2699200	2.0
2700000	0.0
2700800	4.0
2701600	1.0
2702400	2.0
2703200	1.0
2704000	1.0
2704800	1.0
2705600	2.0
2706400	3.0
2707200	2.0
2708000	0.0
2708800	0.0
2709600	0.0
2710400	0.0
2711200	0.0
2712000	1.0
2712800	2.0
2713600	2.0
2714400	0.0
2715200	2.0
2716000	1.0
2716800	0.0
2717600	0.0
2718400	0.0
2719200	0.0
2720000	0.0
2720800	3.0
2721600	2.0
2722400	0.0
2723200	5.0
2724000	0.0
2724800	0.0
2725600	0.0
2726400	0.0
2727200	3.0
2728000	0.0
2728800	0.0
2729600	2.0
2730400	1.0
2731200	3.0
2732000	2.0
2732800	3.0
2733600	2.0
2734400	1.0
2735200	1.0
2736000	1.0
2736800	0.0
2737600	2.0
2738400	5.0
2739200	0.0
2740000	1.0
2740800	0.0
2741600	2.0
2742400	3.0
2743200	2.0
2744000	2.0
2744800	0.0
2745600	2.0
2746400	1.0
2747200	0.0
2748000	0.0
2748800	0.0
2749600	0.0
2750400	0.0
2751200	2.0
2752000	0.0
2752800	0.0
2753600	0.0
2754400	1.0
2755200	1.0
2756000	0.0
2756800	0.0
2757600	0.0
2758400	1.0
2759200	0.0
2760000	0.0
2760800	0.0
2761600	3.0
2762400	0.0
2763200	0.0
2764000	1.0
2764800	1.0
2765600	3.0
2766400	0.0
2767200	4.0
2768000	2.0
2768800	0.0
2769600	0.0
2770400	0.0
2771200	0.0
2772000	0.0
2772800	0.0
2773600	0.0
2774400	1.0
2775200	3.0
2776000	0.0
2776800	0.0
2777600	0.0
2778400	2.0
2779200	1.0
2780000	2.0
2780800	1.0
2781600	0.0
2782400	2.0
2783200	0.0
2784000	0.0
2784800	0.0
2785600	0.0
2786400	1.0
2787200	0.0
2788000	1.0
2788800	1.0
2789600	0.0
2790400	0.0
2791200	1.0
2792000	1.0
2792800	0.0
2793600	0.0
2794400	2.0
2795200	0.0
2796000	2.0
2796800	1.0
2797600	1.0
2798400	1.0
2799200	3.0
2800000	2.0
2800800	2.0
2801600	2.0
2802400	0.0
2803200	1.0
2804000	0.0
2804800	2.0
2805600	1.0
2806400	3.0
2807200	1.0
2808000	3.0
2808800	1.0
2809600	3.0
2810400	2.0
2811200	1.0
2812000	0.0
2812800	1.0
2813600	0.0
2814400	0.0
2815200	0.0
2816000	1.0
2816800	0.0
2817600	0.0
2818400	0.0
2819200	1.0
2820000	0.0
2820800	0.0
2821600	2.0
2822400	3.0
2823200	2.0
2824000	1.0
2824800	3.0
2825600	1.0
2826400	0.0
2827200	1.0
2828000	0.0
2828800	0.0
2829600	0.0
2830400	0.0
2831200	0.0
2832000	0.0
2832800	0.0
2833600	0.0
2834400	0.0
2835200	2.0
2836000	0.0
2836800	1.0
2837600	0.0
2838400	0.0
2839200	0.0
2840000	2.0
2840800	1.0
2841600	1.0
2842400	0.0
2843200	0.0
2844000	1.0
2844800	2.0
2845600	0.0
2846400	1.0
2847200	3.0
2848000	4.0
2848800	0.0
2849600	0.0
2850400	0.0
2851200	1.0
2852000	0.0
2852800	0.0
2853600	0.0
2854400	1.0
2855200	2.0
2856000	0.0
2856800	1.0
2857600	0.0
2858400	0.0
2859200	2.0
2860000	0.0
2860800	0.0
2861600	2.0
2862400	3.0
2863200	0.0
2864000	2.0
2864800	0.0
2865600	1.0
2866400	0.0
2867200	2.0
2868000	2.0
2868800	0.0
2869600	0.0
2870400	0.0
2871200	0.0
2872000	0.0
2872800	2.0
2873600	0.0
2874400	0.0
2875200	0.0
2876000	0.0
2876800	0.0
2877600	3.0
2878400	0.0
2879200	0.0
2880000	1.0
2880800	1.0
2881600	2.0
2882400	1.0
2883200	0.0
2884000	0.0
2884800	1.0
2885600	1.0
2886400	4.0
2887200	1.0
2888000	3.0
2888800	2.0
2889600	1.0
2890400	1.0
2891200	0.0
2892000	0.0
2892800	0.0
2893600	0.0
2894400	0.0
2895200	0.0
2896000	1.0
2896800	0.0
2897600	1.0
2898400	0.0
2899200	0.0
2900000	0.0
2900800	0.0
2901600	2.0
2902400	1.0
2903200	0.0
2904000	2.0
2904800	0.0
2905600	2.0
2906400	1.0
2907200	3.0
2908000	1.0
2908800	1.0
2909600	1.0
2910400	1.0
2911200	1.0
2912000	1.0
2912800	1.0
2913600	0.0
2914400	0.0
2915200	2.0
2916000	2.0
2916800	1.0
2917600	3.0
2918400	1.0
2919200	2.0
2920000	3.0
2920800	1.0
2921600	1.0
2922400	0.0
2923200	0.0
2924000	3.0
2924800	2.0
2925600	1.0
2926400	2.0
2927200	0.0
2928000	0.0
2928800	1.0
2929600	3.0
2930400	2.0
2931200	0.0
2932000	0.0
2932800	0.0
2933600	0.0
2934400	2.0
2935200	1.0
2936000	1.0
2936800	3.0
2937600	2.0
2938400	5.0
2939200	1.0
2940000	4.0
2940800	1.0
2941600	1.0
2942400	0.0
2943200	0.0
2944000	2.0
2944800	3.0
2945600	1.0
2946400	3.0
2947200	1.0
2948000	0.0
2948800	0.0
2949600	0.0
2950400	1.0
2951200	1.0
2952000	2.0
2952800	0.0
2953600	1.0
2954400	2.0
2955200	0.0
2956000	1.0
2956800	0.0
2957600	0.0
2958400	0.0
2959200	3.0
2960000	0.0
2960800	4.0
2961600	1.0
2962400	2.0
2963200	1.0
2964000	1.0
2964800	2.0
2965600	0.0
2966400	2.0
2967200	2.0
2968000	2.0
2968800	0.0
2969600	1.0
2970400	0.0
2971200	0.0
2972000	2.0
2972800	1.0
2973600	2.0
2974400	1.0
2975200	2.0
2976000	2.0
2976800	2.0
2977600	0.0
2978400	2.0
2979200	2.0
2980000	0.0
2980800	1.0
2981600	4.0
2982400	1.0
2983200	1.0
2984000	2.0
2984800	1.0
2985600	2.0
2986400	1.0
2987200	1.0
2988000	0.0
2988800	2.0
2989600	0.0
2990400	2.0
2991200	0.0
2992000	0.0
2992800	0.0
2993600	0.0
2994400	0.0
2995200	2.0
2996000	2.0
2996800	0.0
2997600	1.0
2998400	1.0
2999200	0.0
3000000	0.0
3000800	3.0
3001600	1.0
3002400	0.0
3003200	2.0
3004000	3.0
3004800	1.0
3005600	0.0
3006400	1.0
3007200	1.0
3008000	1.0
3008800	0.0
3009600	0.0
3010400	3.0
3011200	0.0
3012000	1.0
3012800	0.0
3013600	0.0
3014400	0.0
3015200	1.0
3016000	2.0
3016800	0.0
3017600	1.0
3018400	0.0
3019200	2.0
3020000	2.0
3020800	1.0
3021600	0.0
3022400	1.0
3023200	0.0
3024000	0.0
3024800	0.0
3025600	0.0
3026400	0.0
3027200	0.0
3028000	0.0
3028800	0.0
3029600	2.0
3030400	1.0
3031200	0.0
3032000	0.0
3032800	0.0
3033600	0.0
3034400	0.0
3035200	0.0
3036000	1.0
3036800	1.0
3037600	2.0
3038400	2.0
3039200	0.0
3040000	3.0
3040800	2.0
3041600	0.0
3042400	1.0
3043200	3.0
3044000	2.0
3044800	1.0
3045600	0.0
3046400	2.0
3047200	1.0
3048000	1.0
3048800	0.0
3049600	1.0
3050400	0.0
3051200	1.0
3052000	3.0
3052800	1.0
3053600	0.0
3054400	2.0
3055200	1.0
3056000	0.0
3056800	1.0
3057600	1.0
3058400	2.0
3059200	0.0
3060000	1.0
3060800	3.0
3061600	0.0
3062400	0.0
3063200	0.0
3064000	0.0
3064800	4.0
3065600	3.0
3066400	3.0
3067200	2.0
3068000	1.0
3068800	5.0
3069600	0.0
3070400	0.0
3071200	0.0
3072000	0.0
3072800	0.0
3073600	2.0
3074400	1.0
3075200	1.0
3076000	0.0
3076800	0.0
3077600	0.0
3078400	0.0
3079200	0.0
3080000	0.0
3080800	2.0
3081600	1.0
3082400	0.0
3083200	1.0
3084000	1.0
3084800	0.0
3085600	0.0
3086400	0.0
3087200	0.0
3088000	0.0
3088800	0.0
3089600	0.0
3090400	0.0
3091200	0.0
3092000	0.0
3092800	1.0
3093600	0.0
3094400	1.0
3095200	1.0
3096000	0.0
3096800	0.0
3097600	1.0
3098400	3.0
3099200	0.0
3100000	0.0
3100800	0.0
3101600	0.0
3102400	2.0
3103200	2.0
3104000	2.0
3104800	1.0
3105600	0.0
3106400	1.0
3107200	3.0
3108000	1.0
3108800	1.0
3109600	1.0
3110400	0.0
3111200	0.0
3112000	1.0
3112800	0.0
3113600	0.0
3114400	0.0
3115200	0.0
3116000	0.0
3116800	2.0
3117600	1.0
3118400	2.0
3119200	2.0
3120000	1.0
3120800	3.0
3121600	0.0
3122400	2.0
3123200	3.0
3124000	0.0
3124800	0.0
3125600	0.0
3126400	3.0
3127200	2.0
3128000	1.0
3128800	4.0
3129600	2.0
3130400	2.0
3131200	2.0
3132000	0.0
3132800	1.0
3133600	1.0
3134400	3.0
3135200	3.0
3136000	2.0
3136800	1.0
3137600	1.0
3138400	1.0
3139200	0.0
3140000	0.0
3140800	2.0
3141600	1.0
3142400	0.0
3143200	0.0
3144000	0.0
3144800	1.0
3145600	3.0
3146400	0.0
3147200	1.0
3148000	2.0
3148800	1.0
3149600	1.0
3150400	1.0
3151200	4.0
3152000	3.0
3152800	1.0
3153600	0.0
3154400	2.0
3155200	2.0
3156000	2.0
3156800	0.0
3157600	1.0
3158400	3.0
3159200	2.0
3160000	0.0
3160800	0.0
3161600	0.0
3162400	0.0
3163200	1.0
3164000	3.0
3164800	0.0
3165600	2.0
3166400	2.0
3167200	2.0
3168000	0.0
3168800	0.0
3169600	0.0
3170400	0.0
3171200	0.0
3172000	0.0
3172800	2.0
3173600	2.0
3174400	0.0
3175200	1.0
3176000	0.0
3176800	0.0
3177600	0.0
3178400	0.0
3179200	0.0
3180000	0.0
3180800	0.0
3181600	0.0
3182400	0.0
3183200	0.0
3184000	2.0
3184800	0.0
3185600	0.0
3186400	1.0
3187200	1.0
3188000	1.0
3188800	2.0
3189600	2.0
3190400	1.0
3191200	2.0
3192000	3.0
3192800	1.0
3193600	1.0
3194400	3.0
3195200	2.0
3196000	3.0
3196800	3.0
3197600	2.0
3198400	3.0
3199200	0.0
3200000	1.0
3200800	0.0
3201600	0.0
3202400	0.0
3203200	0.0
3204000	0.0
3204800	0.0
3205600	0.0
3206400	0.0
3207200	0.0
3208000	2.0
3208800	0.0
3209600	1.0
3210400	2.0
3211200	2.0
3212000	2.0
3212800	0.0
3213600	1.0
3214400	1.0
3215200	1.0
3216000	0.0
3216800	2.0
3217600	1.0
3218400	1.0
3219200	0.0
3220000	0.0
3220800	0.0
3221600	3.0
3222400	2.0
3223200	3.0
3224000	4.0
3224800	0.0
3225600	0.0
3226400	0.0
3227200	1.0
3228000	1.0
3228800	0.0
3229600	1.0
3230400	2.0
3231200	1.0
3232000	0.0
3232800	0.0
3233600	0.0
3234400	0.0
3235200	1.0
3236000	2.0
3236800	2.0
3237600	0.0
3238400	0.0
3239200	1.0
3240000	0.0
3240800	0.0
3241600	0.0
3242400	1.0
3243200	1.0
3244000	0.0
3244800	0.0
3245600	0.0
3246400	1.0
3247200	3.0
3248000	2.0
3248800	0.0
3249600	0.0
3250400	0.0
3251200	0.0
3252000	0.0
3252800	0.0
3253600	0.0
3254400	0.0
3255200	1.0
3256000	2.0
3256800	0.0
3257600	2.0
3258400	0.0
3259200	0.0
3260000	0.0
3260800	1.0
3261600	2.0
3262400	2.0
3263200	1.0
3264000	1.0
3264800	0.0
3265600	1.0
3266400	2.0
3267200	0.0
3268000	1.0
3268800	0.0
3269600	2.0
3270400	3.0
3271200	3.0
3272000	2.0
3272800	1.0
3273600	0.0
3274400	0.0
3275200	1.0
3276000	2.0
3276800	1.0
3277600	3.0
3278400	0.0
3279200	2.0
3280000	4.0
3280800	2.0
3281600	2.0
3282400	0.0
3283200	0.0
3284000	0.0
3284800	2.0
3285600	0.0
3286400	0.0
3287200	0.0
3288000	1.0
3288800	0.0
3289600	0.0
3290400	0.0
3291200	0.0
3292000	0.0
3292800	1.0
3293600	0.0
3294400	0.0
3295200	0.0
3296000	3.0
3296800	1.0
3297600	2.0
3298400	1.0
3299200	1.0
3300000	0.0
3300800	0.0
3301600	3.0
3302400	3.0
3303200	1.0
3304000	0.0
3304800	0.0
3305600	0.0
3306400	0.0
3307200	2.0
3308000	0.0
3308800	0.0
3309600	0.0
3310400	1.0
3311200	4.0
3312000	3.0
3312800	0.0
3313600	0.0
3314400	3.0
3315200	1.0
3316000	7.0
3316800	3.0
3317600	0.0
3318400	0.0
3319200	2.0
3320000	0.0
3320800	2.0
3321600	2.0
3322400	0.0
3323200	0.0
3324000	0.0
3324800	2.0
3325600	1.0
3326400	2.0
3327200	0.0
3328000	0.0
3328800	3.0
3329600	1.0
3330400	4.0
3331200	0.0
3332000	0.0
3332800	0.0
3333600	0.0
3334400	3.0
3335200	2.0
3336000	0.0
3336800	0.0
3337600	1.0
3338400	0.0
3339200	2.0
3340000	1.0
3340800	0.0
3341600	2.0
3342400	0.0
3343200	1.0
3344000	1.0
3344800	3.0
3345600	3.0
3346400	0.0
3347200	4.0
3348000	2.0
3348800	0.0
3349600	0.0
3350400	0.0
3351200	1.0
3352000	1.0
3352800	1.0
3353600	1.0
3354400	1.0
3355200	0.0
3356000	1.0
3356800	0.0
3357600	0.0
3358400	0.0
3359200	2.0
3360000	1.0
3360800	0.0
3361600	1.0
3362400	0.0
3363200	0.0
3364000	0.0
3364800	3.0
3365600	1.0
3366400	0.0
3367200	2.0
3368000	1.0
3368800	1.0
3369600	0.0
3370400	0.0
3371200	0.0
3372000	0.0
3372800	0.0
3373600	0.0
3374400	3.0
3375200	0.0
3376000	1.0
3376800	0.0
3377600	0.0
3378400	0.0
3379200	0.0
3380000	1.0
3380800	0.0
3381600	2.0
3382400	0.0
3383200	1.0
3384000	2.0
3384800	1.0
3385600	1.0
3386400	1.0
3387200	5.0
3388000	3.0
3388800	0.0
3389600	1.0
3390400	1.0
3391200	3.0
3392000	2.0
3392800	1.0
3393600	1.0
3394400	2.0
3395200	2.0
3396000	2.0
3396800	2.0
3397600	1.0
3398400	1.0
3399200	0.0
3400000	0.0
3400800	1.0
3401600	0.0
3402400	0.0
3403200	2.0
3404000	0.0
3404800	2.0
3405600	0.0
3406400	1.0
3407200	0.0
3408000	2.0
3408800	0.0
3409600	1.0
3410400	3.0
3411200	2.0
3412000	0.0
3412800	0.0
3413600	0.0
3414400	1.0
3415200	0.0
3416000	1.0
3416800	0.0
3417600	0.0
3418400	1.0
3419200	0.0
3420000	2.0
3420800	3.0
3421600	2.0
3422400	1.0
3423200	1.0
3424000	3.0
3424800	0.0
3425600	1.0
3426400	0.0
3427200	0.0
3428000	0.0
3428800	0.0
3429600	2.0
3430400	1.0
3431200	2.0
3432000	2.0
3432800	1.0
3433600	0.0
3434400	1.0
3435200	2.0
3436000	2.0
3436800	0.0
3437600	1.0
3438400	2.0
3439200	1.0
3440000	0.0
3440800	0.0
3441600	0.0
3442400	0.0
3443200	0.0
3444000	1.0
3444800	1.0
3445600	2.0
3446400	0.0
3447200	0.0
3448000	0.0
3448800	2.0
3449600	0.0
3450400	0.0
3451200	0.0
3452000	2.0
3452800	4.0
3453600	1.0
3454400	3.0
3455200	1.0
3456000	0.0
3456800	0.0
3457600	2.0
3458400	2.0
3459200	1.0
3460000	0.0
3460800	2.0
3461600	0.0
3462400	0.0
3463200	0.0
3464000	0.0
3464800	0.0
3465600	1.0
3466400	0.0
3467200	0.0
3468000	1.0
3468800	0.0
3469600	0.0
3470400	0.0
3471200	2.0
3472000	0.0
3472800	0.0
3473600	0.0
3474400	0.0
3475200	2.0
3476000	1.0
3476800	2.0
3477600	1.0
3478400	0.0
3479200	3.0
3480000	3.0
3480800	1.0
3481600	0.0
3482400	0.0
3483200	0.0
3484000	0.0
3484800	2.0
3485600	3.0
3486400	0.0
3487200	0.0
3488000	1.0
3488800	2.0
3489600	1.0
3490400	3.0
3491200	1.0
3492000	2.0
3492800	0.0
3493600	0.0
3494400	0.0
3495200	2.0
3496000	0.0
3496800	0.0
3497600	1.0
3498400	2.0
3499200	1.0
3500000	4.0
3500800	1.0
3501600	0.0
3502400	2.0
3503200	1.0
3504000	1.0
3504800	2.0
3505600	1.0
3506400	0.0
3507200	0.0
3508000	0.0
3508800	0.0
3509600	0.0
3510400	2.0
3511200	2.0
3512000	1.0
3512800	1.0
3513600	2.0
3514400	1.0
3515200	1.0
3516000	3.0
3516800	0.0
3517600	0.0
3518400	0.0
3519200	2.0
3520000	3.0
3520800	0.0
3521600	0.0
3522400	3.0
3523200	0.0
3524000	0.0
3524800	0.0
3525600	0.0
3526400	1.0
3527200	0.0
3528000	0.0
3528800	0.0
3529600	2.0
3530400	1.0
3531200	0.0
3532000	0.0
3532800	3.0
3533600	1.0
3534400	1.0
3535200	0.0
3536000	2.0
3536800	0.0
3537600	0.0
3538400	0.0
3539200	2.0
3540000	1.0
3540800	1.0
3541600	0.0
3542400	0.0
3543200	1.0
3544000	0.0
3544800	0.0
3545600	0.0
3546400	0.0
3547200	0.0
3548000	0.0
3548800	3.0
3549600	0.0
3550400	2.0
3551200	1.0
3552000	1.0
3552800	2.0
3553600	1.0
3554400	0.0
3555200	2.0
3556000	1.0
3556800	1.0
3557600	1.0
3558400	0.0
3559200	0.0
3560000	0.0
3560800	5.0
3561600	2.0
3562400	1.0
3563200	1.0
3564000	1.0
3564800	0.0
3565600	2.0
3566400	2.0
3567200	1.0
3568000	4.0
3568800	2.0
3569600	0.0
3570400	0.0
3571200	1.0
3572000	2.0
3572800	1.0
3573600	1.0
3574400	0.0
3575200	0.0
3576000	1.0
3576800	0.0
3577600	0.0
3578400	0.0
3579200	2.0
3580000	3.0
3580800	0.0
3581600	0.0
3582400	1.0
3583200	0.0
3584000	0.0
3584800	1.0
3585600	2.0
3586400	1.0
3587200	1.0
3588000	0.0
3588800	0.0
3589600	0.0
3590400	0.0
3591200	0.0
3592000	2.0
3592800	0.0
3593600	0.0
3594400	0.0
3595200	0.0
3596000	1.0
3596800	1.0
3597600	1.0
3598400	2.0
3599200	2.0
3600000	2.0
3600800	2.0
3601600	2.0
3602400	0.0
3603200	1.0
3604000	1.0
3604800	3.0
3605600	3.0
3606400	0.0
3607200	1.0
3608000	2.0
3608800	1.0
3609600	2.0
3610400	1.0
3611200	2.0
3612000	1.0
3612800	0.0
3613600	0.0
3614400	2.0
3615200	3.0
3616000	0.0
3616800	4.0
3617600	3.0
3618400	0.0
3619200	0.0
3620000	0.0
3620800	1.0
3621600	1.0
3622400	1.0
3623200	4.0
3624000	6.0
3624800	0.0
3625600	1.0
3626400	0.0
3627200	0.0
3628000	0.0
3628800	0.0
3629600	1.0
3630400	1.0
3631200	0.0
3632000	0.0
3632800	0.0
3633600	2.0
3634400	1.0
3635200	1.0
3636000	2.0
3636800	1.0
3637600	2.0
3638400	0.0
3639200	0.0
3640000	0.0
3640800	1.0
3641600	1.0
3642400	0.0
3643200	1.0
3644000	4.0
3644800	2.0
3645600	1.0
3646400	1.0
3647200	2.0
3648000	3.0
3648800	1.0
3649600	0.0
3650400	0.0
3651200	0.0
3652000	0.0
3652800	0.0
3653600	0.0
3654400	0.0
3655200	0.0
3656000	1.0
3656800	3.0
3657600	1.0
3658400	0.0
3659200	1.0
3660000	2.0
3660800	1.0
3661600	4.0
3662400	1.0
3663200	1.0
3664000	2.0
3664800	2.0
3665600	2.0
3666400	0.0
3667200	1.0
3668000	0.0
3668800	4.0
3669600	0.0
3670400	1.0
3671200	3.0
3672000	1.0
3672800	3.0
3673600	0.0
3674400	2.0
3675200	3.0
3676000	1.0
3676800	2.0
3677600	1.0
3678400	1.0
3679200	2.0
3680000	0.0
3680800	0.0
3681600	0.0
3682400	1.0
3683200	1.0
3684000	1.0
3684800	3.0
3685600	2.0
3686400	2.0
3687200	0.0
3688000	0.0
3688800	2.0
3689600	0.0
3690400	0.0
3691200	1.0
3692000	1.0
3692800	1.0
3693600	1.0
3694400	0.0
3695200	2.0
3696000	1.0
3696800	0.0
3697600	0.0
3698400	0.0
3699200	0.0
3700000	0.0
3700800	1.0
3701600	1.0
3702400	2.0
3703200	1.0
3704000	0.0
3704800	4.0
3705600	0.0
3706400	1.0
3707200	2.0
3708000	1.0
3708800	1.0
3709600	1.0
3710400	3.0
3711200	3.0
3712000	0.0
3712800	0.0
3713600	0.0
3714400	0.0
3715200	0.0
3716000	2.0
3716800	0.0
3717600	1.0
3718400	2.0
3719200	0.0
3720000	0.0
3720800	2.0
3721600	2.0
3722400	3.0
3723200	3.0
3724000	3.0
3724800	0.0
3725600	0.0
3726400	0.0
3727200	2.0
3728000	1.0
3728800	2.0
3729600	0.0
3730400	4.0
3731200	1.0
3732000	2.0
3732800	1.0
3733600	1.0
3734400	1.0
3735200	0.0
3736000	2.0
3736800	1.0
3737600	0.0
3738400	2.0
3739200	0.0
3740000	4.0
3740800	0.0
3741600	0.0
3742400	1.0
3743200	0.0
3744000	0.0
3744800	1.0
3745600	0.0
3746400	0.0
3747200	0.0
3748000	0.0
3748800	2.0
3749600	0.0
3750400	1.0
3751200	0.0
3752000	0.0
3752800	1.0
3753600	3.0
3754400	3.0
3755200	0.0
3756000	1.0
3756800	1.0
3757600	1.0
3758400	4.0
3759200	1.0
3760000	0.0
3760800	0.0
3761600	3.0
3762400	1.0
3763200	1.0
3764000	0.0
3764800	0.0
3765600	0.0
3766400	0.0
3767200	2.0
3768000	1.0
3768800	2.0
3769600	0.0
3770400	1.0
3771200	0.0
3772000	0.0
3772800	0.0
3773600	2.0
3774400	2.0
3775200	2.0
3776000	4.0
3776800	0.0
3777600	2.0
3778400	1.0
3779200	1.0
3780000	1.0
3780800	1.0
3781600	0.0
3782400	0.0
3783200	1.0
3784000	1.0
3784800	2.0
3785600	2.0
3786400	1.0
3787200	0.0
3788000	1.0
3788800	0.0
3789600	1.0
3790400	2.0
3791200	2.0
3792000	0.0
3792800	1.0
3793600	1.0
3794400	1.0
3795200	2.0
3796000	3.0
3796800	0.0
3797600	1.0
3798400	0.0
3799200	2.0
3800000	1.0
3800800	1.0
3801600	2.0
3802400	0.0
3803200	0.0
3804000	1.0
3804800	3.0
3805600	0.0
3806400	0.0
3807200	0.0
3808000	0.0
3808800	0.0
3809600	2.0
3810400	2.0
3811200	2.0
3812000	0.0
3812800	0.0
3813600	3.0
3814400	1.0
3815200	0.0
3816000	2.0
3816800	0.0
3817600	0.0
3818400	1.0
3819200	1.0
3820000	3.0
3820800	3.0
3821600	1.0
3822400	1.0
3823200	1.0
3824000	0.0
3824800	3.0
3825600	2.0
3826400	2.0
3827200	1.0
3828000	0.0
3828800	4.0
3829600	3.0
3830400	0.0
3831200	0.0
3832000	0.0
3832800	0.0
3833600	1.0
3834400	0.0
3835200	0.0
3836000	1.0
3836800	1.0
3837600	2.0
3838400	1.0
3839200	3.0
3840000	1.0
3840800	0.0
3841600	1.0
3842400	0.0
3843200	2.0
3844000	2.0
3844800	1.0
3845600	3.0
3846400	1.0
3847200	2.0
3848000	0.0
3848800	3.0
3849600	0.0
3850400	0.0
3851200	3.0
3852000	1.0
3852800	3.0
3853600	1.0
3854400	1.0
3855200	0.0
3856000	1.0
3856800	0.0
3857600	2.0
3858400	2.0
3859200	0.0
3860000	1.0
3860800	2.0
3861600	0.0
3862400	1.0
3863200	1.0
3864000	1.0
3864800	0.0
3865600	0.0
3866400	0.0
3867200	0.0
3868000	0.0
3868800	0.0
3869600	1.0
3870400	0.0
3871200	0.0
3872000	0.0
3872800	2.0
3873600	0.0
3874400	0.0
3875200	0.0
3876000	0.0
3876800	2.0
3877600	1.0
3878400	3.0
3879200	1.0
3880000	1.0
3880800	3.0
3881600	1.0
3882400	0.0
3883200	1.0
3884000	4.0
3884800	2.0
3885600	0.0
3886400	0.0
3887200	0.0
3888000	0.0
3888800	0.0
3889600	2.0
3890400	3.0
3891200	1.0
3892000	1.0
3892800	2.0
3893600	0.0
3894400	0.0
3895200	1.0
3896000	0.0
3896800	1.0
3897600	2.0
3898400	2.0
3899200	2.0
3900000	2.0
3900800	0.0
3901600	0.0
3902400	1.0
3903200	1.0
3904000	1.0
3904800	3.0
3905600	4.0
3906400	0.0
3907200	0.0
3908000	1.0
3908800	1.0
3909600	3.0
3910400	1.0
3911200	0.0
3912000	0.0
3912800	0.0
3913600	0.0
3914400	1.0
3915200	1.0
3916000	2.0
3916800	2.0
3917600	1.0
3918400	0.0
3919200	0.0
3920000	3.0
3920800	2.0
3921600	1.0
3922400	2.0
3923200	0.0
3924000	3.0
3924800	2.0
3925600	0.0
3926400	3.0
3927200	3.0
3928000	2.0
3928800	3.0
3929600	1.0
3930400	3.0
3931200	0.0
3932000	0.0
3932800	0.0
3933600	1.0
3934400	0.0
3935200	0.0
3936000	0.0
3936800	0.0
3937600	0.0
3938400	2.0
3939200	1.0
3940000	1.0
3940800	0.0
3941600	1.0
3942400	1.0
3943200	1.0
3944000	0.0
3944800	0.0
3945600	0.0
3946400	1.0
3947200	2.0
3948000	3.0
3948800	1.0
3949600	0.0
3950400	0.0
3951200	1.0
3952000	0.0
3952800	0.0
3953600	0.0
3954400	0.0
3955200	2.0
3956000	0.0
3956800	0.0
3957600	0.0
3958400	0.0
3959200	1.0
3960000	0.0
3960800	0.0
3961600	0.0
3962400	0.0
3963200	0.0
3964000	0.0
3964800	0.0
3965600	0.0
3966400	0.0
3967200	0.0
3968000	0.0
3968800	0.0
3969600	2.0
3970400	1.0
3971200	2.0
3972000	0.0
3972800	1.0
3973600	0.0
3974400	2.0
3975200	3.0
3976000	1.0
3976800	0.0
3977600	0.0
3978400	0.0
3979200	1.0
3980000	0.0
3980800	1.0
3981600	0.0
3982400	2.0
3983200	0.0
3984000	2.0
3984800	0.0
3985600	0.0
3986400	2.0
3987200	3.0
3988000	1.0
3988800	0.0
3989600	2.0
3990400	1.0
3991200	0.0
3992000	2.0
3992800	0.0
3993600	0.0
3994400	1.0
3995200	2.0
3996000	3.0
3996800	4.0
3997600	0.0
3998400	1.0
3999200	1.0
4000000	0.0
4000800	1.0
4001600	2.0
4002400	0.0
4003200	1.0
4004000	0.0
4004800	2.0
4005600	0.0
4006400	1.0
4007200	2.0
4008000	0.0
4008800	0.0
4009600	0.0
4010400	0.0
4011200	0.0
4012000	3.0
4012800	0.0
4013600	1.0
4014400	2.0
4015200	2.0
4016000	0.0
4016800	0.0
4017600	1.0
4018400	3.0
4019200	2.0
4020000	0.0
4020800	1.0
4021600	1.0
4022400	1.0
4023200	0.0
4024000	1.0
4024800	1.0
4025600	0.0
4026400	0.0
4027200	1.0
4028000	2.0
4028800	0.0
4029600	0.0
4030400	1.0
4031200	0.0
4032000	2.0
4032800	0.0
4033600	1.0
4034400	1.0
4035200	1.0
4036000	0.0
4036800	0.0
4037600	0.0
4038400	0.0
4039200	5.0
4040000	1.0
4040800	1.0
4041600	1.0
4042400	1.0
4043200	1.0
4044000	0.0
4044800	0.0
4045600	1.0
4046400	0.0
4047200	1.0
4048000	0.0
4048800	1.0
4049600	0.0
4050400	0.0
4051200	4.0
4052000	2.0
4052800	1.0
4053600	1.0
4054400	1.0
4055200	2.0
4056000	1.0
4056800	0.0
4057600	1.0
4058400	3.0
4059200	0.0
4060000	2.0
4060800	3.0
4061600	3.0
4062400	2.0
4063200	3.0
4064000	0.0
4064800	1.0
4065600	0.0
4066400	1.0
4067200	3.0
4068000	0.0
4068800	0.0
4069600	0.0
4070400	1.0
4071200	1.0
4072000	2.0
4072800	1.0
4073600	0.0
4074400	0.0
4075200	0.0
4076000	0.0
4076800	0.0
4077600	0.0
4078400	1.0
4079200	1.0
4080000	1.0
4080800	1.0
4081600	4.0
4082400	1.0
4083200	0.0
4084000	2.0
4084800	1.0
4085600	0.0
4086400	2.0
4087200	1.0
4088000	0.0
4088800	0.0
4089600	4.0
4090400	3.0
4091200	3.0
4092000	1.0
4092800	0.0
4093600	0.0
4094400	0.0
4095200	0.0
4096000	0.0
4096800	2.0
4097600	1.0
4098400	2.0
4099200	2.0
4100000	4.0
4100800	0.0
4101600	3.0
4102400	0.0
4103200	0.0
4104000	2.0
4104800	2.0
4105600	2.0
4106400	2.0
4107200	0.0
4108000	0.0
4108800	0.0
4109600	2.0
4110400	0.0
4111200	1.0
4112000	0.0
4112800	0.0
4113600	0.0
4114400	2.0
4115200	1.0
4116000	1.0
4116800	1.0
4117600	2.0
4118400	1.0
4119200	1.0
4120000	3.0
4120800	1.0
4121600	2.0
4122400	1.0
4123200	0.0
4124000	0.0
4124800	0.0
4125600	0.0
4126400	0.0
4127200	1.0
4128000	1.0
4128800	3.0
4129600	2.0
4130400	1.0
4131200	0.0
4132000	0.0
4132800	1.0
4133600	2.0
4134400	0.0
4135200	0.0
4136000	0.0
4136800	0.0
4137600	0.0
4138400	0.0
4139200	0.0
4140000	1.0
4140800	3.0
4141600	0.0
4142400	0.0
4143200	1.0
4144000	1.0
4144800	3.0
4145600	3.0
4146400	1.0
4147200	0.0
4148000	1.0
4148800	0.0
4149600	0.0
4150400	1.0
4151200	1.0
4152000	0.0
4152800	1.0
4153600	1.0
4154400	0.0
4155200	0.0
4156000	1.0
4156800	1.0
4157600	0.0
4158400	0.0
4159200	0.0
4160000	1.0
4160800	2.0
4161600	1.0
4162400	1.0
4163200	0.0
4164000	1.0
4164800	1.0
4165600	0.0
4166400	2.0
4167200	1.0
4168000	1.0
4168800	0.0
4169600	1.0
4170400	4.0
4171200	3.0
4172000	1.0
4172800	2.0
4173600	1.0
4174400	0.0
4175200	0.0
4176000	0.0
4176800	0.0
4177600	0.0
4178400	3.0
4179200	0.0
4180000	1.0
4180800	0.0
4181600	0.0
4182400	1.0
4183200	2.0
4184000	2.0
4184800	1.0
4185600	0.0
4186400	1.0
4187200	0.0
4188000	3.0
4188800	0.0
4189600	0.0
4190400	0.0
4191200	0.0
4192000	0.0
4192800	0.0
4193600	0.0
4194400	1.0
4195200	1.0
4196000	2.0
4196800	0.0
4197600	2.0
4198400	1.0
4199200	3.0
4200000	0.0
4200800	1.0
4201600	1.0
4202400	1.0
4203200	3.0
4204000	0.0
4204800	0.0
4205600	3.0
4206400	0.0
4207200	4.0
4208000	1.0
4208800	0.0
4209600	4.0
4210400	0.0
4211200	0.0
4212000	0.0
4212800	0.0
4213600	2.0
4214400	0.0
4215200	6.0
4216000	1.0
4216800	2.0
4217600	4.0
4218400	2.0
4219200	1.0
4220000	0.0
4220800	0.0
4221600	0.0
4222400	2.0
4223200	1.0
4224000	1.0
4224800	1.0
4225600	0.0
4226400	1.0
4227200	1.0
4228000	1.0
4228800	0.0
4229600	0.0
4230400	0.0
4231200	0.0
4232000	1.0
4232800	2.0
4233600	0.0
4234400	1.0
4235200	0.0
4236000	0.0
4236800	1.0
4237600	2.0
4238400	1.0
4239200	0.0
4240000	3.0
4240800	2.0
4241600	1.0
4242400	0.0
4243200	2.0
4244000	0.0
4244800	1.0
4245600	2.0
4246400	1.0
4247200	0.0
4248000	0.0
4248800	0.0
4249600	1.0
4250400	0.0
4251200	0.0
4252000	1.0
4252800	0.0
4253600	0.0
4254400	3.0
4255200	4.0
4256000	2.0
4256800	1.0
4257600	0.0
4258400	2.0
4259200	0.0
4260000	1.0
4260800	1.0
4261600	0.0
4262400	0.0
4263200	0.0
4264000	0.0
4264800	0.0
4265600	0.0
4266400	0.0
4267200	1.0
4268000	3.0
4268800	0.0
4269600	1.0
4270400	1.0
4271200	0.0
4272000	0.0
4272800	0.0
4273600	0.0
4274400	1.0
4275200	0.0
4276000	0.0
4276800	0.0
4277600	1.0
4278400	0.0
4279200	1.0
4280000	3.0
4280800	0.0
4281600	1.0
4282400	3.0
4283200	0.0
4284000	0.0
4284800	0.0
4285600	3.0
4286400	2.0
4287200	2.0
4288000	3.0
4288800	2.0
4289600	0.0
4290400	0.0
4291200	1.0
4292000	0.0
4292800	2.0
4293600	1.0
4294400	1.0
4295200	4.0
4296000	0.0
4296800	0.0
4297600	0.0
4298400	0.0
4299200	0.0
4300000	0.0
4300800	1.0
4301600	0.0
4302400	1.0
4303200	1.0
4304000	1.0
4304800	0.0
4305600	0.0
4306400	1.0
4307200	0.0
4308000	0.0
4308800	0.0
4309600	0.0
4310400	1.0
4311200	3.0
4312000	0.0
4312800	2.0
4313600	0.0
4314400	3.0
4315200	0.0
4316000	1.0
4316800	0.0
4317600	1.0
4318400	2.0
4319200	0.0
4320000	3.0
4320800	2.0
4321600	1.0
4322400	1.0
4323200	3.0
4324000	1.0
4324800	0.0
4325600	0.0
4326400	2.0
4327200	2.0
4328000	1.0
4328800	1.0
4329600	1.0
4330400	1.0
4331200	1.0
4332000	1.0
4332800	0.0
4333600	1.0
4334400	3.0
4335200	0.0
4336000	2.0
4336800	0.0
4337600	2.0
4338400	1.0
4339200	0.0
4340000	1.0
4340800	0.0
4341600	3.0
4342400	0.0
4343200	0.0
4344000	1.0
4344800	1.0
4345600	0.0
4346400	0.0
4347200	0.0
4348000	0.0
4348800	1.0
4349600	3.0
4350400	0.0
4351200	0.0
4352000	0.0
4352800	2.0
4353600	1.0
4354400	0.0
4355200	0.0
4356000	0.0
4356800	3.0
4357600	1.0
4358400	1.0
4359200	2.0
4360000	4.0
4360800	1.0
4361600	0.0
4362400	0.0
4363200	0.0
4364000	0.0
4364800	1.0
4365600	1.0
4366400	0.0
4367200	1.0
4368000	1.0
4368800	1.0
4369600	1.0
4370400	0.0
4371200	1.0
4372000	2.0
4372800	3.0
4373600	2.0
4374400	0.0
4375200	1.0
4376000	0.0
4376800	1.0
4377600	3.0
4378400	0.0
4379200	0.0
4380000	1.0
4380800	0.0
4381600	0.0
4382400	1.0
4383200	1.0
4384000	0.0
4384800	0.0
4385600	0.0
4386400	2.0
4387200	2.0
4388000	0.0
4388800	1.0
4389600	0.0
4390400	0.0
4391200	0.0
4392000	1.0
4392800	1.0
4393600	0.0
4394400	1.0
4395200	0.0
4396000	0.0
4396800	0.0
4397600	1.0
4398400	1.0
4399200	0.0
4400000	0.0
4400800	0.0
4401600	0.0
4402400	0.0
4403200	0.0
4404000	2.0
4404800	1.0
4405600	0.0
4406400	1.0
4407200	1.0
4408000	2.0
4408800	2.0
4409600	0.0
4410400	1.0
4411200	1.0
4412000	1.0
4412800	0.0
4413600	1.0
4414400	1.0
4415200	2.0
4416000	2.0
4416800	2.0
4417600	2.0
4418400	0.0
4419200	3.0
4420000	2.0
4420800	4.0
4421600	1.0
4422400	1.0
4423200	3.0
4424000	2.0
4424800	4.0
4425600	3.0
4426400	3.0
4427200	1.0
4428000	1.0
4428800	1.0
4429600	4.0
4430400	0.0
4431200	2.0
4432000	0.0
4432800	1.0
4433600	1.0
4434400	0.0
4435200	2.0
4436000	0.0
4436800	0.0
4437600	0.0
4438400	2.0
4439200	0.0
4440000	1.0
4440800	0.0
4441600	2.0
4442400	3.0
4443200	2.0
4444000	2.0
4444800	3.0
4445600	2.0
4446400	0.0
4447200	0.0
4448000	0.0
4448800	1.0
4449600	0.0
4450400	3.0
4451200	0.0
4452000	0.0
4452800	0.0
4453600	0.0
4454400	0.0
4455200	0.0
4456000	2.0
4456800	0.0
4457600	0.0
4458400	0.0
4459200	1.0
4460000	0.0
4460800	1.0
4461600	4.0
4462400	1.0
4463200	0.0
4464000	0.0
4464800	0.0
4465600	1.0
4466400	1.0
4467200	1.0
4468000	0.0
4468800	5.0
4469600	1.0
4470400	2.0
4471200	3.0
4472000	1.0
4472800	0.0
4473600	0.0
4474400	0.0
4475200	0.0
4476000	1.0
4476800	2.0
4477600	2.0
4478400	1.0
4479200	1.0
4480000	3.0
4480800	1.0
4481600	1.0
4482400	0.0
4483200	2.0
4484000	1.0
4484800	0.0
4485600	0.0
4486400	0.0
4487200	0.0
4488000	0.0
4488800	0.0
4489600	4.0
4490400	3.0
4491200	2.0
4492000	0.0
4492800	0.0
4493600	0.0
4494400	1.0
4495200	1.0
4496000	0.0
4496800	2.0
4497600	2.0
4498400	3.0
4499200	3.0
4500000	0.0
4500800	2.0
4501600	1.0
4502400	1.0
4503200	0.0
4504000	4.0
4504800	0.0
4505600	4.0
4506400	0.0
4507200	0.0
4508000	1.0
4508800	0.0
4509600	0.0
4510400	0.0
4511200	4.0
4512000	0.0
4512800	0.0
4513600	3.0
4514400	2.0
4515200	3.0
4516000	0.0
4516800	0.0
4517600	4.0
4518400	1.0
4519200	2.0
4520000	1.0
4520800	3.0
4521600	0.0
4522400	2.0
4523200	0.0
4524000	0.0
4524800	3.0
4525600	1.0
4526400	0.0
4527200	1.0
4528000	0.0
4528800	0.0
4529600	0.0
4530400	1.0
4531200	1.0
4532000	0.0
4532800	0.0
4533600	0.0
4534400	1.0
4535200	2.0
4536000	0.0
4536800	1.0
4537600	1.0
4538400	0.0
4539200	0.0
4540000	1.0
4540800	2.0
4541600	1.0
4542400	0.0
4543200	1.0
4544000	0.0
4544800	0.0
4545600	0.0
4546400	0.0
4547200	0.0
4548000	0.0
4548800	2.0
4549600	2.0
4550400	2.0
4551200	1.0
4552000	3.0
4552800	1.0
4553600	0.0
4554400	0.0
4555200	0.0
4556000	0.0
4556800	2.0
4557600	0.0
4558400	3.0
4559200	2.0
4560000	0.0
4560800	2.0
4561600	1.0
4562400	1.0
4563200	1.0
4564000	0.0
4564800	0.0
4565600	2.0
4566400	1.0
4567200	2.0
4568000	1.0
4568800	0.0
4569600	2.0
4570400	0.0
4571200	0.0
4572000	0.0
4572800	0.0
4573600	0.0
4574400	2.0
4575200	0.0
4576000	0.0
4576800	1.0
4577600	2.0
4578400	0.0
4579200	0.0
4580000	0.0
4580800	0.0
4581600	1.0
4582400	1.0
4583200	0.0
4584000	0.0
4584800	3.0
4585600	1.0
4586400	1.0
4587200	0.0
4588000	0.0
4588800	0.0
4589600	0.0
4590400	2.0
4591200	1.0
4592000	2.0
4592800	0.0
4593600	0.0
4594400	0.0
4595200	1.0
4596000	0.0
4596800	0.0
4597600	0.0
4598400	1.0
4599200	2.0
4600000	2.0
4600800	1.0
4601600	0.0
4602400	1.0
4603200	0.0
4604000	0.0
4604800	2.0
4605600	1.0
4606400	0.0
4607200	0.0
4608000	0.0
4608800	0.0
4609600	1.0
4610400	2.0
4611200	0.0
4612000	0.0
4612800	0.0
4613600	0.0
4614400	1.0
4615200	3.0
4616000	1.0
4616800	0.0
4617600	1.0
4618400	0.0
4619200	0.0
4620000	0.0
4620800	0.0
4621600	2.0
4622400	3.0
4623200	0.0
4624000	2.0
4624800	0.0
4625600	0.0
4626400	1.0
4627200	1.0
4628000	0.0
4628800	0.0
4629600	0.0
4630400	0.0
4631200	0.0
4632000	3.0
4632800	0.0
4633600	2.0
4634400	1.0
4635200	1.0
4636000	2.0
4636800	1.0
4637600	1.0
4638400	1.0
4639200	0.0
4640000	3.0
4640800	0.0
4641600	3.0
4642400	0.0
4643200	1.0
4644000	1.0
4644800	1.0
4645600	1.0
4646400	3.0
4647200	1.0
4648000	1.0
4648800	1.0
4649600	1.0
4650400	0.0
4651200	0.0
4652000	4.0
4652800	3.0
4653600	1.0
4654400	0.0
4655200	1.0
4656000	0.0
4656800	1.0
4657600	3.0
4658400	0.0
4659200	0.0
4660000	1.0
4660800	0.0
4661600	2.0
4662400	3.0
4663200	1.0
4664000	0.0
4664800	1.0
4665600	2.0
4666400	2.0
4667200	2.0
4668000	2.0
4668800	0.0
4669600	1.0
4670400	0.0
4671200	0.0
4672000	0.0
4672800	0.0
4673600	1.0
4674400	0.0
4675200	1.0
4676000	2.0
4676800	0.0
4677600	1.0
4678400	0.0
4679200	0.0
4680000	0.0
4680800	0.0
4681600	1.0
4682400	0.0
4683200	1.0
4684000	1.0
4684800	1.0
4685600	0.0
4686400	0.0
4687200	0.0
4688000	0.0
4688800	3.0
4689600	0.0
4690400	0.0
4691200	3.0
4692000	0.0
4692800	2.0
4693600	1.0
4694400	3.0
4695200	0.0
4696000	3.0
4696800	0.0
4697600	1.0
4698400	1.0
4699200	1.0
4700000	2.0
4700800	1.0
4701600	0.0
4702400	1.0
4703200	3.0
4704000	0.0
4704800	0.0
4705600	1.0
4706400	0.0
4707200	1.0
4708000	1.0
4708800	3.0
4709600	0.0
4710400	1.0
4711200	0.0
4712000	0.0
4712800	1.0
4713600	1.0
4714400	0.0
4715200	2.0
4716000	0.0
4716800	0.0
4717600	1.0
4718400	1.0
4719200	0.0
4720000	1.0
4720800	1.0
4721600	2.0
4722400	1.0
4723200	0.0
4724000	2.0
4724800	3.0
4725600	2.0
4726400	1.0
4727200	3.0
4728000	0.0
4728800	1.0
4729600	0.0
4730400	2.0
4731200	3.0
4732000	0.0
4732800	1.0
4733600	3.0
4734400	0.0
4735200	0.0
4736000	1.0
4736800	0.0
4737600	3.0
4738400	1.0
4739200	2.0
4740000	2.0
4740800	2.0
4741600	0.0
4742400	0.0
4743200	0.0
4744000	0.0
4744800	0.0
4745600	3.0
4746400	1.0
4747200	2.0
4748000	0.0
4748800	0.0
4749600	2.0
4750400	1.0
4751200	1.0
4752000	1.0
4752800	1.0
4753600	0.0
4754400	0.0
4755200	1.0
4756000	1.0
4756800	0.0
4757600	0.0
4758400	0.0
4759200	3.0
4760000	0.0
4760800	0.0
4761600	0.0
4762400	0.0
4763200	0.0
4764000	0.0
4764800	0.0
4765600	0.0
4766400	1.0
4767200	2.0
4768000	2.0
4768800	1.0
4769600	1.0
4770400	1.0
4771200	1.0
4772000	0.0
4772800	0.0
4773600	2.0
4774400	0.0
4775200	0.0
4776000	0.0
4776800	2.0
4777600	0.0
4778400	0.0
4779200	1.0
4780000	0.0
4780800	0.0
4781600	1.0
4782400	0.0
4783200	1.0
4784000	0.0
4784800	0.0
4785600	2.0
4786400	3.0
4787200	4.0
4788000	0.0
4788800	0.0
4789600	2.0
4790400	1.0
4791200	2.0
4792000	1.0
4792800	1.0
4793600	3.0
4794400	0.0
4795200	0.0
4796000	0.0
4796800	0.0
4797600	1.0
4798400	0.0
4799200	2.0
4800000	3.0
4800800	2.0
4801600	3.0
4802400	4.0
4803200	1.0
4804000	0.0
4804800	0.0
4805600	1.0
4806400	3.0
4807200	0.0
4808000	2.0
4808800	0.0
4809600	3.0
4810400	3.0
4811200	3.0
4812000	2.0
4812800	2.0
4813600	0.0
4814400	0.0
4815200	0.0
4816000	1.0
4816800	2.0
4817600	0.0
4818400	2.0
4819200	0.0
4820000	0.0
4820800	2.0
4821600	1.0
4822400	1.0
4823200	1.0
4824000	0.0
4824800	0.0
4825600	0.0
4826400	0.0
4827200	0.0
4828000	1.0
4828800	0.0
4829600	0.0
4830400	0.0
4831200	2.0
4832000	1.0
4832800	0.0
4833600	1.0
4834400	0.0
4835200	0.0
4836000	0.0
4836800	0.0
4837600	0.0
4838400	2.0
4839200	0.0
4840000	1.0
4840800	0.0
4841600	0.0
4842400	2.0
4843200	1.0
4844000	2.0
4844800	1.0
4845600	3.0
4846400	0.0
4847200	1.0
4848000	1.0
4848800	2.0
4849600	2.0
4850400	2.0
4851200	2.0
4852000	0.0
4852800	0.0
4853600	2.0
4854400	1.0
4855200	2.0
4856000	3.0
4856800	0.0
4857600	1.0
4858400	2.0
4859200	1.0
4860000	2.0
4860800	1.0
4861600	2.0
4862400	4.0
4863200	2.0
4864000	0.0
4864800	1.0
4865600	3.0
4866400	0.0
4867200	0.0
4868000	1.0
4868800	0.0
4869600	1.0
4870400	0.0
4871200	0.0
4872000	2.0
4872800	0.0
4873600	0.0
4874400	0.0
4875200	0.0
4876000	2.0
4876800	1.0
4877600	2.0
4878400	0.0
4879200	1.0
4880000	0.0
4880800	2.0
4881600	1.0
4882400	0.0
4883200	1.0
4884000	1.0
4884800	0.0
4885600	0.0
4886400	0.0
4887200	0.0
4888000	0.0
4888800	1.0
4889600	2.0
4890400	0.0
4891200	0.0
4892000	0.0
4892800	0.0
4893600	3.0
4894400	2.0
4895200	3.0
4896000	0.0
4896800	0.0
4897600	0.0
4898400	0.0
4899200	0.0
4900000	0.0
4900800	2.0
4901600	0.0
4902400	1.0
4903200	2.0
4904000	1.0
4904800	1.0
4905600	0.0
4906400	0.0
4907200	0.0
4908000	0.0
4908800	0.0
4909600	0.0
4910400	1.0
4911200	1.0
4912000	2.0
4912800	1.0
4913600	1.0
4914400	1.0
4915200	0.0
4916000	0.0
4916800	1.0
4917600	0.0
4918400	0.0
4919200	0.0
4920000	1.0
4920800	0.0
4921600	1.0
4922400	1.0
4923200	1.0
4924000	0.0
4924800	1.0
4925600	0.0
4926400	0.0
4927200	1.0
4928000	0.0
4928800	0.0
4929600	0.0
4930400	4.0
4931200	2.0
4932000	4.0
4932800	0.0
4933600	1.0
4934400	2.0
4935200	1.0
4936000	0.0
4936800	1.0
4937600	0.0
4938400	0.0
4939200	0.0
4940000	0.0
4940800	0.0
4941600	1.0
4942400	0.0
4943200	0.0
4944000	1.0
4944800	1.0
4945600	1.0
4946400	0.0
4947200	0.0
4948000	1.0
4948800	4.0
4949600	0.0
4950400	2.0
4951200	1.0
4952000	1.0
4952800	1.0
4953600	0.0
4954400	1.0
4955200	1.0
4956000	0.0
4956800	0.0
4957600	0.0
4958400	1.0
4959200	1.0
4960000	0.0
4960800	0.0
4961600	0.0
4962400	0.0
4963200	1.0
4964000	1.0
4964800	0.0
4965600	1.0
4966400	1.0
4967200	1.0
4968000	0.0
4968800	1.0
4969600	2.0
4970400	2.0
4971200	2.0
4972000	1.0
4972800	1.0
4973600	1.0
4974400	0.0
4975200	3.0
4976000	2.0
4976800	1.0
4977600	1.0
4978400	1.0
4979200	2.0
4980000	0.0
4980800	0.0
4981600	2.0
4982400	3.0
4983200	1.0
4984000	1.0
4984800	0.0
4985600	0.0
4986400	1.0
4987200	1.0
4988000	3.0
4988800	2.0
4989600	1.0
4990400	1.0
4991200	0.0
4992000	0.0
4992800	0.0
4993600	0.0
4994400	1.0
4995200	0.0
4996000	1.0
4996800	0.0
4997600	1.0
4998400	1.0
4999200	1.0
5000000	1.0
5000800	0.0
5001600	1.0
5002400	3.0
5003200	1.0
5004000	2.0
5004800	0.0
5005600	0.0
5006400	0.0
5007200	1.0
5008000	1.0
5008800	2.0
5009600	1.0
5010400	1.0
5011200	2.0
5012000	1.0
5012800	3.0
5013600	1.0
5014400	1.0
5015200	3.0
5016000	0.0
5016800	1.0
5017600	4.0
5018400	0.0
5019200	0.0
5020000	0.0
5020800	2.0
5021600	2.0
5022400	0.0
5023200	1.0
5024000	0.0
5024800	0.0
5025600	0.0
5026400	0.0
5027200	1.0
5028000	0.0
5028800	1.0
5029600	0.0
5030400	1.0
5031200	2.0
5032000	0.0
5032800	0.0
5033600	0.0
5034400	1.0
5035200	1.0
5036000	0.0
5036800	0.0
5037600	1.0
5038400	0.0
5039200	2.0
5040000	1.0
5040800	0.0
5041600	0.0
5042400	1.0
5043200	1.0
5044000	2.0
5044800	0.0
5045600	0.0
5046400	1.0
5047200	0.0
5048000	0.0
5048800	1.0
5049600	1.0
5050400	2.0
5051200	1.0
5052000	0.0
5052800	1.0
5053600	2.0
5054400	1.0
5055200	1.0
5056000	1.0
5056800	2.0
5057600	0.0
5058400	0.0
5059200	0.0
5060000	0.0
5060800	3.0
5061600	1.0
5062400	0.0
5063200	1.0
5064000	1.0
5064800	2.0
5065600	1.0
5066400	3.0
5067200	1.0
5068000	0.0
5068800	1.0
5069600	0.0
5070400	0.0
5071200	0.0
5072000	0.0
5072800	0.0
5073600	2.0
5074400	2.0
5075200	0.0
5076000	1.0
5076800	0.0
5077600	0.0
5078400	3.0
5079200	1.0
5080000	2.0
5080800	1.0
5081600	1.0
5082400	2.0
5083200	0.0
5084000	1.0
5084800	0.0
5085600	0.0
5086400	1.0
5087200	1.0
5088000	1.0
5088800	2.0
5089600	0.0
5090400	0.0
5091200	1.0
5092000	0.0
5092800	0.0
5093600	0.0
5094400	0.0
5095200	0.0
5096000	1.0
5096800	1.0
5097600	3.0
5098400	2.0
5099200	0.0
5100000	2.0
5100800	1.0
5101600	0.0
5102400	0.0
5103200	0.0
5104000	0.0
5104800	0.0
5105600	1.0
5106400	1.0
5107200	1.0
5108000	1.0
5108800	1.0
5109600	3.0
5110400	0.0
5111200	0.0
5112000	0.0
5112800	0.0
5113600	1.0
5114400	1.0
5115200	1.0
5116000	4.0
5116800	1.0
5117600	2.0
5118400	1.0
5119200	1.0
5120000	1.0
5120800	0.0
5121600	2.0
5122400	2.0
5123200	0.0
5124000	1.0
5124800	0.0
5125600	3.0
5126400	1.0
5127200	2.0
5128000	2.0
5128800	2.0
5129600	0.0
5130400	0.0
5131200	1.0
5132000	2.0
5132800	1.0
5133600	0.0
5134400	0.0
5135200	0.0
5136000	0.0
5136800	0.0
5137600	0.0
5138400	0.0
5139200	1.0
5140000	1.0
5140800	0.0
5141600	1.0
5142400	3.0
5143200	4.0
5144000	0.0
5144800	3.0
5145600	1.0
5146400	1.0
5147200	0.0
5148000	1.0
5148800	4.0
5149600	2.0
5150400	1.0
5151200	5.0
5152000	1.0
5152800	0.0
5153600	0.0
5154400	1.0
5155200	0.0
5156000	1.0
5156800	1.0
5157600	3.0
5158400	2.0
5159200	2.0
5160000	1.0
5160800	0.0
5161600	0.0
5162400	1.0
5163200	0.0
5164000	2.0
5164800	1.0
5165600	1.0
5166400	1.0
5167200	1.0
5168000	2.0
5168800	2.0
5169600	0.0
5170400	2.0
5171200	0.0
5172000	2.0
5172800	1.0
5173600	1.0
5174400	0.0
5175200	0.0
5176000	0.0
5176800	1.0
5177600	1.0
5178400	0.0
5179200	3.0
5180000	1.0
5180800	1.0
5181600	4.0
5182400	0.0
5183200	2.0
5184000	2.0
5184800	0.0
5185600	1.0
5186400	1.0
5187200	0.0
5188000	0.0
5188800	0.0
5189600	1.0
5190400	2.0
5191200	1.0
5192000	2.0
5192800	2.0
5193600	3.0
5194400	1.0
5195200	0.0
5196000	0.0
5196800	1.0
5197600	0.0
5198400	0.0
5199200	1.0
5200000	2.0
5200800	1.0
5201600	0.0
5202400	0.0
5203200	0.0
5204000	0.0
5204800	1.0
5205600	0.0
5206400	1.0
5207200	3.0
5208000	0.0
5208800	0.0
5209600	0.0
5210400	0.0
5211200	2.0
5212000	2.0
5212800	2.0
5213600	4.0
5214400	1.0
5215200	1.0
5216000	0.0
5216800	0.0
5217600	0.0
5218400	1.0
5219200	2.0
5220000	1.0
5220800	1.0
5221600	0.0
5222400	0.0
5223200	1.0
5224000	1.0
5224800	0.0
5225600	0.0
5226400	0.0
5227200	0.0
5228000	0.0
5228800	1.0
5229600	1.0
5230400	1.0
5231200	0.0
5232000	4.0
5232800	1.0
5233600	0.0
5234400	3.0
5235200	0.0
5236000	0.0
5236800	2.0
5237600	1.0
5238400	4.0
5239200	2.0
5240000	2.0
5240800	0.0
5241600	2.0
5242400	0.0
5243200	1.0
5244000	1.0
5244800	2.0
5245600	0.0
5246400	0.0
5247200	2.0
5248000	1.0
5248800	1.0
5249600	0.0
5250400	1.0
5251200	1.0
5252000	2.0
5252800	4.0
5253600	2.0
5254400	0.0
5255200	0.0
5256000	2.0
5256800	2.0
5257600	2.0
5258400	2.0
5259200	0.0
5260000	0.0
5260800	0.0
5261600	0.0
5262400	1.0
5263200	0.0
5264000	2.0
5264800	0.0
5265600	0.0
5266400	0.0
5267200	0.0
5268000	0.0
5268800	1.0
5269600	1.0
5270400	2.0
5271200	0.0
5272000	0.0
5272800	2.0
5273600	0.0
5274400	1.0
5275200	0.0
5276000	3.0
5276800	2.0
5277600	2.0
5278400	0.0
5279200	0.0
5280000	0.0
5280800	0.0
5281600	0.0
5282400	1.0
5283200	1.0
5284000	2.0
5284800	1.0
5285600	0.0
5286400	1.0
5287200	2.0
5288000	2.0
5288800	3.0
5289600	1.0
5290400	2.0
5291200	0.0
5292000	0.0
5292800	1.0
5293600	0.0
5294400	0.0
5295200	1.0
5296000	0.0
5296800	2.0
5297600	1.0
5298400	1.0
5299200	0.0
5300000	6.0
5300800	1.0
5301600	0.0
5302400	3.0
5303200	0.0
5304000	0.0
5304800	3.0
5305600	1.0
5306400	0.0
5307200	1.0
5308000	1.0
5308800	3.0
5309600	1.0
5310400	2.0
5311200	2.0
5312000	2.0
5312800	1.0
5313600	3.0
5314400	0.0
5315200	1.0
5316000	0.0
5316800	0.0
5317600	2.0
5318400	0.0
5319200	0.0
5320000	0.0
5320800	1.0
5321600	0.0
5322400	0.0
5323200	2.0
5324000	5.0
5324800	1.0
5325600	1.0
5326400	0.0
5327200	1.0
5328000	1.0
5328800	2.0
5329600	3.0
5330400	2.0
5331200	0.0
5332000	1.0
5332800	1.0
5333600	2.0
5334400	0.0
5335200	4.0
5336000	2.0
5336800	2.0
5337600	2.0
5338400	1.0
5339200	1.0
5340000	1.0
5340800	2.0
5341600	2.0
5342400	0.0
5343200	2.0
5344000	2.0
5344800	2.0
5345600	3.0
5346400	0.0
5347200	0.0
5348000	0.0
5348800	2.0
5349600	0.0
5350400	0.0
5351200	1.0
5352000	1.0
5352800	1.0
5353600	2.0
5354400	2.0
5355200	2.0
5356000	0.0
5356800	2.0
5357600	1.0
5358400	3.0
5359200	1.0
5360000	1.0
5360800	0.0
5361600	0.0
5362400	1.0
5363200	1.0
5364000	5.0
5364800	3.0
5365600	1.0
5366400	2.0
5367200	1.0
5368000	1.0
5368800	0.0
5369600	0.0
5370400	3.0
5371200	2.0
5372000	5.0
5372800	0.0
5373600	3.0
5374400	2.0
5375200	1.0
5376000	3.0
5376800	2.0
5377600	0.0
5378400	2.0
5379200	0.0
5380000	1.0
5380800	2.0
5381600	2.0
5382400	0.0
5383200	1.0
5384000	0.0
5384800	2.0
5385600	0.0
5386400	1.0
5387200	0.0
5388000	0.0
5388800	0.0
5389600	0.0
5390400	3.0
5391200	1.0
5392000	1.0
5392800	1.0
5393600	0.0
5394400	0.0
5395200	0.0
5396000	0.0
5396800	0.0
5397600	0.0
5398400	2.0
5399200	0.0
5400000	0.0
5400800	0.0
5401600	0.0
5402400	3.0
5403200	1.0
5404000	0.0
5404800	0.0
5405600	0.0
5406400	0.0
5407200	0.0
5408000	1.0
5408800	1.0
5409600	1.0
5410400	1.0
5411200	4.0
5412000	0.0
5412800	0.0
5413600	3.0
5414400	3.0
5415200	1.0
5416000	0.0
5416800	0.0
5417600	1.0
5418400	1.0
5419200	3.0
5420000	5.0
5420800	0.0
5421600	1.0
5422400	1.0
5423200	1.0
5424000	0.0
5424800	3.0
5425600	3.0
5426400	2.0
5427200	1.0
5428000	1.0
5428800	1.0
5429600	0.0
5430400	1.0
5431200	1.0
5432000	2.0
5432800	2.0
5433600	2.0
5434400	4.0
5435200	0.0
5436000	2.0
5436800	0.0
5437600	4.0
5438400	1.0
5439200	1.0
5440000	3.0
5440800	3.0
5441600	1.0
5442400	3.0
5443200	1.0
5444000	4.0
5444800	0.0
5445600	0.0
5446400	4.0
5447200	0.0
5448000	0.0
5448800	0.0
5449600	1.0
5450400	0.0
5451200	1.0
5452000	2.0
5452800	1.0
5453600	1.0
5454400	1.0
5455200	2.0
5456000	0.0
5456800	0.0
5457600	0.0
5458400	1.0
5459200	2.0
5460000	1.0
5460800	1.0
5461600	3.0
5462400	3.0
5463200	3.0
5464000	1.0
5464800	0.0
5465600	1.0
5466400	3.0
5467200	1.0
5468000	1.0
5468800	1.0
5469600	3.0
5470400	1.0
5471200	4.0
5472000	3.0
5472800	1.0
5473600	1.0
5474400	0.0
5475200	0.0
5476000	0.0
5476800	0.0
5477600	0.0
5478400	1.0
5479200	1.0
5480000	0.0
5480800	0.0
5481600	0.0
5482400	1.0
5483200	1.0
5484000	1.0
5484800	0.0
5485600	0.0
5486400	2.0
5487200	1.0
5488000	1.0
5488800	2.0
5489600	1.0
5490400	0.0
5491200	1.0
5492000	1.0
5492800	0.0
5493600	0.0
5494400	0.0
5495200	0.0
5496000	1.0
5496800	1.0
5497600	0.0
5498400	0.0
5499200	0.0
5500000	0.0
5500800	2.0
5501600	1.0
5502400	1.0
5503200	3.0
5504000	2.0
5504800	2.0
5505600	0.0
5506400	0.0
5507200	0.0
5508000	1.0
5508800	1.0
5509600	0.0
5510400	0.0
5511200	2.0
5512000	2.0
5512800	0.0
5513600	0.0
5514400	1.0
5515200	0.0
5516000	0.0
5516800	0.0
5517600	2.0
5518400	2.0
5519200	1.0
5520000	0.0
5520800	0.0
5521600	0.0
5522400	0.0
5523200	2.0
5524000	3.0
5524800	0.0
5525600	1.0
5526400	0.0
5527200	1.0
5528000	1.0
5528800	2.0
5529600	1.0
5530400	1.0
5531200	0.0
5532000	0.0
5532800	2.0
5533600	2.0
5534400	0.0
5535200	0.0
5536000	0.0
5536800	1.0
5537600	1.0
5538400	0.0
5539200	2.0
5540000	3.0
5540800	1.0
5541600	0.0
5542400	0.0
5543200	1.0
5544000	0.0
5544800	0.0
5545600	2.0
5546400	0.0
5547200	0.0
5548000	0.0
5548800	1.0
5549600	1.0
5550400	1.0
5551200	1.0
5552000	1.0
5552800	2.0
5553600	4.0
5554400	0.0
5555200	1.0
5556000	0.0
5556800	2.0
5557600	0.0
5558400	1.0
5559200	0.0
5560000	0.0
5560800	0.0
5561600	0.0
5562400	0.0
5563200	1.0
5564000	3.0
5564800	1.0
5565600	3.0
5566400	0.0
5567200	0.0
5568000	0.0
5568800	0.0
5569600	0.0
5570400	0.0
5571200	0.0
5572000	2.0
5572800	1.0
5573600	1.0
5574400	3.0
5575200	0.0
5576000	0.0
5576800	1.0
5577600	2.0
5578400	1.0
5579200	1.0
5580000	2.0
5580800	0.0
5581600	3.0
5582400	1.0
5583200	1.0
5584000	0.0
5584800	0.0
5585600	4.0
5586400	3.0
5587200	1.0
5588000	2.0
5588800	3.0
5589600	0.0
5590400	2.0
5591200	3.0
5592000	2.0
5592800	2.0
5593600	0.0
5594400	3.0
5595200	2.0
5596000	0.0
5596800	0.0
5597600	1.0
5598400	0.0
5599200	2.0
5600000	0.0
5600800	1.0
5601600	1.0
5602400	0.0
5603200	0.0
5604000	1.0
5604800	1.0
5605600	1.0
5606400	0.0
5607200	0.0
5608000	2.0
5608800	2.0
5609600	1.0
5610400	1.0
5611200	1.0
5612000	1.0
5612800	0.0
5613600	2.0
5614400	0.0
5615200	0.0
5616000	1.0
5616800	0.0
5617600	0.0
5618400	0.0
5619200	0.0
5620000	0.0
5620800	0.0
5621600	0.0
5622400	0.0
5623200	0.0
5624000	0.0
5624800	0.0
5625600	1.0
5626400	4.0
5627200	1.0
5628000	0.0
5628800	0.0
5629600	0.0
5630400	0.0
5631200	4.0
5632000	2.0
5632800	2.0
5633600	1.0
5634400	0.0
5635200	1.0
5636000	0.0
5636800	0.0
5637600	0.0
5638400	2.0
5639200	0.0
5640000	0.0
5640800	0.0
5641600	0.0
5642400	0.0
5643200	0.0
5644000	1.0
5644800	1.0
5645600	1.0
5646400	1.0
5647200	1.0
5648000	2.0
5648800	0.0
5649600	1.0
5650400	1.0
5651200	2.0
5652000	0.0
5652800	2.0
5653600	1.0
5654400	0.0
5655200	1.0
5656000	1.0
5656800	1.0
5657600	0.0
5658400	1.0
5659200	0.0
5660000	0.0
5660800	2.0
5661600	3.0
5662400	1.0
5663200	0.0
5664000	1.0
5664800	0.0
5665600	0.0
5666400	0.0
5667200	1.0
5668000	1.0
5668800	1.0
5669600	0.0
5670400	3.0
5671200	2.0
5672000	3.0
5672800	0.0
5673600	0.0
5674400	1.0
5675200	2.0
5676000	3.0
5676800	3.0
5677600	0.0
5678400	0.0
5679200	0.0
5680000	1.0
5680800	2.0
5681600	1.0
5682400	0.0
5683200	2.0
5684000	2.0
5684800	0.0
5685600	0.0
5686400	3.0
5687200	0.0
5688000	1.0
5688800	0.0
5689600	3.0
5690400	1.0
5691200	1.0
5692000	0.0
5692800	0.0
5693600	0.0
5694400	1.0
5695200	0.0
5696000	0.0
5696800	2.0
5697600	0.0
5698400	1.0
5699200	0.0
5700000	1.0
5700800	1.0
5701600	0.0
5702400	1.0
5703200	1.0
5704000	2.0
5704800	5.0
5705600	1.0
5706400	0.0
5707200	0.0
5708000	1.0
5708800	3.0
5709600	0.0
5710400	0.0
5711200	0.0
5712000	2.0
5712800	1.0
5713600	2.0
5714400	2.0
5715200	0.0
5716000	0.0
5716800	0.0
5717600	0.0
5718400	1.0
5719200	0.0
5720000	1.0
5720800	2.0
5721600	0.0
5722400	4.0
5723200	0.0
5724000	1.0
5724800	0.0
5725600	0.0
5726400	1.0
5727200	1.0
5728000	0.0
5728800	0.0
5729600	2.0
5730400	0.0
5731200	0.0
5732000	1.0
5732800	3.0
5733600	2.0
5734400	1.0
5735200	2.0
5736000	2.0
5736800	0.0
5737600	1.0
5738400	1.0
5739200	2.0
5740000	2.0
5740800	0.0
5741600	2.0
5742400	1.0
5743200	1.0
5744000	0.0
5744800	2.0
5745600	1.0
5746400	1.0
5747200	1.0
5748000	1.0
5748800	1.0
5749600	0.0
5750400	0.0
5751200	1.0
5752000	1.0
5752800	0.0
5753600	0.0
5754400	2.0
5755200	1.0
5756000	0.0
5756800	2.0
5757600	0.0
5758400	0.0
5759200	1.0
5760000	0.0
5760800	2.0
5761600	0.0
5762400	1.0
5763200	2.0
5764000	1.0
5764800	1.0
5765600	0.0
5766400	1.0
5767200	3.0
5768000	3.0
5768800	2.0
5769600	0.0
5770400	0.0
5771200	1.0
5772000	0.0
5772800	0.0
5773600	0.0
5774400	0.0
5775200	0.0
5776000	2.0
5776800	2.0
5777600	1.0
5778400	5.0
5779200	2.0
5780000	2.0
5780800	0.0
5781600	0.0
5782400	3.0
5783200	0.0
5784000	0.0
5784800	0.0
5785600	0.0
5786400	0.0
5787200	0.0
5788000	2.0
5788800	1.0
5789600	3.0
5790400	1.0
5791200	0.0
5792000	0.0
5792800	0.0
5793600	0.0
5794400	0.0
5795200	0.0
5796000	0.0
5796800	0.0
5797600	0.0
5798400	0.0
5799200	1.0
5800000	1.0
5800800	0.0
5801600	0.0
5802400	0.0
5803200	0.0
5804000	0.0
5804800	2.0
5805600	3.0
5806400	2.0
5807200	2.0
5808000	0.0
5808800	2.0
5809600	0.0
5810400	0.0
5811200	2.0
5812000	2.0
5812800	2.0
5813600	1.0
5814400	0.0
5815200	0.0
5816000	0.0
5816800	0.0
5817600	1.0
5818400	0.0
5819200	0.0
5820000	0.0
5820800	0.0
5821600	0.0
5822400	2.0
5823200	1.0
5824000	1.0
5824800	1.0
5825600	1.0
5826400	1.0
5827200	0.0
5828000	3.0
5828800	0.0
5829600	2.0
5830400	0.0
5831200	1.0
5832000	1.0
5832800	2.0
5833600	0.0
5834400	1.0
5835200	0.0
5836000	2.0
5836800	1.0
5837600	2.0
5838400	2.0
5839200	2.0
5840000	0.0
5840800	0.0
5841600	0.0
5842400	0.0
5843200	1.0
5844000	0.0
5844800	3.0
5845600	2.0
5846400	1.0
5847200	3.0
5848000	2.0
5848800	0.0
5849600	1.0
5850400	0.0
5851200	0.0
5852000	1.0
5852800	3.0
5853600	0.0
5854400	0.0
5855200	0.0
5856000	0.0
5856800	1.0
5857600	1.0
5858400	0.0
5859200	3.0
5860000	4.0
5860800	3.0
5861600	0.0
5862400	0.0
5863200	0.0
5864000	0.0
5864800	0.0
5865600	1.0
5866400	1.0
5867200	2.0
5868000	1.0
5868800	0.0
5869600	1.0
5870400	0.0
5871200	0.0
5872000	0.0
5872800	0.0
5873600	0.0
5874400	1.0
5875200	0.0
5876000	0.0
5876800	0.0
5877600	0.0
5878400	0.0
5879200	1.0
5880000	0.0
5880800	1.0
5881600	1.0
5882400	0.0
5883200	0.0
5884000	0.0
5884800	0.0
5885600	1.0
5886400	0.0
5887200	0.0
5888000	2.0
5888800	0.0
5889600	3.0
5890400	1.0
5891200	1.0
5892000	1.0
5892800	1.0
5893600	0.0
5894400	1.0
5895200	0.0
5896000	0.0
5896800	1.0
5897600	1.0
5898400	1.0
5899200	1.0
5900000	1.0
5900800	1.0
5901600	1.0
5902400	1.0
5903200	0.0
5904000	1.0
5904800	0.0
5905600	2.0
5906400	0.0
5907200	0.0
5908000	1.0
5908800	0.0
5909600	0.0
5910400	0.0
5911200	1.0
5912000	0.0
5912800	0.0
5913600	0.0
5914400	1.0
5915200	2.0
5916000	1.0
5916800	2.0
5917600	1.0
5918400	1.0
5919200	0.0
5920000	0.0
5920800	0.0
5921600	0.0
5922400	0.0
5923200	1.0
5924000	0.0
5924800	1.0
5925600	2.0
5926400	1.0
5927200	2.0
5928000	0.0
5928800	0.0
5929600	1.0
5930400	1.0
5931200	1.0
5932000	0.0
5932800	1.0
5933600	0.0
5934400	2.0
5935200	0.0
5936000	1.0
5936800	0.0
5937600	2.0
5938400	1.0
5939200	0.0
5940000	0.0
5940800	1.0
5941600	2.0
5942400	1.0
5943200	3.0
5944000	2.0
5944800	2.0
5945600	2.0
5946400	1.0
5947200	2.0
5948000	2.0
5948800	0.0
5949600	1.0
5950400	0.0
5951200	0.0
5952000	1.0
5952800	0.0
5953600	1.0
5954400	0.0
5955200	2.0
5956000	1.0
5956800	0.0
5957600	2.0
5958400	1.0
5959200	1.0
5960000	3.0
5960800	3.0
5961600	1.0
5962400	0.0
5963200	1.0
5964000	0.0
5964800	0.0
5965600	0.0
5966400	0.0
5967200	0.0
5968000	1.0
5968800	0.0
5969600	0.0
5970400	0.0
5971200	2.0
5972000	1.0
5972800	2.0
5973600	1.0
5974400	1.0
5975200	4.0
5976000	1.0
5976800	2.0
5977600	0.0
5978400	0.0
5979200	0.0
5980000	0.0
5980800	1.0
5981600	0.0
5982400	0.0
5983200	1.0
5984000	1.0
5984800	3.0
5985600	3.0
5986400	2.0
5987200	0.0
5988000	0.0
5988800	0.0
5989600	1.0
5990400	0.0
5991200	0.0
5992000	0.0
5992800	0.0
5993600	2.0
5994400	0.0
5995200	0.0
5996000	0.0
5996800	0.0
5997600	2.0
5998400	1.0
5999200	0.0
6000000	2.0
