Test step	Reward
200	0
400	0
600	0
800	0
1000	0
1200	0
1400	0
1600	0
1800	0
2000	0
2200	0
2400	0
2600	0
2800	0
3000	0
3200	0
3400	0
3600	0
3800	0
4000	0
4200	0
4400	0
4600	0
4800	0
5000	0
5200	0
5400	0
5600	0
5800	0
6000	0
6200	0
6400	0
6600	0
6800	0
7000	0
7200	0
7400	0
7600	0
7800	0
8000	0
8200	0
8400	0
8600	0
8800	0
9000	0
9200	0
9400	0
9600	0
9800	0
10000	0
10200	0
10400	0
10600	0
10800	0
11000	0
11200	0
11400	0
11600	0
11800	0
12000	0
12200	0
12400	0
12600	0
12800	0
13000	0
13200	0
13400	0
13600	0
13800	0
14000	0
14200	0
14400	0
14600	0
14800	0
15000	0
15200	0
15400	0
15600	0
15800	0
16000	0
16200	0
16400	0
16600	0
16800	0
17000	0
17200	0
17400	0
17600	0
17800	0
18000	0
18200	0
18400	0
18600	0
18800	0
19000	0
19200	0
19400	0
19600	0
19800	0
20000	0
20200	0
20400	0
20600	0
20800	0
21000	0
21200	0
21400	0
21600	0
21800	0
22000	0
22200	0
22400	0
22600	0
22800	0
23000	0
23200	0
23400	0
23600	0
23800	0
24000	0
24200	0
24400	0
24600	0
24800	0
25000	0
25200	0
25400	0
25600	0
25800	0
26000	0
26200	0
26400	0
26600	0
26800	0
27000	0
27200	0
27400	0
27600	0
27800	0
28000	0
28200	0
28400	0
28600	0
28800	0
29000	0
29200	0
29400	0
29600	0
29800	0
30000	0
30200	0
30400	0
30600	0
30800	0
31000	0
31200	0
31400	0
31600	0
31800	0
32000	0
32200	0
32400	0
32600	0
32800	0
33000	0
33200	0
33400	0
33600	0
33800	0
34000	0
34200	0
34400	0
34600	0
34800	0
35000	0
35200	0
35400	0
35600	0
35800	0
36000	0
36200	0
36400	0
36600	0
36800	0
37000	0
37200	0
37400	0
37600	0
37800	0
38000	0
38200	0
38400	0
38600	0
38800	0
39000	0
39200	0
39400	0
39600	0
39800	0
40000	0
40200	0
40400	0
40600	0
40800	0
41000	0
41200	0
41400	0
41600	0
41800	0
42000	0
42200	0
42400	0
42600	0
42800	0
43000	0
43200	0
43400	0
43600	0
43800	0
44000	0
44200	0
44400	0
44600	0
44800	0
45000	0
45200	0
45400	0
45600	0
45800	0
46000	0
46200	0
46400	0
46600	0
46800	0
47000	0
47200	0
47400	0
47600	0
47800	0
48000	0
48200	0
48400	0
48600	0
48800	0
49000	0
49200	0
49400	0
49600	0
49800	0
50000	0
50200	0
50400	0
50600	0
50800	0
51000	0
51200	0
51400	0
51600	0
51800	0
52000	0
52200	0
52400	0
52600	0
52800	0
53000	0
53200	0
53400	0
53600	0
53800	0
54000	0
54200	0
54400	0
54600	0
54800	0
55000	0
55200	0
55400	0
55600	0
55800	0
56000	0
56200	0
56400	0
56600	0
56800	0
57000	0
57200	0
57400	0
57600	0
57800	0
58000	0
58200	0
58400	0
58600	0
58800	0
59000	0
59200	0
59400	0
59600	0
59800	0
60000	0
60200	0
60400	0
60600	0
60800	0
61000	0
61200	0
61400	0
61600	0
61800	0
62000	0
62200	0
62400	0
62600	0
62800	0
63000	0
63200	0
63400	0
63600	0
63800	0
64000	0
64200	0
64400	0
64600	0
64800	0
65000	0
65200	0
65400	0
65600	0
65800	0
66000	0
66200	0
66400	0
66600	0
66800	0
67000	0
67200	0
67400	0
67600	0
67800	0
68000	0
68200	0
68400	0
68600	0
68800	0
69000	0
69200	0
69400	0
69600	0
69800	0
70000	0
70200	0
70400	0
70600	0
70800	0
71000	0
71200	0
71400	0
71600	0
71800	0
72000	0
72200	0
72400	0
72600	0
72800	0
73000	0
73200	0
73400	0
73600	0
73800	0
74000	0
74200	0
74400	0
74600	0
74800	0
75000	0
75200	0
75400	0
75600	0
75800	0
76000	0
76200	0
76400	0
76600	0
76800	0
77000	0
77200	0
77400	0
77600	0
77800	0
78000	0
78200	0
78400	0
78600	0
78800	0
79000	0
79200	0
79400	0
79600	0
79800	0
80000	0
80200	0
80400	0
80600	0
80800	0
81000	0
81200	0
81400	0
81600	0
81800	0
82000	0
82200	0
82400	0
82600	0
82800	0
83000	0
83200	0
83400	0
83600	0
83800	0
84000	0
84200	0
84400	0
84600	0
84800	0
85000	0
85200	0
85400	0
85600	0
85800	0
86000	0
86200	0
86400	0
86600	0
86800	0
87000	0
87200	0
87400	0
87600	0
87800	0
88000	0
88200	0
88400	0
88600	0
88800	0
89000	0
89200	0
89400	0
89600	0
89800	0
90000	0
90200	0
90400	0
90600	0
90800	0
91000	0
91200	0
91400	0
91600	0
91800	0
92000	0
92200	0
92400	0
92600	0
92800	0
93000	0
93200	0
93400	0
93600	0
93800	0
94000	0
94200	0
94400	0
94600	0
94800	0
95000	0
95200	0
95400	0
95600	0
95800	0
96000	0
96200	0
96400	0
96600	0
96800	0
97000	0
97200	0
97400	0
97600	0
97800	0
98000	0
98200	0
98400	0
98600	0
98800	0
99000	0
99200	0
99400	0
99600	0
99800	0
100000	0
100200	0
100400	0
100600	0
100800	0
101000	0
101200	0
101400	0
101600	1
101800	0
102000	0
102200	0
102400	0
102600	0
102800	0
103000	0
103200	0
103400	0
103600	0
103800	0
104000	0
104200	0
104400	0
104600	0
104800	0
105000	0
105200	0
105400	0
105600	0
105800	0
106000	0
106200	0
106400	0
106600	0
106800	0
107000	0
107200	0
107400	0
107600	0
107800	0
108000	0
108200	0
108400	0
108600	0
108800	0
109000	0
109200	0
109400	0
109600	0
109800	0
110000	0
110200	0
110400	0
110600	0
110800	0
111000	0
111200	0
111400	0
111600	0
111800	0
112000	0
112200	0
112400	0
112600	0
112800	0
113000	0
113200	0
113400	0
113600	0
113800	0
114000	0
114200	0
114400	0
114600	0
114800	0
115000	0
115200	0
115400	0
115600	0
115800	0
116000	0
116200	0
116400	0
116600	0
116800	0
117000	0
117200	0
117400	0
117600	0
117800	0
118000	0
118200	0
118400	0
118600	0
118800	0
119000	0
119200	0
119400	0
119600	0
119800	0
120000	0
120200	0
120400	0
120600	0
120800	0
121000	0
121200	0
121400	0
121600	0
121800	0
122000	0
122200	0
122400	0
122600	0
122800	0
123000	0
123200	0
123400	0
123600	0
123800	0
124000	0
124200	0
124400	0
124600	0
124800	0
125000	0
125200	0
125400	0
125600	0
125800	0
126000	0
126200	0
126400	0
126600	0
126800	0
127000	0
127200	0
127400	0
127600	0
127800	0
128000	0
128200	0
128400	0
128600	0
128800	0
129000	0
129200	0
129400	0
129600	0
129800	0
130000	0
130200	0
130400	0
130600	0
130800	0
131000	0
131200	0
131400	0
131600	0
131800	0
132000	0
132200	0
132400	0
132600	0
132800	0
133000	0
133200	0
133400	0
133600	0
133800	0
134000	0
134200	0
134400	0
134600	0
134800	0
135000	0
135200	0
135400	0
135600	0
135800	0
136000	0
136200	0
136400	0
136600	0
136800	0
137000	0
137200	0
137400	0
137600	0
137800	0
138000	0
138200	0
138400	0
138600	0
138800	0
139000	0
139200	0
139400	0
139600	0
139800	0
140000	0
140200	0
140400	0
140600	0
140800	0
141000	0
141200	0
141400	0
141600	0
141800	0
142000	0
142200	0
142400	0
142600	0
142800	0
143000	0
143200	0
143400	0
143600	0
143800	0
144000	0
144200	0
144400	0
144600	0
144800	0
145000	0
145200	0
145400	0
145600	0
145800	0
146000	0
146200	0
146400	0
146600	0
146800	0
147000	0
147200	0
147400	0
147600	0
147800	0
148000	0
148200	0
148400	0
148600	0
148800	0
149000	0
149200	0
149400	0
149600	0
149800	0
150000	0
150200	0
150400	0
150600	0
150800	0
151000	0
151200	0
151400	0
151600	0
151800	0
152000	0
152200	0
152400	0
152600	0
152800	0
153000	0
153200	0
153400	0
153600	0
153800	0
154000	0
154200	0
154400	0
154600	0
154800	0
155000	0
155200	0
155400	0
155600	0
155800	0
156000	0
156200	0
156400	0
156600	0
156800	0
157000	0
157200	0
157400	0
157600	0
157800	0
158000	0
158200	0
158400	0
158600	0
158800	0
159000	0
159200	0
159400	0
159600	0
159800	0
160000	0
160200	0
160400	0
160600	0
160800	0
161000	0
161200	0
161400	0
161600	0
161800	0
162000	0
162200	0
162400	0
162600	0
162800	0
163000	0
163200	0
163400	0
163600	0
163800	0
164000	0
164200	0
164400	0
164600	0
164800	0
165000	0
165200	0
165400	0
165600	0
165800	0
166000	0
166200	0
166400	0
166600	0
166800	0
167000	0
167200	0
167400	0
167600	0
167800	0
168000	0
168200	0
168400	0
168600	0
168800	0
169000	0
169200	0
169400	0
169600	0
169800	0
170000	0
170200	0
170400	0
170600	0
170800	0
171000	0
171200	0
171400	0
171600	0
171800	0
172000	0
172200	0
172400	0
172600	0
172800	0
173000	0
173200	0
173400	0
173600	0
173800	0
174000	0
174200	0
174400	0
174600	0
174800	0
175000	0
175200	0
175400	0
175600	0
175800	0
176000	0
176200	0
176400	0
176600	0
176800	0
177000	0
177200	0
177400	0
177600	0
177800	0
178000	0
178200	0
178400	0
178600	0
178800	0
179000	0
179200	0
179400	0
179600	0
179800	0
180000	0
180200	0
180400	0
180600	0
180800	1
181000	0
181200	0
181400	0
181600	0
181800	0
182000	0
182200	0
182400	0
182600	0
182800	0
183000	0
183200	0
183400	0
183600	0
183800	0
184000	0
184200	0
184400	0
184600	0
184800	0
185000	0
185200	0
185400	0
185600	0
185800	0
186000	0
186200	0
186400	0
186600	0
186800	0
187000	0
187200	0
187400	0
187600	0
187800	0
188000	0
188200	0
188400	0
188600	0
188800	0
189000	0
189200	0
189400	0
189600	0
189800	0
190000	0
190200	0
190400	0
190600	0
190800	0
191000	0
191200	0
191400	0
191600	0
191800	0
192000	0
192200	0
192400	0
192600	0
192800	0
193000	0
193200	0
193400	0
193600	0
193800	0
194000	0
194200	0
194400	0
194600	0
194800	0
195000	0
195200	0
195400	0
195600	0
195800	0
196000	0
196200	0
196400	0
196600	0
196800	0
197000	0
197200	0
197400	0
197600	0
197800	0
198000	0
198200	0
198400	0
198600	0
198800	0
199000	0
199200	0
199400	0
199600	0
199800	0
200000	0
200200	0
200400	0
200600	0
200800	0
201000	0
201200	0
201400	0
201600	0
201800	0
202000	0
202200	0
202400	0
202600	0
202800	0
203000	0
203200	0
203400	0
203600	0
203800	0
204000	0
204200	0
204400	0
204600	0
204800	0
205000	0
205200	0
205400	0
205600	0
205800	0
206000	0
206200	0
206400	0
206600	0
206800	0
207000	0
207200	0
207400	0
207600	0
207800	0
208000	0
208200	0
208400	0
208600	0
208800	0
209000	0
209200	0
209400	0
209600	0
209800	0
210000	0
210200	0
210400	0
210600	0
210800	0
211000	0
211200	0
211400	0
211600	0
211800	0
212000	0
212200	0
212400	0
212600	0
212800	0
213000	0
213200	0
213400	0
213600	0
213800	0
214000	0
214200	0
214400	0
214600	0
214800	0
215000	0
215200	0
215400	0
215600	0
215800	0
216000	0
216200	0
216400	0
216600	0
216800	0
217000	0
217200	0
217400	0
217600	0
217800	0
218000	0
218200	0
218400	0
218600	0
218800	0
219000	0
219200	0
219400	0
219600	0
219800	0
220000	0
220200	0
220400	0
220600	0
220800	0
221000	0
221200	0
221400	0
221600	0
221800	0
222000	0
222200	0
222400	0
222600	0
222800	0
223000	0
223200	0
223400	0
223600	0
223800	0
224000	0
224200	0
224400	0
224600	0
224800	0
225000	0
225200	0
225400	0
225600	0
225800	0
226000	0
226200	0
226400	0
226600	0
226800	0
227000	0
227200	1
227400	0
227600	0
227800	0
228000	0
228200	0
228400	0
228600	0
228800	0
229000	0
229200	0
229400	0
229600	0
229800	0
230000	0
230200	0
230400	0
230600	0
230800	0
231000	0
231200	0
231400	0
231600	0
231800	0
232000	0
232200	0
232400	0
232600	0
232800	0
233000	0
233200	0
233400	0
233600	0
233800	0
234000	0
234200	0
234400	0
234600	0
234800	0
235000	0
235200	0
235400	0
235600	0
235800	0
236000	0
236200	0
236400	0
236600	0
236800	0
237000	0
237200	0
237400	0
237600	0
237800	0
238000	0
238200	0
238400	0
238600	0
238800	0
239000	0
239200	0
239400	0
239600	0
239800	0
240000	0
240200	0
240400	0
240600	0
240800	0
241000	0
241200	0
241400	0
241600	0
241800	0
242000	0
242200	0
242400	0
242600	0
242800	0
243000	0
243200	0
243400	0
243600	0
243800	0
244000	0
244200	0
244400	0
244600	0
244800	0
245000	0
245200	0
245400	0
245600	0
245800	0
246000	0
246200	0
246400	0
246600	0
246800	0
247000	0
247200	0
247400	0
247600	0
247800	0
248000	0
248200	0
248400	0
248600	0
248800	0
249000	0
249200	0
249400	0
249600	0
249800	0
250000	0
250200	0
250400	0
250600	0
250800	0
251000	0
251200	0
251400	0
251600	0
251800	0
252000	0
252200	0
252400	0
252600	0
252800	0
253000	0
253200	0
253400	0
253600	0
253800	0
254000	0
254200	0
254400	0
254600	0
254800	0
255000	0
255200	0
255400	0
255600	0
255800	0
256000	0
256200	0
256400	0
256600	0
256800	0
257000	0
257200	0
257400	0
257600	0
257800	0
258000	0
258200	0
258400	0
258600	0
258800	0
259000	0
259200	0
259400	0
259600	0
259800	0
260000	0
260200	0
260400	0
260600	0
260800	0
261000	0
261200	0
261400	0
261600	0
261800	0
262000	0
262200	0
262400	0
262600	0
262800	0
263000	0
263200	0
263400	0
263600	0
263800	0
264000	0
264200	0
264400	0
264600	0
264800	0
265000	0
265200	0
265400	0
265600	0
265800	0
266000	0
266200	0
266400	0
266600	0
266800	0
267000	0
267200	0
267400	0
267600	0
267800	0
268000	0
268200	0
268400	0
268600	0
268800	0
269000	0
269200	0
269400	0
269600	0
269800	0
270000	0
270200	0
270400	0
270600	0
270800	0
271000	0
271200	0
271400	0
271600	0
271800	0
272000	0
272200	0
272400	0
272600	0
272800	0
273000	0
273200	0
273400	0
273600	0
273800	0
274000	0
274200	0
274400	0
274600	0
274800	0
275000	0
275200	0
275400	0
275600	0
275800	0
276000	0
276200	0
276400	0
276600	0
276800	0
277000	0
277200	0
277400	0
277600	0
277800	0
278000	0
278200	0
278400	0
278600	0
278800	0
279000	0
279200	0
279400	0
279600	0
279800	0
280000	0
280200	0
280400	0
280600	0
280800	0
281000	0
281200	0
281400	0
281600	0
281800	0
282000	0
282200	0
282400	0
282600	0
282800	0
283000	0
283200	0
283400	0
283600	0
283800	0
284000	0
284200	0
284400	0
284600	0
284800	0
285000	0
285200	0
285400	0
285600	0
285800	0
286000	0
286200	0
286400	0
286600	0
286800	0
287000	0
287200	0
287400	0
287600	0
287800	0
288000	0
288200	0
288400	0
288600	0
288800	0
289000	0
289200	0
289400	0
289600	0
289800	0
290000	0
290200	0
290400	0
290600	0
290800	0
291000	0
291200	0
291400	0
291600	0
291800	0
292000	0
292200	0
292400	0
292600	0
292800	0
293000	0
293200	0
293400	0
293600	0
293800	0
294000	0
294200	0
294400	0
294600	0
294800	0
295000	0
295200	0
295400	0
295600	0
295800	0
296000	0
296200	0
296400	0
296600	0
296800	0
297000	0
297200	0
297400	0
297600	0
297800	0
298000	0
298200	0
298400	0
298600	0
298800	0
299000	0
299200	0
299400	0
299600	0
299800	0
300000	0
300200	0
300400	0
300600	0
300800	0
301000	0
301200	0
301400	0
301600	0
301800	0
302000	0
302200	0
302400	0
302600	0
302800	0
303000	0
303200	0
303400	0
303600	0
303800	0
304000	0
304200	0
304400	0
304600	0
304800	0
305000	0
305200	0
305400	0
305600	0
305800	0
306000	0
306200	0
306400	0
306600	0
306800	0
307000	0
307200	0
307400	0
307600	0
307800	0
308000	0
308200	0
308400	0
308600	0
308800	0
309000	0
309200	0
309400	0
309600	0
309800	0
310000	0
310200	0
310400	0
310600	0
310800	0
311000	0
311200	0
311400	0
311600	0
311800	0
312000	0
312200	0
312400	0
312600	0
312800	0
313000	0
313200	0
313400	0
313600	0
313800	0
314000	0
314200	0
314400	0
314600	0
314800	0
315000	0
315200	0
315400	0
315600	0
315800	0
316000	0
316200	0
316400	0
316600	0
316800	0
317000	0
317200	0
317400	0
317600	0
317800	0
318000	0
318200	0
318400	0
318600	0
318800	0
319000	0
319200	0
319400	0
319600	0
319800	0
320000	0
320200	0
320400	0
320600	0
320800	0
321000	0
321200	0
321400	0
321600	0
321800	0
322000	0
322200	0
322400	0
322600	0
322800	0
323000	0
323200	0
323400	0
323600	0
323800	0
324000	0
324200	0
324400	0
324600	0
324800	0
325000	0
325200	0
325400	0
325600	0
325800	0
326000	0
326200	0
326400	0
326600	0
326800	0
327000	0
327200	0
327400	0
327600	0
327800	0
328000	0
328200	0
328400	0
328600	0
328800	0
329000	0
329200	0
329400	0
329600	0
329800	0
330000	0
330200	0
330400	0
330600	0
330800	0
331000	0
331200	0
331400	0
331600	0
331800	0
332000	0
332200	0
332400	0
332600	0
332800	0
333000	0
333200	0
333400	0
333600	0
333800	0
334000	0
334200	0
334400	0
334600	0
334800	0
335000	0
335200	0
335400	0
335600	0
335800	0
336000	0
336200	0
336400	0
336600	0
336800	0
337000	0
337200	0
337400	0
337600	0
337800	0
338000	0
338200	0
338400	0
338600	0
338800	0
339000	0
339200	0
339400	0
339600	0
339800	0
340000	1
340200	0
340400	1
340600	1
340800	1
341000	0
341200	1
341400	1
341600	1
341800	1
342000	1
342200	1
342400	1
342600	1
342800	1
343000	1
343200	1
343400	1
343600	1
343800	1
344000	1
344200	1
344400	1
344600	1
344800	1
345000	1
345200	1
345400	1
345600	1
345800	1
346000	1
346200	1
346400	1
346600	1
346800	1
347000	1
347200	1
347400	1
347600	1
347800	1
348000	1
348200	1
348400	1
348600	1
348800	1
349000	1
349200	1
349400	1
349600	1
349800	1
350000	1
350200	1
350400	1
350600	1
350800	1
351000	1
351200	1
351400	1
351600	1
351800	1
352000	1
352200	1
352400	1
352600	1
352800	1
353000	1
353200	1
353400	1
353600	1
353800	1
354000	1
354200	1
354400	1
354600	1
354800	1
355000	1
355200	1
355400	1
355600	1
355800	1
356000	1
356200	1
356400	1
356600	1
356800	1
357000	1
357200	1
357400	1
357600	1
357800	1
358000	1
358200	1
358400	1
358600	1
358800	1
359000	1
359200	1
359400	1
359600	1
359800	1
360000	1
360200	1
360400	1
360600	1
360800	1
361000	1
361200	1
361400	1
361600	1
361800	1
362000	1
362200	1
362400	1
362600	1
362800	1
363000	1
363200	1
363400	1
363600	1
363800	1
364000	1
364200	1
364400	1
364600	1
364800	1
365000	1
365200	1
365400	1
365600	1
365800	1
366000	1
366200	1
366400	1
366600	1
366800	1
367000	1
367200	1
367400	1
367600	1
367800	1
368000	1
368200	1
368400	1
368600	1
368800	1
369000	1
369200	1
369400	1
369600	1
369800	1
370000	1
370200	1
370400	1
370600	1
370800	1
371000	1
371200	1
371400	1
371600	1
371800	1
372000	1
372200	1
372400	1
372600	1
372800	1
373000	1
373200	1
373400	1
373600	1
373800	1
374000	1
374200	1
374400	1
374600	1
374800	1
375000	1
375200	1
375400	1
375600	1
375800	1
376000	1
376200	1
376400	1
376600	1
376800	1
377000	1
377200	1
377400	1
377600	1
377800	1
378000	1
378200	1
378400	1
378600	1
378800	1
379000	1
379200	1
379400	1
379600	1
379800	1
380000	1
380200	1
380400	1
380600	1
380800	1
381000	1
381200	1
381400	1
381600	1
381800	1
382000	1
382200	1
382400	1
382600	1
382800	1
383000	1
383200	1
383400	1
383600	1
383800	1
384000	1
384200	1
384400	1
384600	1
384800	1
385000	1
385200	1
385400	1
385600	1
385800	1
386000	1
386200	1
386400	1
386600	1
386800	1
387000	1
387200	1
387400	1
387600	1
387800	1
388000	1
388200	1
388400	1
388600	1
388800	1
389000	1
389200	1
389400	1
389600	1
389800	1
390000	1
390200	1
390400	1
390600	1
390800	1
391000	1
391200	1
391400	1
391600	1
391800	1
392000	1
392200	1
392400	1
392600	1
392800	1
393000	1
393200	1
393400	1
393600	1
393800	1
394000	1
394200	1
394400	1
394600	1
394800	1
395000	1
395200	1
395400	1
395600	1
395800	1
396000	1
396200	1
396400	1
396600	1
396800	1
397000	1
397200	1
397400	1
397600	1
397800	1
398000	1
398200	1
398400	1
398600	1
398800	1
399000	1
399200	1
399400	1
399600	1
399800	1
400000	1
400200	1
400400	1
400600	1
400800	1
401000	1
401200	1
401400	1
401600	1
401800	1
402000	1
402200	1
402400	1
402600	1
402800	1
403000	1
403200	1
403400	1
403600	1
403800	1
404000	1
404200	1
404400	1
404600	1
404800	1
405000	1
405200	1
405400	1
405600	1
405800	1
406000	1
406200	1
406400	1
406600	1
406800	1
407000	1
407200	1
407400	1
407600	1
407800	1
408000	1
408200	1
408400	1
408600	1
408800	1
409000	1
409200	1
409400	1
409600	1
409800	1
410000	1
410200	1
410400	1
410600	1
410800	1
411000	1
411200	1
411400	1
411600	1
411800	1
412000	1
412200	1
412400	1
412600	1
412800	1
413000	1
413200	1
413400	1
413600	1
413800	1
414000	1
414200	1
414400	1
414600	1
414800	1
415000	1
415200	1
415400	1
415600	1
415800	1
416000	1
416200	1
416400	1
416600	1
416800	1
417000	1
417200	1
417400	1
417600	1
417800	1
418000	1
418200	1
418400	1
418600	1
418800	1
419000	1
419200	1
419400	1
419600	1
419800	1
420000	1
420200	1
420400	1
420600	1
420800	1
421000	1
421200	1
421400	1
421600	1
421800	1
422000	1
422200	1
422400	1
422600	1
422800	1
423000	1
423200	1
423400	1
423600	1
423800	1
424000	1
424200	1
424400	1
424600	1
424800	1
425000	1
425200	1
425400	1
425600	1
425800	1
426000	1
426200	1
426400	1
426600	1
426800	1
427000	1
427200	1
427400	1
427600	1
427800	1
428000	1
428200	1
428400	1
428600	1
428800	1
429000	1
429200	1
429400	1
429600	1
429800	1
430000	1
430200	1
430400	1
430600	1
430800	1
431000	1
431200	1
431400	1
431600	1
431800	1
432000	1
432200	1
432400	1
432600	1
432800	1
433000	1
433200	1
433400	1
433600	1
433800	1
434000	1
434200	1
434400	1
434600	1
434800	1
435000	1
435200	1
435400	1
435600	1
435800	1
436000	1
436200	1
436400	1
436600	1
436800	1
437000	1
437200	1
437400	1
437600	1
437800	1
438000	1
438200	1
438400	1
438600	1
438800	1
439000	1
439200	1
439400	1
439600	1
439800	1
440000	1
440200	1
440400	1
440600	1
440800	1
441000	1
441200	1
441400	1
441600	1
441800	1
442000	1
442200	1
442400	1
442600	1
442800	1
443000	1
443200	1
443400	1
443600	1
443800	1
444000	1
444200	1
444400	1
444600	1
444800	1
445000	1
445200	1
445400	1
445600	1
445800	1
446000	1
446200	1
446400	1
446600	1
446800	1
447000	1
447200	1
447400	1
447600	1
447800	1
448000	1
448200	1
448400	1
448600	1
448800	1
449000	1
449200	1
449400	1
449600	1
449800	1
450000	1
450200	1
450400	1
450600	1
450800	1
451000	1
451200	1
451400	1
451600	1
451800	1
452000	1
452200	1
452400	1
452600	1
452800	1
453000	1
453200	1
453400	1
453600	1
453800	1
454000	1
454200	1
454400	1
454600	1
454800	1
455000	1
455200	1
455400	1
455600	1
455800	1
456000	1
456200	1
456400	1
456600	1
456800	1
457000	1
457200	1
457400	1
457600	1
457800	1
458000	1
458200	1
458400	1
458600	1
458800	1
459000	1
459200	1
459400	1
459600	1
459800	1
460000	1
460200	1
460400	1
460600	1
460800	1
461000	1
461200	1
461400	1
461600	1
461800	1
462000	1
462200	1
462400	1
462600	1
462800	1
463000	1
463200	1
463400	1
463600	1
463800	1
464000	1
464200	1
464400	1
464600	1
464800	1
465000	1
465200	1
465400	1
465600	1
465800	1
466000	1
466200	1
466400	1
466600	1
466800	1
467000	1
467200	1
467400	1
467600	1
467800	1
468000	1
468200	1
468400	1
468600	1
468800	1
469000	1
469200	1
469400	1
469600	1
469800	1
470000	1
470200	1
470400	1
470600	1
470800	1
471000	1
471200	1
471400	1
471600	1
471800	1
472000	1
472200	1
472400	1
472600	1
472800	1
473000	1
473200	1
473400	1
473600	1
473800	1
474000	1
474200	1
474400	1
474600	1
474800	1
475000	1
475200	1
475400	1
475600	1
475800	1
476000	1
476200	1
476400	1
476600	1
476800	1
477000	1
477200	1
477400	1
477600	1
477800	1
478000	1
478200	1
478400	1
478600	1
478800	1
479000	1
479200	1
479400	1
479600	1
479800	1
480000	1
480200	1
480400	1
480600	1
480800	1
481000	1
481200	1
481400	1
481600	1
481800	1
482000	1
482200	1
482400	1
482600	1
482800	1
483000	1
483200	1
483400	1
483600	1
483800	1
484000	1
484200	1
484400	1
484600	1
484800	1
485000	1
485200	1
485400	1
485600	1
485800	1
486000	1
486200	1
486400	1
486600	1
486800	1
487000	1
487200	1
487400	1
487600	1
487800	1
488000	1
488200	1
488400	1
488600	1
488800	1
489000	1
489200	1
489400	1
489600	1
489800	1
490000	1
490200	1
490400	1
490600	1
490800	1
491000	1
491200	1
491400	1
491600	1
491800	1
492000	1
492200	1
492400	1
492600	1
492800	1
493000	1
493200	1
493400	1
493600	1
493800	1
494000	1
494200	1
494400	1
494600	1
494800	1
495000	1
495200	1
495400	1
495600	1
495800	1
496000	1
496200	1
496400	1
496600	1
496800	1
497000	1
497200	1
497400	1
497600	1
497800	1
498000	1
498200	1
498400	1
498600	1
498800	1
499000	1
499200	1
499400	1
499600	1
499800	1
500000	1
500200	1
500400	1
500600	1
500800	1
501000	1
501200	1
501400	1
501600	1
501800	1
502000	1
502200	1
502400	1
502600	1
502800	1
503000	1
503200	1
503400	1
503600	1
503800	1
504000	1
504200	1
504400	1
504600	1
504800	1
505000	1
505200	1
505400	1
505600	1
505800	1
506000	1
506200	1
506400	1
506600	1
506800	1
507000	1
507200	1
507400	1
507600	1
507800	1
508000	1
508200	1
508400	1
508600	1
508800	1
509000	1
509200	1
509400	1
509600	1
509800	1
510000	1
510200	1
510400	1
510600	1
510800	1
511000	1
511200	1
511400	1
511600	1
511800	1
512000	1
512200	1
512400	1
512600	1
512800	1
513000	1
513200	1
513400	1
513600	1
513800	1
514000	1
514200	1
514400	1
514600	1
514800	1
515000	1
515200	1
515400	1
515600	1
515800	1
516000	1
516200	1
516400	1
516600	1
516800	1
517000	1
517200	1
517400	1
517600	1
517800	1
518000	1
518200	1
518400	1
518600	1
518800	1
519000	1
519200	1
519400	1
519600	1
519800	1
520000	1
520200	1
520400	1
520600	1
520800	1
521000	1
521200	1
521400	1
521600	1
521800	1
522000	1
522200	1
522400	1
522600	1
522800	1
523000	1
523200	1
523400	1
523600	1
523800	1
524000	1
524200	1
524400	1
524600	1
524800	1
525000	1
525200	1
525400	1
525600	1
525800	1
526000	1
526200	1
526400	1
526600	1
526800	1
527000	1
527200	1
527400	1
527600	1
527800	1
528000	1
528200	1
528400	1
528600	1
528800	1
529000	1
529200	1
529400	1
529600	1
529800	1
530000	1
530200	1
530400	1
530600	1
530800	1
531000	1
531200	1
531400	1
531600	1
531800	1
532000	1
532200	1
532400	1
532600	1
532800	1
533000	1
533200	1
533400	1
533600	1
533800	1
534000	1
534200	1
534400	1
534600	1
534800	1
535000	1
535200	1
535400	1
535600	1
535800	1
536000	1
536200	1
536400	1
536600	1
536800	1
537000	1
537200	1
537400	1
537600	1
537800	1
538000	1
538200	1
538400	1
538600	1
538800	1
539000	1
539200	1
539400	1
539600	1
539800	1
540000	1
540200	1
540400	1
540600	1
540800	1
541000	1
541200	1
541400	1
541600	1
541800	1
542000	1
542200	1
542400	1
542600	1
542800	1
543000	1
543200	1
543400	1
543600	1
543800	1
544000	1
544200	1
544400	1
544600	1
544800	1
545000	1
545200	1
545400	1
545600	1
545800	1
546000	1
546200	1
546400	1
546600	1
546800	1
547000	1
547200	1
547400	1
547600	1
547800	1
548000	1
548200	1
548400	1
548600	1
548800	1
549000	1
549200	1
549400	1
549600	1
549800	1
550000	1
550200	1
550400	1
550600	1
550800	1
551000	1
551200	1
551400	1
551600	1
551800	1
552000	1
552200	1
552400	1
552600	1
552800	1
553000	1
553200	1
553400	1
553600	1
553800	1
554000	1
554200	1
554400	1
554600	1
554800	1
555000	1
555200	1
555400	1
555600	1
555800	1
556000	1
556200	1
556400	1
556600	1
556800	1
557000	1
557200	1
557400	1
557600	1
557800	1
558000	1
558200	1
558400	1
558600	1
558800	1
559000	1
559200	1
559400	1
559600	1
559800	1
560000	1
560200	1
560400	1
560600	1
560800	1
561000	1
561200	1
561400	1
561600	1
561800	1
562000	1
562200	1
562400	1
562600	1
562800	1
563000	1
563200	1
563400	1
563600	1
563800	1
564000	1
564200	1
564400	1
564600	1
564800	1
565000	1
565200	1
565400	1
565600	1
565800	1
566000	1
566200	1
566400	1
566600	1
566800	1
567000	1
567200	1
567400	1
567600	1
567800	1
568000	1
568200	1
568400	1
568600	1
568800	1
569000	1
569200	1
569400	1
569600	1
569800	1
570000	1
570200	1
570400	1
570600	1
570800	1
571000	1
571200	1
571400	1
571600	1
571800	1
572000	1
572200	1
572400	1
572600	1
572800	1
573000	1
573200	1
573400	1
573600	1
573800	1
574000	1
574200	1
574400	1
574600	1
574800	1
575000	1
575200	1
575400	1
575600	1
575800	1
576000	1
576200	1
576400	1
576600	1
576800	1
577000	1
577200	1
577400	1
577600	1
577800	1
578000	1
578200	1
578400	1
578600	1
578800	1
579000	1
579200	1
579400	1
579600	1
579800	1
580000	1
580200	1
580400	1
580600	1
580800	1
581000	1
581200	1
581400	1
581600	1
581800	1
582000	1
582200	1
582400	1
582600	1
582800	1
583000	1
583200	1
583400	1
583600	1
583800	1
584000	1
584200	1
584400	1
584600	1
584800	1
585000	1
585200	1
585400	1
585600	1
585800	1
586000	1
586200	1
586400	1
586600	1
586800	1
587000	1
587200	1
587400	1
587600	1
587800	1
588000	1
588200	1
588400	1
588600	1
588800	1
589000	1
589200	1
589400	1
589600	1
589800	1
590000	1
590200	1
590400	1
590600	1
590800	1
591000	1
591200	1
591400	1
591600	1
591800	1
592000	1
592200	1
592400	1
592600	1
592800	1
593000	1
593200	1
593400	1
593600	1
593800	1
594000	1
594200	1
594400	1
594600	1
594800	1
595000	1
595200	1
595400	1
595600	1
595800	1
596000	1
596200	1
596400	1
596600	1
596800	1
597000	1
597200	1
597400	1
597600	1
597800	1
598000	1
598200	1
598400	1
598600	1
598800	1
599000	1
599200	1
599400	1
599600	1
599800	1
600000	1
600200	1
600400	1
600600	1
600800	1
601000	1
601200	1
601400	1
601600	1
601800	1
602000	1
602200	1
602400	1
602600	1
602800	1
603000	1
603200	1
603400	1
603600	1
603800	1
604000	1
604200	1
604400	1
604600	1
604800	1
605000	1
605200	1
605400	1
605600	1
605800	1
606000	1
606200	1
606400	1
606600	1
606800	1
607000	1
607200	1
607400	1
607600	1
607800	1
608000	1
608200	1
608400	1
608600	1
608800	1
609000	1
609200	1
609400	1
609600	1
609800	1
610000	1
610200	1
610400	1
610600	1
610800	1
611000	1
611200	1
611400	1
611600	1
611800	1
612000	1
612200	1
612400	1
612600	1
612800	1
613000	1
613200	1
613400	1
613600	1
613800	1
614000	1
614200	1
614400	1
614600	1
614800	1
615000	1
615200	1
615400	1
615600	1
615800	1
616000	1
616200	1
616400	1
616600	1
616800	1
617000	1
617200	1
617400	1
617600	1
617800	1
618000	1
618200	1
618400	1
618600	1
618800	1
619000	1
619200	1
619400	1
619600	1
619800	1
620000	1
620200	1
620400	1
620600	1
620800	1
621000	1
621200	1
621400	1
621600	1
621800	1
622000	1
622200	1
622400	1
622600	1
622800	1
623000	1
623200	1
623400	1
623600	1
623800	1
624000	1
624200	1
624400	1
624600	1
624800	1
625000	1
625200	1
625400	1
625600	1
625800	1
626000	1
626200	1
626400	1
626600	1
626800	1
627000	1
627200	1
627400	1
627600	1
627800	1
628000	1
628200	1
628400	1
628600	1
628800	1
629000	1
629200	1
629400	1
629600	1
629800	1
630000	1
630200	1
630400	1
630600	1
630800	1
631000	1
631200	1
631400	1
631600	1
631800	1
632000	1
632200	1
632400	1
632600	1
632800	1
633000	1
633200	1
633400	1
633600	1
633800	1
634000	1
634200	1
634400	1
634600	1
634800	1
635000	1
635200	1
635400	1
635600	1
635800	1
636000	1
636200	1
636400	1
636600	1
636800	1
637000	1
637200	1
637400	1
637600	1
637800	1
638000	1
638200	1
638400	1
638600	1
638800	1
639000	1
639200	1
639400	1
639600	1
639800	1
640000	1
640200	1
640400	1
640600	0
640800	1
641000	1
641200	1
641400	1
641600	1
641800	1
642000	1
642200	1
642400	1
642600	1
642800	1
643000	1
643200	1
643400	1
643600	1
643800	1
644000	1
644200	1
644400	1
644600	1
644800	1
645000	1
645200	1
645400	1
645600	1
645800	1
646000	1
646200	1
646400	1
646600	1
646800	1
647000	1
647200	1
647400	1
647600	1
647800	1
648000	1
648200	1
648400	1
648600	1
648800	1
649000	1
649200	1
649400	1
649600	1
649800	1
650000	1
650200	1
650400	1
650600	1
650800	1
651000	1
651200	1
651400	1
651600	1
651800	1
652000	1
652200	1
652400	1
652600	1
652800	1
653000	1
653200	1
653400	1
653600	1
653800	1
654000	1
654200	1
654400	1
654600	1
654800	1
655000	1
655200	1
655400	1
655600	1
655800	1
656000	1
656200	1
656400	1
656600	1
656800	1
657000	1
657200	1
657400	1
657600	1
657800	1
658000	1
658200	1
658400	1
658600	1
658800	1
659000	1
659200	1
659400	1
659600	1
659800	1
660000	1
660200	1
660400	1
660600	1
660800	1
661000	1
661200	1
661400	1
661600	1
661800	1
662000	1
662200	1
662400	1
662600	1
662800	1
663000	1
663200	1
663400	1
663600	1
663800	1
664000	1
664200	1
664400	1
664600	1
664800	1
665000	1
665200	1
665400	1
665600	1
665800	1
666000	1
666200	1
666400	1
666600	1
666800	1
667000	1
667200	1
667400	1
667600	1
667800	1
668000	1
668200	1
668400	1
668600	1
668800	1
669000	1
669200	1
669400	1
669600	1
669800	1
670000	1
670200	1
670400	1
670600	1
670800	1
671000	1
671200	1
671400	1
671600	1
671800	1
672000	1
672200	1
672400	0
672600	1
672800	1
673000	1
673200	1
673400	1
673600	1
673800	1
674000	1
674200	1
674400	1
674600	1
674800	1
675000	1
675200	1
675400	1
675600	1
675800	1
676000	1
676200	1
676400	1
676600	1
676800	1
677000	1
677200	1
677400	1
677600	1
677800	1
678000	1
678200	1
678400	1
678600	1
678800	1
679000	1
679200	1
679400	1
679600	1
679800	1
680000	1
680200	1
680400	1
680600	1
680800	1
681000	1
681200	1
681400	1
681600	1
681800	1
682000	1
682200	1
682400	1
682600	1
682800	1
683000	1
683200	1
683400	1
683600	1
683800	1
684000	1
684200	1
684400	1
684600	1
684800	1
685000	1
685200	1
685400	1
685600	1
685800	1
686000	1
686200	1
686400	1
686600	1
686800	1
687000	1
687200	1
687400	1
687600	1
687800	1
688000	1
688200	1
688400	1
688600	1
688800	1
689000	1
689200	1
689400	1
689600	1
689800	1
690000	1
690200	1
690400	1
690600	1
690800	1
691000	1
691200	1
691400	1
691600	1
691800	1
692000	1
692200	1
692400	1
692600	1
692800	1
693000	1
693200	1
693400	1
693600	1
693800	1
694000	1
694200	1
694400	1
694600	1
694800	1
695000	1
695200	1
695400	1
695600	1
695800	1
696000	1
696200	1
696400	1
696600	1
696800	1
697000	1
697200	1
697400	1
697600	1
697800	1
698000	1
698200	1
698400	1
698600	1
698800	1
699000	1
699200	1
699400	1
699600	1
699800	1
700000	1
700200	1
700400	1
700600	1
700800	1
701000	1
701200	1
701400	1
701600	1
701800	1
702000	1
702200	1
702400	1
702600	1
702800	1
703000	1
703200	1
703400	1
703600	1
703800	1
704000	1
704200	1
704400	1
704600	1
704800	1
705000	1
705200	1
705400	1
705600	1
705800	1
706000	1
706200	1
706400	1
706600	1
706800	1
707000	1
707200	1
707400	1
707600	1
707800	1
708000	1
708200	1
708400	1
708600	1
708800	1
709000	1
709200	1
709400	1
709600	1
709800	1
710000	1
710200	1
710400	1
710600	1
710800	1
711000	1
711200	1
711400	1
711600	1
711800	1
712000	1
712200	1
712400	1
712600	1
712800	1
713000	1
713200	1
713400	1
713600	1
713800	1
714000	1
714200	1
714400	1
714600	1
714800	1
715000	1
715200	1
715400	1
715600	1
715800	1
716000	1
716200	1
716400	1
716600	1
716800	1
717000	1
717200	1
717400	1
717600	1
717800	1
718000	1
718200	1
718400	1
718600	1
718800	1
719000	1
719200	1
719400	1
719600	1
719800	1
720000	1
720200	1
720400	1
720600	1
720800	1
721000	1
721200	1
721400	1
721600	1
721800	1
722000	1
722200	1
722400	1
722600	1
722800	1
723000	1
723200	1
723400	1
723600	1
723800	1
724000	1
724200	1
724400	1
724600	1
724800	1
725000	1
725200	1
725400	1
725600	1
725800	1
726000	1
726200	1
726400	1
726600	1
726800	1
727000	1
727200	1
727400	1
727600	1
727800	1
728000	1
728200	1
728400	1
728600	1
728800	1
729000	1
729200	1
729400	1
729600	1
729800	1
730000	1
730200	1
730400	1
730600	1
730800	1
731000	1
731200	1
731400	1
731600	1
731800	1
732000	1
732200	1
732400	1
732600	1
732800	1
733000	1
733200	1
733400	1
733600	1
733800	1
734000	1
734200	1
734400	1
734600	1
734800	1
735000	1
735200	1
735400	1
735600	1
735800	1
736000	1
736200	1
736400	1
736600	1
736800	1
737000	1
737200	1
737400	1
737600	1
737800	1
738000	1
738200	1
738400	1
738600	1
738800	1
739000	1
739200	1
739400	1
739600	1
739800	1
740000	1
740200	1
740400	1
740600	1
740800	1
741000	1
741200	1
741400	1
741600	1
741800	1
742000	1
742200	1
742400	1
742600	1
742800	1
743000	1
743200	1
743400	1
743600	1
743800	1
744000	1
744200	1
744400	1
744600	1
744800	1
745000	1
745200	1
745400	1
745600	1
745800	1
746000	1
746200	1
746400	1
746600	1
746800	1
747000	1
747200	1
747400	1
747600	1
747800	1
748000	1
748200	1
748400	1
748600	1
748800	1
749000	1
749200	1
749400	1
749600	1
749800	1
750000	1
750200	1
750400	1
750600	1
750800	1
751000	1
751200	1
751400	1
751600	1
751800	1
752000	1
752200	1
752400	1
752600	1
752800	1
753000	1
753200	1
753400	1
753600	1
753800	1
754000	1
754200	1
754400	1
754600	1
754800	1
755000	1
755200	1
755400	1
755600	1
755800	1
756000	1
756200	1
756400	1
756600	1
756800	1
757000	1
757200	1
757400	1
757600	1
757800	1
758000	1
758200	1
758400	1
758600	1
758800	1
759000	1
759200	1
759400	1
759600	1
759800	1
760000	1
760200	1
760400	1
760600	1
760800	1
761000	1
761200	1
761400	1
761600	1
761800	1
762000	1
762200	1
762400	1
762600	1
762800	1
763000	1
763200	1
763400	1
763600	1
763800	1
764000	1
764200	1
764400	1
764600	1
764800	1
765000	1
765200	1
765400	1
765600	1
765800	1
766000	1
766200	1
766400	1
766600	1
766800	1
767000	1
767200	1
767400	1
767600	1
767800	1
768000	1
768200	1
768400	1
768600	1
768800	1
769000	1
769200	0
769400	1
769600	1
769800	1
770000	1
770200	1
770400	1
770600	1
770800	1
771000	1
771200	1
771400	1
771600	1
771800	1
772000	1
772200	1
772400	1
772600	1
772800	1
773000	1
773200	1
773400	1
773600	1
773800	1
774000	1
774200	1
774400	1
774600	1
774800	1
775000	1
775200	1
775400	1
775600	1
775800	1
776000	1
776200	1
776400	1
776600	1
776800	1
777000	1
777200	1
777400	1
777600	1
777800	1
778000	1
778200	1
778400	1
778600	1
778800	1
779000	1
779200	1
779400	1
779600	1
779800	1
780000	1
780200	1
780400	1
780600	1
780800	1
781000	1
781200	1
781400	1
781600	1
781800	1
782000	1
782200	1
782400	1
782600	1
782800	1
783000	1
783200	1
783400	1
783600	1
783800	1
784000	1
784200	1
784400	1
784600	1
784800	1
785000	1
785200	1
785400	1
785600	1
785800	1
786000	1
786200	1
786400	1
786600	1
786800	1
787000	1
787200	1
787400	1
787600	1
787800	1
788000	1
788200	1
788400	1
788600	1
788800	1
789000	1
789200	1
789400	1
789600	1
789800	1
790000	1
790200	1
790400	1
790600	1
790800	1
791000	1
791200	1
791400	1
791600	1
791800	1
792000	1
792200	1
792400	1
792600	1
792800	1
793000	1
793200	1
793400	1
793600	1
793800	1
794000	1
794200	1
794400	1
794600	1
794800	1
795000	1
795200	1
795400	1
795600	1
795800	1
796000	1
796200	1
796400	1
796600	1
796800	1
797000	1
797200	1
797400	1
797600	1
797800	1
798000	1
798200	1
798400	1
798600	1
798800	1
799000	1
799200	1
799400	1
799600	1
799800	1
800000	1
800200	1
800400	1
800600	1
800800	1
801000	1
801200	1
801400	1
801600	1
801800	1
802000	1
802200	1
802400	1
802600	1
802800	1
803000	1
803200	1
803400	1
803600	1
803800	1
804000	1
804200	1
804400	1
804600	1
804800	1
805000	1
805200	1
805400	1
805600	1
805800	1
806000	1
806200	1
806400	1
806600	1
806800	1
807000	1
807200	1
807400	1
807600	1
807800	1
808000	1
808200	1
808400	1
808600	1
808800	1
809000	1
809200	1
809400	1
809600	1
809800	1
810000	1
810200	1
810400	1
810600	1
810800	1
811000	1
811200	1
811400	1
811600	1
811800	1
812000	1
812200	1
812400	1
812600	1
812800	1
813000	1
813200	1
813400	1
813600	1
813800	1
814000	1
814200	1
814400	1
814600	1
814800	1
815000	1
815200	1
815400	1
815600	1
815800	1
816000	1
816200	1
816400	1
816600	1
816800	1
817000	1
817200	1
817400	1
817600	1
817800	1
818000	1
818200	1
818400	1
818600	1
818800	1
819000	1
819200	1
819400	1
819600	1
819800	1
820000	1
820200	1
820400	1
820600	1
820800	1
821000	1
821200	1
821400	1
821600	1
821800	1
822000	1
822200	1
822400	1
822600	1
822800	1
823000	1
823200	1
823400	1
823600	1
823800	1
824000	1
824200	1
824400	1
824600	1
824800	1
825000	1
825200	1
825400	1
825600	1
825800	1
826000	1
826200	1
826400	1
826600	1
826800	1
827000	1
827200	1
827400	1
827600	1
827800	1
828000	1
828200	1
828400	1
828600	1
828800	1
829000	1
829200	1
829400	1
829600	1
829800	1
830000	1
830200	1
830400	1
830600	1
830800	1
831000	1
831200	1
831400	1
831600	1
831800	1
832000	1
832200	1
832400	1
832600	1
832800	1
833000	1
833200	1
833400	1
833600	1
833800	1
834000	1
834200	1
834400	1
834600	1
834800	1
835000	1
835200	1
835400	1
835600	1
835800	1
836000	1
836200	1
836400	1
836600	1
836800	1
837000	1
837200	1
837400	1
837600	1
837800	1
838000	1
838200	1
838400	1
838600	1
838800	1
839000	1
839200	1
839400	1
839600	1
839800	1
840000	1
840200	1
840400	1
840600	1
840800	1
841000	1
841200	1
841400	1
841600	1
841800	1
842000	1
842200	1
842400	1
842600	1
842800	1
843000	1
843200	1
843400	1
843600	1
843800	1
844000	1
844200	1
844400	1
844600	1
844800	1
845000	1
845200	1
845400	1
845600	1
845800	1
846000	1
846200	1
846400	1
846600	1
846800	1
847000	1
847200	1
847400	1
847600	1
847800	1
848000	1
848200	1
848400	1
848600	1
848800	1
849000	1
849200	1
849400	1
849600	1
849800	1
850000	1
850200	1
850400	1
850600	1
850800	1
851000	1
851200	1
851400	1
851600	1
851800	1
852000	1
852200	1
852400	1
852600	1
852800	1
853000	1
853200	1
853400	1
853600	1
853800	1
854000	1
854200	1
854400	1
854600	1
854800	1
855000	1
855200	1
855400	1
855600	1
855800	1
856000	1
856200	1
856400	1
856600	1
856800	1
857000	1
857200	1
857400	1
857600	1
857800	1
858000	1
858200	1
858400	1
858600	1
858800	1
859000	1
859200	1
859400	1
859600	1
859800	1
860000	1
860200	1
860400	1
860600	1
860800	1
861000	1
861200	1
861400	1
861600	1
861800	1
862000	1
862200	1
862400	1
862600	1
862800	1
863000	1
863200	1
863400	1
863600	1
863800	1
864000	1
864200	1
864400	1
864600	1
864800	1
865000	1
865200	1
865400	1
865600	1
865800	1
866000	1
866200	1
866400	1
866600	1
866800	1
867000	1
867200	1
867400	1
867600	1
867800	1
868000	1
868200	1
868400	1
868600	1
868800	1
869000	1
869200	1
869400	1
869600	1
869800	1
870000	1
870200	1
870400	1
870600	1
870800	1
871000	1
871200	1
871400	1
871600	1
871800	1
872000	1
872200	1
872400	1
872600	1
872800	1
873000	1
873200	1
873400	1
873600	1
873800	1
874000	1
874200	1
874400	1
874600	1
874800	1
875000	1
875200	1
875400	1
875600	1
875800	1
876000	1
876200	1
876400	1
876600	1
876800	1
877000	1
877200	1
877400	1
877600	1
877800	1
878000	1
878200	1
878400	1
878600	1
878800	1
879000	1
879200	1
879400	1
879600	1
879800	1
880000	1
880200	1
880400	1
880600	1
880800	1
881000	1
881200	1
881400	1
881600	1
881800	1
882000	1
882200	1
882400	1
882600	1
882800	1
883000	1
883200	1
883400	1
883600	1
883800	1
884000	1
884200	1
884400	1
884600	1
884800	1
885000	1
885200	1
885400	1
885600	1
885800	1
886000	1
886200	1
886400	1
886600	1
886800	1
887000	1
887200	1
887400	1
887600	1
887800	1
888000	1
888200	1
888400	1
888600	1
888800	1
889000	1
889200	1
889400	1
889600	1
889800	1
890000	1
890200	1
890400	1
890600	1
890800	1
891000	1
891200	0
891400	1
891600	1
891800	1
892000	1
892200	1
892400	1
892600	1
892800	1
893000	1
893200	1
893400	1
893600	1
893800	1
894000	1
894200	1
894400	1
894600	1
894800	1
895000	1
895200	1
895400	1
895600	1
895800	1
896000	1
896200	1
896400	1
896600	1
896800	1
897000	1
897200	1
897400	1
897600	1
897800	1
898000	1
898200	1
898400	1
898600	1
898800	1
899000	1
899200	1
899400	1
899600	1
899800	1
900000	1
900200	1
900400	1
900600	1
900800	1
901000	1
901200	1
901400	1
901600	1
901800	1
902000	1
902200	1
902400	1
902600	1
902800	1
903000	1
903200	1
903400	1
903600	1
903800	1
904000	1
904200	1
904400	1
904600	1
904800	1
905000	1
905200	1
905400	1
905600	1
905800	1
906000	1
906200	1
906400	1
906600	1
906800	1
907000	1
907200	1
907400	1
907600	1
907800	1
908000	1
908200	1
908400	1
908600	1
908800	1
909000	1
909200	1
909400	1
909600	1
909800	1
910000	1
910200	1
910400	1
910600	1
910800	1
911000	1
911200	1
911400	1
911600	1
911800	1
912000	1
912200	1
912400	1
912600	1
912800	1
913000	1
913200	1
913400	1
913600	1
913800	1
914000	1
914200	1
914400	1
914600	1
914800	1
915000	1
915200	1
915400	1
915600	1
915800	1
916000	1
916200	1
916400	1
916600	1
916800	1
917000	1
917200	1
917400	1
917600	1
917800	1
918000	1
918200	1
918400	1
918600	1
918800	1
919000	1
919200	1
919400	1
919600	1
919800	1
920000	1
920200	1
920400	1
920600	1
920800	1
921000	1
921200	1
921400	1
921600	1
921800	1
922000	1
922200	1
922400	1
922600	1
922800	1
923000	1
923200	1
923400	1
923600	1
923800	1
924000	1
924200	1
924400	1
924600	1
924800	1
925000	1
925200	1
925400	1
925600	1
925800	1
926000	1
926200	1
926400	1
926600	1
926800	1
927000	1
927200	1
927400	1
927600	1
927800	1
928000	1
928200	1
928400	1
928600	1
928800	1
929000	1
929200	1
929400	1
929600	1
929800	1
930000	1
930200	1
930400	1
930600	1
930800	1
931000	1
931200	1
931400	1
931600	1
931800	1
932000	1
932200	1
932400	1
932600	1
932800	1
933000	1
933200	1
933400	1
933600	1
933800	1
934000	1
934200	1
934400	1
934600	1
934800	1
935000	1
935200	1
935400	1
935600	1
935800	1
936000	1
936200	1
936400	1
936600	1
936800	1
937000	1
937200	1
937400	1
937600	1
937800	1
938000	1
938200	1
938400	1
938600	1
938800	1
939000	1
939200	1
939400	1
939600	1
939800	1
940000	1
940200	1
940400	1
940600	1
940800	1
941000	1
941200	1
941400	1
941600	1
941800	1
942000	1
942200	1
942400	1
942600	1
942800	1
943000	1
943200	1
943400	1
943600	1
943800	1
944000	1
944200	1
944400	1
944600	1
944800	1
945000	1
945200	1
945400	1
945600	1
945800	1
946000	1
946200	1
946400	1
946600	1
946800	1
947000	1
947200	1
947400	1
947600	1
947800	1
948000	1
948200	1
948400	1
948600	1
948800	1
949000	1
949200	1
949400	1
949600	1
949800	1
950000	1
950200	1
950400	1
950600	1
950800	1
951000	1
951200	1
951400	1
951600	1
951800	1
952000	1
952200	1
952400	1
952600	1
952800	1
953000	1
953200	1
953400	1
953600	1
953800	1
954000	1
954200	1
954400	1
954600	1
954800	1
955000	1
955200	1
955400	1
955600	1
955800	1
956000	1
956200	1
956400	1
956600	1
956800	1
957000	1
957200	1
957400	1
957600	1
957800	1
958000	1
958200	1
958400	1
958600	1
958800	1
959000	1
959200	1
959400	1
959600	1
959800	1
960000	1
960200	1
960400	1
960600	1
960800	1
961000	1
961200	1
961400	1
961600	1
961800	1
962000	1
962200	1
962400	1
962600	1
962800	1
963000	1
963200	1
963400	1
963600	1
963800	1
964000	1
964200	1
964400	1
964600	1
964800	1
965000	1
965200	1
965400	1
965600	1
965800	1
966000	1
966200	1
966400	1
966600	1
966800	1
967000	1
967200	1
967400	1
967600	1
967800	1
968000	1
968200	1
968400	1
968600	1
968800	1
969000	1
969200	1
969400	1
969600	1
969800	1
970000	1
970200	1
970400	1
970600	1
970800	1
971000	1
971200	1
971400	1
971600	1
971800	1
972000	1
972200	1
972400	1
972600	1
972800	1
973000	1
973200	1
973400	1
973600	1
973800	1
974000	1
974200	1
974400	1
974600	1
974800	1
975000	1
975200	1
975400	1
975600	1
975800	1
976000	1
976200	1
976400	1
976600	1
976800	1
977000	1
977200	1
977400	1
977600	1
977800	1
978000	1
978200	1
978400	1
978600	1
978800	1
979000	1
979200	1
979400	1
979600	1
979800	1
980000	1
980200	1
980400	1
980600	1
980800	1
981000	1
981200	1
981400	1
981600	1
981800	1
982000	1
982200	1
982400	1
982600	1
982800	1
983000	1
983200	1
983400	1
983600	1
983800	1
984000	1
984200	1
984400	1
984600	1
984800	1
985000	1
985200	1
985400	1
985600	1
985800	1
986000	1
986200	1
986400	1
986600	1
986800	1
987000	1
987200	1
987400	1
987600	1
987800	1
988000	1
988200	1
988400	1
988600	1
988800	1
989000	1
989200	1
989400	1
989600	1
989800	1
990000	1
990200	1
990400	1
990600	1
990800	1
991000	1
991200	1
991400	1
991600	1
991800	1
992000	1
992200	1
992400	1
992600	1
992800	1
993000	1
993200	1
993400	1
993600	1
993800	1
994000	1
994200	1
994400	1
994600	1
994800	1
995000	1
995200	1
995400	1
995600	1
995800	1
996000	1
996200	1
996400	1
996600	1
996800	1
997000	1
997200	1
997400	1
997600	1
997800	1
998000	1
998200	1
998400	1
998600	1
998800	1
999000	1
999200	1
999400	1
999600	1
999800	1
1000000	1
