Test step	Reward
200	0
400	0
600	0
800	0
1000	0
1200	0
1400	0
1600	0
1800	0
2000	0
2200	0
2400	0
2600	0
2800	0
3000	0
3200	0
3400	0
3600	0
3800	0
4000	0
4200	0
4400	0
4600	0
4800	0
5000	0
5200	0
5400	0
5600	0
5800	0
6000	0
6200	0
6400	0
6600	0
6800	0
7000	0
7200	0
7400	0
7600	0
7800	0
8000	0
8200	0
8400	0
8600	0
8800	0
9000	0
9200	0
9400	0
9600	0
9800	0
10000	0
10200	0
10400	0
10600	0
10800	0
11000	0
11200	0
11400	0
11600	0
11800	0
12000	0
12200	0
12400	0
12600	0
12800	0
13000	0
13200	0
13400	0
13600	0
13800	0
14000	0
14200	0
14400	0
14600	0
14800	0
15000	0
15200	0
15400	0
15600	0
15800	0
16000	0
16200	0
16400	0
16600	0
16800	0
17000	0
17200	0
17400	0
17600	0
17800	0
18000	0
18200	0
18400	0
18600	0
18800	0
19000	0
19200	0
19400	0
19600	0
19800	0
20000	0
20200	0
20400	0
20600	0
20800	0
21000	0
21200	0
21400	0
21600	0
21800	0
22000	0
22200	0
22400	0
22600	0
22800	0
23000	0
23200	0
23400	0
23600	0
23800	0
24000	0
24200	0
24400	0
24600	0
24800	0
25000	0
25200	0
25400	0
25600	0
25800	0
26000	0
26200	0
26400	0
26600	0
26800	0
27000	0
27200	0
27400	0
27600	0
27800	0
28000	0
28200	1
28400	0
28600	0
28800	0
29000	0
29200	0
29400	0
29600	0
29800	0
30000	0
30200	0
30400	0
30600	0
30800	0
31000	0
31200	0
31400	0
31600	0
31800	0
32000	0
32200	0
32400	0
32600	0
32800	0
33000	0
33200	0
33400	0
33600	0
33800	0
34000	0
34200	0
34400	0
34600	0
34800	0
35000	0
35200	0
35400	0
35600	0
35800	0
36000	0
36200	0
36400	0
36600	0
36800	0
37000	0
37200	0
37400	0
37600	0
37800	0
38000	0
38200	0
38400	0
38600	0
38800	0
39000	0
39200	0
39400	0
39600	0
39800	0
40000	0
40200	0
40400	0
40600	0
40800	0
41000	0
41200	0
41400	0
41600	0
41800	0
42000	0
42200	0
42400	0
42600	0
42800	0
43000	0
43200	0
43400	0
43600	0
43800	0
44000	0
44200	0
44400	0
44600	0
44800	0
45000	0
45200	0
45400	0
45600	0
45800	0
46000	0
46200	0
46400	0
46600	0
46800	0
47000	0
47200	0
47400	0
47600	0
47800	0
48000	0
48200	0
48400	0
48600	0
48800	0
49000	0
49200	0
49400	0
49600	0
49800	0
50000	0
50200	0
50400	0
50600	0
50800	0
51000	0
51200	0
51400	0
51600	0
51800	0
52000	0
52200	0
52400	0
52600	0
52800	0
53000	0
53200	0
53400	0
53600	0
53800	0
54000	0
54200	0
54400	0
54600	0
54800	0
55000	0
55200	0
55400	0
55600	0
55800	0
56000	0
56200	0
56400	0
56600	0
56800	0
57000	0
57200	0
57400	0
57600	0
57800	0
58000	0
58200	0
58400	0
58600	0
58800	0
59000	0
59200	0
59400	0
59600	0
59800	0
60000	0
60200	0
60400	0
60600	0
60800	0
61000	0
61200	0
61400	0
61600	0
61800	0
62000	0
62200	0
62400	0
62600	0
62800	0
63000	0
63200	0
63400	0
63600	0
63800	0
64000	0
64200	0
64400	0
64600	0
64800	0
65000	0
65200	0
65400	0
65600	0
65800	0
66000	0
66200	0
66400	0
66600	0
66800	0
67000	0
67200	0
67400	0
67600	0
67800	0
68000	0
68200	0
68400	0
68600	0
68800	0
69000	0
69200	0
69400	0
69600	0
69800	0
70000	0
70200	0
70400	0
70600	0
70800	0
71000	0
71200	0
71400	0
71600	0
71800	0
72000	0
72200	0
72400	0
72600	0
72800	0
73000	0
73200	0
73400	0
73600	0
73800	0
74000	0
74200	0
74400	0
74600	0
74800	0
75000	0
75200	0
75400	0
75600	0
75800	0
76000	0
76200	0
76400	0
76600	0
76800	0
77000	0
77200	0
77400	0
77600	0
77800	0
78000	0
78200	0
78400	0
78600	0
78800	0
79000	0
79200	0
79400	0
79600	0
79800	0
80000	0
80200	0
80400	0
80600	0
80800	0
81000	0
81200	0
81400	0
81600	0
81800	0
82000	0
82200	0
82400	0
82600	0
82800	0
83000	0
83200	0
83400	0
83600	0
83800	0
84000	0
84200	0
84400	0
84600	0
84800	0
85000	0
85200	0
85400	0
85600	0
85800	0
86000	0
86200	0
86400	0
86600	0
86800	0
87000	0
87200	0
87400	0
87600	0
87800	0
88000	0
88200	0
88400	0
88600	0
88800	0
89000	0
89200	0
89400	0
89600	0
89800	0
90000	0
90200	0
90400	0
90600	0
90800	0
91000	0
91200	0
91400	0
91600	0
91800	0
92000	0
92200	0
92400	0
92600	0
92800	0
93000	0
93200	0
93400	0
93600	0
93800	0
94000	0
94200	0
94400	0
94600	0
94800	0
95000	0
95200	0
95400	0
95600	0
95800	0
96000	0
96200	0
96400	0
96600	0
96800	0
97000	0
97200	0
97400	0
97600	0
97800	0
98000	0
98200	0
98400	0
98600	0
98800	0
99000	0
99200	0
99400	0
99600	0
99800	0
100000	0
100200	0
100400	0
100600	0
100800	0
101000	0
101200	0
101400	0
101600	0
101800	0
102000	0
102200	0
102400	0
102600	0
102800	0
103000	0
103200	0
103400	0
103600	0
103800	0
104000	0
104200	0
104400	0
104600	0
104800	0
105000	0
105200	0
105400	0
105600	0
105800	0
106000	0
106200	0
106400	0
106600	0
106800	0
107000	0
107200	0
107400	0
107600	0
107800	0
108000	0
108200	0
108400	0
108600	0
108800	0
109000	0
109200	0
109400	0
109600	0
109800	0
110000	0
110200	0
110400	0
110600	0
110800	0
111000	0
111200	0
111400	0
111600	0
111800	0
112000	0
112200	0
112400	0
112600	0
112800	0
113000	0
113200	0
113400	0
113600	0
113800	0
114000	0
114200	0
114400	0
114600	0
114800	0
115000	0
115200	0
115400	0
115600	0
115800	0
116000	0
116200	0
116400	0
116600	0
116800	0
117000	0
117200	0
117400	0
117600	0
117800	0
118000	0
118200	0
118400	0
118600	0
118800	0
119000	0
119200	0
119400	0
119600	0
119800	0
120000	0
120200	0
120400	0
120600	0
120800	0
121000	0
121200	0
121400	0
121600	0
121800	0
122000	0
122200	0
122400	0
122600	0
122800	0
123000	0
123200	0
123400	0
123600	0
123800	0
124000	0
124200	0
124400	0
124600	0
124800	0
125000	0
125200	0
125400	0
125600	0
125800	0
126000	0
126200	0
126400	0
126600	0
126800	0
127000	0
127200	0
127400	0
127600	0
127800	0
128000	0
128200	0
128400	0
128600	0
128800	0
129000	0
129200	0
129400	0
129600	0
129800	0
130000	0
130200	0
130400	0
130600	0
130800	0
131000	0
131200	0
131400	0
131600	0
131800	0
132000	0
132200	0
132400	0
132600	0
132800	0
133000	0
133200	0
133400	0
133600	0
133800	0
134000	0
134200	0
134400	0
134600	0
134800	0
135000	0
135200	0
135400	0
135600	0
135800	0
136000	0
136200	0
136400	0
136600	0
136800	0
137000	0
137200	0
137400	0
137600	0
137800	0
138000	0
138200	0
138400	0
138600	0
138800	0
139000	0
139200	0
139400	0
139600	0
139800	0
140000	0
140200	0
140400	0
140600	0
140800	0
141000	0
141200	0
141400	0
141600	0
141800	0
142000	0
142200	0
142400	0
142600	0
142800	0
143000	0
143200	0
143400	0
143600	0
143800	0
144000	0
144200	0
144400	0
144600	0
144800	0
145000	0
145200	0
145400	0
145600	0
145800	0
146000	0
146200	0
146400	0
146600	0
146800	0
147000	0
147200	0
147400	0
147600	0
147800	0
148000	0
148200	0
148400	0
148600	0
148800	0
149000	0
149200	0
149400	0
149600	0
149800	0
150000	0
150200	0
150400	0
150600	0
150800	0
151000	0
151200	0
151400	0
151600	0
151800	0
152000	0
152200	0
152400	0
152600	0
152800	0
153000	0
153200	0
153400	0
153600	0
153800	0
154000	0
154200	0
154400	0
154600	0
154800	0
155000	0
155200	0
155400	0
155600	0
155800	0
156000	0
156200	0
156400	0
156600	0
156800	0
157000	0
157200	0
157400	0
157600	0
157800	0
158000	0
158200	0
158400	0
158600	0
158800	0
159000	0
159200	0
159400	0
159600	0
159800	0
160000	0
160200	0
160400	0
160600	0
160800	0
161000	0
161200	0
161400	0
161600	0
161800	0
162000	0
162200	0
162400	0
162600	0
162800	0
163000	0
163200	0
163400	0
163600	0
163800	0
164000	0
164200	0
164400	0
164600	0
164800	0
165000	0
165200	0
165400	0
165600	0
165800	0
166000	0
166200	0
166400	0
166600	0
166800	0
167000	0
167200	0
167400	0
167600	0
167800	0
168000	0
168200	0
168400	0
168600	0
168800	0
169000	0
169200	0
169400	0
169600	0
169800	0
170000	0
170200	0
170400	0
170600	0
170800	0
171000	0
171200	0
171400	0
171600	0
171800	0
172000	0
172200	0
172400	0
172600	0
172800	0
173000	0
173200	0
173400	0
173600	0
173800	0
174000	0
174200	0
174400	0
174600	0
174800	0
175000	0
175200	0
175400	0
175600	0
175800	0
176000	0
176200	0
176400	0
176600	0
176800	0
177000	0
177200	0
177400	0
177600	0
177800	0
178000	0
178200	0
178400	0
178600	0
178800	0
179000	0
179200	0
179400	0
179600	0
179800	0
180000	0
180200	0
180400	0
180600	0
180800	0
181000	0
181200	0
181400	0
181600	0
181800	0
182000	0
182200	0
182400	0
182600	0
182800	0
183000	0
183200	0
183400	0
183600	0
183800	0
184000	0
184200	0
184400	0
184600	0
184800	0
185000	0
185200	0
185400	0
185600	0
185800	0
186000	0
186200	0
186400	0
186600	0
186800	0
187000	0
187200	0
187400	0
187600	0
187800	0
188000	0
188200	0
188400	0
188600	0
188800	0
189000	0
189200	0
189400	0
189600	0
189800	0
190000	0
190200	0
190400	0
190600	0
190800	0
191000	0
191200	0
191400	0
191600	0
191800	0
192000	0
192200	0
192400	0
192600	0
192800	0
193000	0
193200	0
193400	0
193600	0
193800	0
194000	0
194200	0
194400	0
194600	0
194800	0
195000	0
195200	0
195400	0
195600	0
195800	0
196000	0
196200	0
196400	0
196600	0
196800	0
197000	0
197200	0
197400	0
197600	0
197800	0
198000	0
198200	0
198400	0
198600	0
198800	0
199000	0
199200	0
199400	0
199600	0
199800	0
200000	0
200200	0
200400	0
200600	0
200800	0
201000	0
201200	0
201400	0
201600	0
201800	0
202000	0
202200	0
202400	0
202600	0
202800	0
203000	0
203200	0
203400	0
203600	0
203800	0
204000	0
204200	0
204400	0
204600	0
204800	0
205000	0
205200	0
205400	0
205600	0
205800	0
206000	0
206200	0
206400	0
206600	0
206800	0
207000	0
207200	0
207400	0
207600	0
207800	0
208000	0
208200	0
208400	0
208600	0
208800	0
209000	0
209200	0
209400	0
209600	0
209800	0
210000	0
210200	0
210400	0
210600	0
210800	0
211000	0
211200	0
211400	0
211600	0
211800	0
212000	0
212200	0
212400	0
212600	0
212800	0
213000	0
213200	0
213400	0
213600	0
213800	0
214000	0
214200	0
214400	0
214600	0
214800	0
215000	0
215200	0
215400	0
215600	0
215800	0
216000	0
216200	0
216400	0
216600	0
216800	0
217000	0
217200	0
217400	0
217600	0
217800	0
218000	0
218200	0
218400	0
218600	0
218800	0
219000	0
219200	0
219400	0
219600	0
219800	0
220000	0
220200	0
220400	0
220600	0
220800	0
221000	0
221200	0
221400	0
221600	0
221800	0
222000	0
222200	0
222400	0
222600	0
222800	0
223000	0
223200	0
223400	0
223600	0
223800	0
224000	1
224200	0
224400	0
224600	0
224800	0
225000	0
225200	0
225400	0
225600	0
225800	0
226000	0
226200	0
226400	0
226600	0
226800	0
227000	0
227200	0
227400	0
227600	0
227800	0
228000	0
228200	0
228400	0
228600	0
228800	0
229000	0
229200	0
229400	0
229600	0
229800	0
230000	0
230200	0
230400	0
230600	0
230800	0
231000	0
231200	0
231400	0
231600	0
231800	0
232000	0
232200	0
232400	0
232600	0
232800	0
233000	0
233200	0
233400	0
233600	0
233800	0
234000	0
234200	0
234400	0
234600	0
234800	0
235000	0
235200	0
235400	0
235600	0
235800	0
236000	0
236200	0
236400	0
236600	0
236800	0
237000	0
237200	0
237400	0
237600	0
237800	0
238000	0
238200	0
238400	0
238600	0
238800	0
239000	0
239200	0
239400	0
239600	0
239800	0
240000	0
240200	0
240400	0
240600	0
240800	0
241000	0
241200	0
241400	0
241600	0
241800	0
242000	0
242200	0
242400	0
242600	0
242800	0
243000	0
243200	0
243400	0
243600	0
243800	0
244000	0
244200	0
244400	0
244600	0
244800	0
245000	0
245200	0
245400	0
245600	0
245800	0
246000	0
246200	0
246400	0
246600	0
246800	0
247000	0
247200	0
247400	0
247600	0
247800	0
248000	0
248200	0
248400	0
248600	0
248800	0
249000	0
249200	0
249400	0
249600	0
249800	0
250000	0
250200	0
250400	0
250600	0
250800	0
251000	0
251200	0
251400	0
251600	0
251800	0
252000	0
252200	0
252400	0
252600	0
252800	0
253000	0
253200	0
253400	0
253600	0
253800	0
254000	0
254200	0
254400	0
254600	0
254800	0
255000	0
255200	0
255400	0
255600	0
255800	0
256000	0
256200	0
256400	0
256600	0
256800	0
257000	0
257200	0
257400	0
257600	0
257800	0
258000	0
258200	0
258400	0
258600	0
258800	0
259000	0
259200	0
259400	0
259600	0
259800	0
260000	0
260200	0
260400	0
260600	0
260800	0
261000	0
261200	0
261400	0
261600	0
261800	0
262000	0
262200	0
262400	0
262600	0
262800	0
263000	0
263200	0
263400	0
263600	0
263800	0
264000	0
264200	0
264400	0
264600	0
264800	0
265000	0
265200	0
265400	0
265600	0
265800	0
266000	0
266200	0
266400	0
266600	0
266800	0
267000	0
267200	0
267400	0
267600	0
267800	0
268000	0
268200	0
268400	0
268600	0
268800	0
269000	0
269200	0
269400	0
269600	0
269800	0
270000	0
270200	0
270400	0
270600	0
270800	0
271000	0
271200	0
271400	0
271600	0
271800	0
272000	0
272200	0
272400	0
272600	0
272800	0
273000	0
273200	0
273400	0
273600	0
273800	0
274000	0
274200	0
274400	0
274600	0
274800	0
275000	0
275200	0
275400	0
275600	0
275800	0
276000	0
276200	0
276400	0
276600	0
276800	0
277000	0
277200	0
277400	0
277600	0
277800	0
278000	0
278200	0
278400	0
278600	0
278800	0
279000	0
279200	0
279400	0
279600	0
279800	0
280000	0
280200	0
280400	0
280600	0
280800	0
281000	0
281200	0
281400	0
281600	0
281800	0
282000	0
282200	0
282400	0
282600	0
282800	0
283000	0
283200	0
283400	0
283600	0
283800	0
284000	0
284200	0
284400	0
284600	0
284800	0
285000	0
285200	0
285400	0
285600	0
285800	0
286000	0
286200	0
286400	0
286600	0
286800	0
287000	0
287200	0
287400	0
287600	0
287800	0
288000	0
288200	0
288400	0
288600	0
288800	0
289000	0
289200	0
289400	0
289600	0
289800	0
290000	0
290200	0
290400	0
290600	0
290800	0
291000	0
291200	0
291400	0
291600	0
291800	0
292000	0
292200	0
292400	0
292600	0
292800	0
293000	0
293200	0
293400	0
293600	0
293800	0
294000	0
294200	0
294400	0
294600	0
294800	0
295000	0
295200	0
295400	0
295600	0
295800	0
296000	0
296200	0
296400	0
296600	0
296800	0
297000	0
297200	0
297400	0
297600	0
297800	0
298000	0
298200	0
298400	0
298600	0
298800	0
299000	0
299200	0
299400	0
299600	0
299800	0
300000	0
300200	0
300400	0
300600	0
300800	0
301000	0
301200	0
301400	0
301600	0
301800	0
302000	0
302200	0
302400	0
302600	0
302800	0
303000	0
303200	0
303400	0
303600	0
303800	0
304000	0
304200	0
304400	0
304600	0
304800	0
305000	0
305200	0
305400	0
305600	0
305800	0
306000	0
306200	0
306400	0
306600	0
306800	0
307000	0
307200	0
307400	0
307600	0
307800	0
308000	0
308200	0
308400	0
308600	0
308800	0
309000	0
309200	0
309400	0
309600	0
309800	0
310000	0
310200	0
310400	0
310600	0
310800	0
311000	0
311200	0
311400	0
311600	0
311800	0
312000	0
312200	0
312400	0
312600	0
312800	0
313000	0
313200	0
313400	0
313600	0
313800	0
314000	0
314200	0
314400	0
314600	0
314800	0
315000	0
315200	0
315400	0
315600	0
315800	0
316000	0
316200	0
316400	0
316600	0
316800	0
317000	0
317200	0
317400	0
317600	0
317800	0
318000	0
318200	0
318400	0
318600	0
318800	0
319000	0
319200	0
319400	0
319600	0
319800	0
320000	0
320200	0
320400	0
320600	0
320800	0
321000	0
321200	0
321400	0
321600	0
321800	0
322000	0
322200	0
322400	0
322600	0
322800	0
323000	0
323200	0
323400	0
323600	0
323800	0
324000	0
324200	0
324400	0
324600	0
324800	0
325000	0
325200	0
325400	0
325600	0
325800	0
326000	0
326200	0
326400	0
326600	0
326800	0
327000	0
327200	0
327400	0
327600	0
327800	0
328000	0
328200	0
328400	0
328600	0
328800	0
329000	0
329200	0
329400	0
329600	0
329800	0
330000	0
330200	0
330400	0
330600	0
330800	0
331000	0
331200	0
331400	0
331600	0
331800	0
332000	0
332200	0
332400	0
332600	0
332800	0
333000	0
333200	0
333400	0
333600	0
333800	0
334000	0
334200	0
334400	0
334600	0
334800	0
335000	0
335200	0
335400	0
335600	0
335800	0
336000	0
336200	0
336400	0
336600	0
336800	0
337000	0
337200	0
337400	0
337600	0
337800	0
338000	0
338200	0
338400	0
338600	0
338800	0
339000	0
339200	0
339400	0
339600	0
339800	0
340000	0
340200	0
340400	0
340600	0
340800	0
341000	0
341200	0
341400	0
341600	0
341800	0
342000	0
342200	0
342400	0
342600	0
342800	0
343000	0
343200	0
343400	0
343600	0
343800	0
344000	0
344200	0
344400	0
344600	0
344800	0
345000	0
345200	0
345400	0
345600	0
345800	0
346000	0
346200	0
346400	0
346600	0
346800	0
347000	0
347200	0
347400	0
347600	0
347800	0
348000	0
348200	0
348400	0
348600	0
348800	0
349000	0
349200	0
349400	0
349600	0
349800	0
350000	0
350200	0
350400	0
350600	0
350800	0
351000	0
351200	0
351400	0
351600	0
351800	0
352000	0
352200	0
352400	0
352600	0
352800	0
353000	0
353200	0
353400	0
353600	0
353800	0
354000	0
354200	0
354400	0
354600	0
354800	0
355000	0
355200	0
355400	0
355600	0
355800	0
356000	0
356200	0
356400	0
356600	0
356800	0
357000	0
357200	0
357400	0
357600	0
357800	0
358000	0
358200	0
358400	0
358600	0
358800	0
359000	0
359200	0
359400	0
359600	0
359800	0
360000	0
360200	0
360400	0
360600	0
360800	0
361000	0
361200	0
361400	0
361600	0
361800	1
362000	0
362200	0
362400	0
362600	0
362800	0
363000	0
363200	0
363400	0
363600	0
363800	0
364000	0
364200	0
364400	0
364600	0
364800	0
365000	0
365200	0
365400	0
365600	0
365800	0
366000	0
366200	0
366400	0
366600	0
366800	0
367000	0
367200	0
367400	0
367600	0
367800	0
368000	0
368200	0
368400	0
368600	0
368800	0
369000	0
369200	0
369400	0
369600	0
369800	0
370000	0
370200	0
370400	0
370600	0
370800	0
371000	0
371200	0
371400	0
371600	0
371800	0
372000	0
372200	0
372400	0
372600	0
372800	0
373000	0
373200	0
373400	0
373600	0
373800	0
374000	0
374200	0
374400	0
374600	0
374800	0
375000	0
375200	0
375400	0
375600	0
375800	0
376000	0
376200	0
376400	0
376600	0
376800	0
377000	0
377200	0
377400	0
377600	0
377800	0
378000	0
378200	0
378400	0
378600	0
378800	0
379000	0
379200	0
379400	0
379600	0
379800	0
380000	0
380200	0
380400	0
380600	0
380800	0
381000	0
381200	0
381400	0
381600	0
381800	0
382000	0
382200	0
382400	0
382600	0
382800	0
383000	0
383200	0
383400	0
383600	0
383800	0
384000	0
384200	0
384400	0
384600	0
384800	0
385000	0
385200	0
385400	0
385600	0
385800	0
386000	0
386200	0
386400	0
386600	0
386800	0
387000	0
387200	0
387400	0
387600	0
387800	0
388000	0
388200	0
388400	0
388600	0
388800	0
389000	0
389200	0
389400	0
389600	0
389800	0
390000	0
390200	0
390400	0
390600	0
390800	0
391000	0
391200	0
391400	0
391600	0
391800	0
392000	0
392200	0
392400	0
392600	0
392800	0
393000	0
393200	0
393400	0
393600	0
393800	0
394000	0
394200	0
394400	0
394600	0
394800	0
395000	0
395200	0
395400	0
395600	0
395800	0
396000	0
396200	0
396400	0
396600	0
396800	0
397000	0
397200	0
397400	0
397600	0
397800	0
398000	0
398200	0
398400	0
398600	0
398800	0
399000	0
399200	0
399400	0
399600	0
399800	0
400000	0
400200	0
400400	0
400600	0
400800	0
401000	0
401200	0
401400	0
401600	0
401800	0
402000	0
402200	0
402400	0
402600	0
402800	0
403000	0
403200	0
403400	0
403600	0
403800	0
404000	0
404200	0
404400	0
404600	0
404800	0
405000	0
405200	0
405400	0
405600	0
405800	0
406000	0
406200	0
406400	0
406600	0
406800	0
407000	0
407200	0
407400	0
407600	0
407800	0
408000	0
408200	0
408400	0
408600	0
408800	0
409000	0
409200	0
409400	0
409600	0
409800	0
410000	0
410200	0
410400	0
410600	0
410800	0
411000	0
411200	0
411400	0
411600	0
411800	0
412000	0
412200	0
412400	0
412600	0
412800	0
413000	0
413200	0
413400	0
413600	0
413800	0
414000	0
414200	0
414400	0
414600	0
414800	0
415000	0
415200	0
415400	0
415600	0
415800	0
416000	0
416200	0
416400	0
416600	0
416800	0
417000	0
417200	0
417400	0
417600	0
417800	0
418000	0
418200	0
418400	0
418600	0
418800	0
419000	0
419200	0
419400	0
419600	0
419800	0
420000	0
420200	0
420400	0
420600	0
420800	0
421000	0
421200	1
421400	0
421600	1
421800	1
422000	0
422200	0
422400	1
422600	0
422800	0
423000	1
423200	0
423400	0
423600	0
423800	0
424000	1
424200	0
424400	0
424600	0
424800	0
425000	1
425200	0
425400	1
425600	0
425800	0
426000	0
426200	0
426400	0
426600	1
426800	1
427000	0
427200	1
427400	1
427600	0
427800	1
428000	0
428200	0
428400	0
428600	1
428800	1
429000	1
429200	0
429400	0
429600	1
429800	0
430000	1
430200	0
430400	1
430600	1
430800	0
431000	1
431200	1
431400	0
431600	0
431800	0
432000	0
432200	1
432400	1
432600	0
432800	0
433000	0
433200	1
433400	0
433600	0
433800	0
434000	0
434200	0
434400	0
434600	0
434800	0
435000	0
435200	1
435400	1
435600	0
435800	0
436000	1
436200	0
436400	1
436600	1
436800	1
437000	0
437200	0
437400	0
437600	1
437800	1
438000	0
438200	0
438400	0
438600	1
438800	0
439000	1
439200	0
439400	0
439600	0
439800	0
440000	0
440200	0
440400	0
440600	0
440800	0
441000	0
441200	1
441400	0
441600	0
441800	0
442000	0
442200	0
442400	0
442600	0
442800	0
443000	0
443200	1
443400	0
443600	0
443800	0
444000	0
444200	0
444400	0
444600	0
444800	1
445000	0
445200	0
445400	0
445600	0
445800	0
446000	0
446200	0
446400	0
446600	0
446800	0
447000	0
447200	1
447400	1
447600	0
447800	0
448000	0
448200	0
448400	0
448600	1
448800	0
449000	0
449200	0
449400	0
449600	0
449800	1
450000	1
450200	0
450400	1
450600	0
450800	0
451000	0
451200	0
451400	0
451600	0
451800	0
452000	0
452200	1
452400	1
452600	0
452800	1
453000	1
453200	0
453400	0
453600	1
453800	0
454000	0
454200	0
454400	0
454600	1
454800	0
455000	0
455200	0
455400	1
455600	0
455800	0
456000	1
456200	0
456400	0
456600	0
456800	0
457000	0
457200	0
457400	0
457600	1
457800	0
458000	0
458200	1
458400	1
458600	0
458800	0
459000	0
459200	0
459400	0
459600	0
459800	1
460000	0
460200	0
460400	0
460600	0
460800	0
461000	0
461200	1
461400	0
461600	1
461800	0
462000	1
462200	1
462400	1
462600	0
462800	0
463000	0
463200	0
463400	1
463600	0
463800	0
464000	0
464200	0
464400	1
464600	0
464800	1
465000	0
465200	0
465400	0
465600	0
465800	0
466000	0
466200	0
466400	0
466600	1
466800	0
467000	0
467200	1
467400	0
467600	0
467800	1
468000	0
468200	1
468400	0
468600	0
468800	0
469000	0
469200	0
469400	0
469600	1
469800	1
470000	0
470200	0
470400	0
470600	0
470800	1
471000	0
471200	0
471400	0
471600	1
471800	1
472000	0
472200	0
472400	1
472600	0
472800	1
473000	1
473200	0
473400	0
473600	1
473800	0
474000	0
474200	0
474400	1
474600	1
474800	0
475000	0
475200	1
475400	0
475600	0
475800	1
476000	0
476200	0
476400	0
476600	0
476800	0
477000	0
477200	1
477400	0
477600	1
477800	0
478000	0
478200	1
478400	0
478600	1
478800	0
479000	0
479200	1
479400	0
479600	0
479800	1
480000	0
480200	0
480400	1
480600	0
480800	0
481000	0
481200	0
481400	0
481600	0
481800	1
482000	0
482200	0
482400	0
482600	1
482800	1
483000	0
483200	0
483400	0
483600	1
483800	0
484000	0
484200	0
484400	1
484600	0
484800	1
485000	0
485200	0
485400	0
485600	0
485800	0
486000	0
486200	0
486400	0
486600	0
486800	1
487000	0
487200	0
487400	0
487600	1
487800	0
488000	1
488200	0
488400	1
488600	1
488800	1
489000	0
489200	0
489400	0
489600	0
489800	0
490000	0
490200	1
490400	0
490600	0
490800	0
491000	1
491200	0
491400	0
491600	1
491800	1
492000	1
492200	1
492400	0
492600	0
492800	0
493000	0
493200	0
493400	1
493600	0
493800	0
494000	1
494200	0
494400	0
494600	1
494800	1
495000	0
495200	0
495400	1
495600	1
495800	0
496000	1
496200	0
496400	1
496600	1
496800	0
497000	0
497200	0
497400	0
497600	0
497800	0
498000	0
498200	0
498400	1
498600	0
498800	0
499000	0
499200	0
499400	1
499600	0
499800	0
500000	0
500200	1
500400	1
500600	0
500800	0
501000	0
501200	0
501400	1
501600	0
501800	0
502000	0
502200	0
502400	0
502600	0
502800	0
503000	0
503200	0
503400	0
503600	1
503800	0
504000	0
504200	0
504400	0
504600	1
504800	0
505000	0
505200	1
505400	0
505600	0
505800	0
506000	1
506200	1
506400	0
506600	0
506800	0
507000	0
507200	1
507400	0
507600	0
507800	0
508000	0
508200	0
508400	0
508600	1
508800	1
509000	0
509200	0
509400	0
509600	1
509800	1
510000	0
510200	1
510400	1
510600	0
510800	0
511000	0
511200	1
511400	0
511600	1
511800	0
512000	0
512200	1
512400	1
512600	0
512800	0
513000	0
513200	1
513400	0
513600	0
513800	0
514000	0
514200	0
514400	0
514600	0
514800	0
515000	1
515200	1
515400	0
515600	0
515800	0
516000	1
516200	0
516400	0
516600	0
516800	0
517000	0
517200	0
517400	0
517600	1
517800	0
518000	0
518200	1
518400	1
518600	0
518800	0
519000	0
519200	1
519400	1
519600	0
519800	0
520000	1
520200	1
520400	0
520600	1
520800	0
521000	0
521200	0
521400	1
521600	1
521800	0
522000	1
522200	1
522400	0
522600	0
522800	1
523000	1
523200	0
523400	0
523600	0
523800	0
524000	0
524200	1
524400	1
524600	0
524800	0
525000	0
525200	0
525400	0
525600	0
525800	0
526000	0
526200	1
526400	0
526600	0
526800	0
527000	1
527200	0
527400	1
527600	0
527800	1
528000	0
528200	1
528400	0
528600	0
528800	0
529000	0
529200	0
529400	0
529600	0
529800	0
530000	0
530200	0
530400	0
530600	0
530800	0
531000	1
531200	1
531400	1
531600	0
531800	0
532000	0
532200	1
532400	0
532600	0
532800	0
533000	0
533200	1
533400	1
533600	1
533800	1
534000	1
534200	1
534400	0
534600	0
534800	0
535000	0
535200	0
535400	1
535600	1
535800	0
536000	1
536200	0
536400	1
536600	0
536800	0
537000	0
537200	1
537400	1
537600	0
537800	1
538000	0
538200	1
538400	1
538600	0
538800	0
539000	0
539200	0
539400	0
539600	0
539800	0
540000	0
540200	1
540400	0
540600	1
540800	0
541000	1
541200	0
541400	1
541600	1
541800	1
542000	0
542200	1
542400	0
542600	0
542800	0
543000	0
543200	0
543400	1
543600	0
543800	0
544000	1
544200	0
544400	1
544600	0
544800	0
545000	0
545200	1
545400	0
545600	0
545800	1
546000	0
546200	1
546400	0
546600	0
546800	1
547000	0
547200	0
547400	1
547600	0
547800	0
548000	1
548200	1
548400	0
548600	1
548800	1
549000	0
549200	1
549400	1
549600	1
549800	0
550000	0
550200	0
550400	0
550600	0
550800	0
551000	1
551200	0
551400	0
551600	0
551800	0
552000	0
552200	0
552400	0
552600	1
552800	1
553000	0
553200	1
553400	0
553600	1
553800	1
554000	0
554200	1
554400	0
554600	0
554800	0
555000	0
555200	0
555400	0
555600	0
555800	0
556000	1
556200	1
556400	0
556600	0
556800	0
557000	1
557200	0
557400	0
557600	0
557800	0
558000	0
558200	1
558400	0
558600	0
558800	0
559000	1
559200	0
559400	0
559600	1
559800	0
560000	0
560200	1
560400	0
560600	0
560800	1
561000	1
561200	0
561400	0
561600	1
561800	0
562000	0
562200	1
562400	0
562600	1
562800	0
563000	0
563200	0
563400	0
563600	1
563800	1
564000	0
564200	0
564400	1
564600	0
564800	1
565000	0
565200	0
565400	1
565600	0
565800	0
566000	1
566200	1
566400	1
566600	0
566800	1
567000	1
567200	0
567400	0
567600	0
567800	0
568000	1
568200	0
568400	1
568600	1
568800	0
569000	1
569200	1
569400	0
569600	0
569800	1
570000	0
570200	1
570400	0
570600	0
570800	1
571000	0
571200	1
571400	0
571600	0
571800	0
572000	1
572200	0
572400	0
572600	0
572800	0
573000	1
573200	0
573400	0
573600	0
573800	0
574000	0
574200	1
574400	0
574600	0
574800	1
575000	0
575200	0
575400	1
575600	1
575800	1
576000	0
576200	1
576400	0
576600	0
576800	0
577000	0
577200	1
577400	1
577600	1
577800	0
578000	0
578200	1
578400	0
578600	1
578800	1
579000	0
579200	1
579400	1
579600	0
579800	0
580000	0
580200	0
580400	0
580600	0
580800	0
581000	0
581200	1
581400	1
581600	0
581800	1
582000	0
582200	1
582400	0
582600	0
582800	1
583000	1
583200	1
583400	1
583600	1
583800	1
584000	1
584200	1
584400	1
584600	1
584800	1
585000	1
585200	0
585400	0
585600	0
585800	0
586000	1
586200	0
586400	1
586600	0
586800	0
587000	0
587200	0
587400	1
587600	0
587800	0
588000	0
588200	1
588400	0
588600	0
588800	0
589000	0
589200	0
589400	1
589600	0
589800	0
590000	1
590200	0
590400	0
590600	0
590800	0
591000	0
591200	0
591400	0
591600	0
591800	1
592000	0
592200	1
592400	1
592600	0
592800	1
593000	1
593200	0
593400	1
593600	0
593800	0
594000	0
594200	0
594400	0
594600	0
594800	0
595000	0
595200	0
595400	1
595600	1
595800	0
596000	1
596200	1
596400	1
596600	0
596800	1
597000	1
597200	0
597400	0
597600	1
597800	0
598000	1
598200	0
598400	0
598600	1
598800	0
599000	0
599200	0
599400	1
599600	0
599800	0
600000	0
600200	1
600400	0
600600	0
600800	0
601000	0
601200	1
601400	1
601600	0
601800	0
602000	1
602200	0
602400	0
602600	0
602800	1
603000	0
603200	0
603400	0
603600	1
603800	1
604000	0
604200	0
604400	1
604600	0
604800	0
605000	1
605200	1
605400	1
605600	0
605800	1
606000	0
606200	1
606400	1
606600	0
606800	0
607000	0
607200	1
607400	0
607600	0
607800	0
608000	1
608200	1
608400	1
608600	0
608800	0
609000	1
609200	1
609400	0
609600	0
609800	0
610000	0
610200	0
610400	0
610600	0
610800	1
611000	0
611200	1
611400	0
611600	0
611800	0
612000	0
612200	1
612400	0
612600	0
612800	1
613000	0
613200	0
613400	0
613600	1
613800	0
614000	0
614200	0
614400	0
614600	1
614800	1
615000	0
615200	1
615400	0
615600	0
615800	0
616000	1
616200	0
616400	1
616600	0
616800	1
617000	0
617200	1
617400	1
617600	0
617800	0
618000	1
618200	0
618400	1
618600	1
618800	0
619000	0
619200	0
619400	1
619600	1
619800	1
620000	0
620200	0
620400	0
620600	0
620800	1
621000	1
621200	1
621400	1
621600	1
621800	0
622000	1
622200	0
622400	0
622600	0
622800	0
623000	0
623200	1
623400	0
623600	0
623800	1
624000	0
624200	1
624400	1
624600	0
624800	1
625000	0
625200	1
625400	0
625600	1
625800	0
626000	0
626200	1
626400	0
626600	0
626800	1
627000	1
627200	0
627400	1
627600	0
627800	0
628000	1
628200	0
628400	1
628600	1
628800	1
629000	1
629200	1
629400	0
629600	0
629800	0
630000	0
630200	1
630400	0
630600	0
630800	0
631000	0
631200	0
631400	0
631600	1
631800	0
632000	1
632200	1
632400	1
632600	1
632800	1
633000	1
633200	1
633400	0
633600	1
633800	0
634000	0
634200	0
634400	0
634600	1
634800	0
635000	1
635200	1
635400	0
635600	1
635800	0
636000	1
636200	1
636400	1
636600	0
636800	1
637000	1
637200	1
637400	1
637600	0
637800	1
638000	0
638200	0
638400	1
638600	1
638800	0
639000	1
639200	0
639400	0
639600	1
639800	1
640000	0
640200	0
640400	0
640600	0
640800	1
641000	0
641200	1
641400	0
641600	0
641800	0
642000	1
642200	1
642400	1
642600	0
642800	1
643000	0
643200	0
643400	0
643600	0
643800	1
644000	1
644200	1
644400	1
644600	0
644800	1
645000	1
645200	0
645400	0
645600	1
645800	1
646000	1
646200	1
646400	0
646600	0
646800	1
647000	1
647200	1
647400	1
647600	1
647800	0
648000	1
648200	1
648400	1
648600	0
648800	0
649000	1
649200	1
649400	1
649600	1
649800	0
650000	1
650200	1
650400	0
650600	0
650800	1
651000	0
651200	1
651400	1
651600	1
651800	0
652000	0
652200	1
652400	1
652600	1
652800	0
653000	0
653200	1
653400	0
653600	0
653800	0
654000	1
654200	1
654400	1
654600	0
654800	1
655000	0
655200	1
655400	0
655600	0
655800	1
656000	1
656200	0
656400	1
656600	0
656800	0
657000	1
657200	0
657400	0
657600	0
657800	1
658000	0
658200	1
658400	1
658600	1
658800	0
659000	1
659200	0
659400	0
659600	1
659800	1
660000	0
660200	0
660400	0
660600	1
660800	1
661000	1
661200	0
661400	0
661600	1
661800	1
662000	1
662200	0
662400	1
662600	0
662800	0
663000	1
663200	1
663400	1
663600	1
663800	1
664000	0
664200	0
664400	1
664600	1
664800	0
665000	1
665200	1
665400	1
665600	1
665800	0
666000	1
666200	0
666400	0
666600	0
666800	1
667000	0
667200	0
667400	1
667600	0
667800	1
668000	0
668200	1
668400	1
668600	0
668800	0
669000	1
669200	1
669400	0
669600	1
669800	1
670000	0
670200	1
670400	0
670600	1
670800	0
671000	0
671200	1
671400	0
671600	0
671800	1
672000	0
672200	0
672400	0
672600	0
672800	0
673000	0
673200	1
673400	1
673600	1
673800	1
674000	1
674200	0
674400	0
674600	1
674800	0
675000	0
675200	0
675400	0
675600	1
675800	1
676000	1
676200	0
676400	1
676600	1
676800	1
677000	0
677200	1
677400	1
677600	1
677800	1
678000	1
678200	0
678400	0
678600	1
678800	1
679000	0
679200	0
679400	1
679600	1
679800	1
680000	1
680200	1
680400	0
680600	1
680800	1
681000	0
681200	0
681400	1
681600	1
681800	1
682000	0
682200	1
682400	0
682600	1
682800	0
683000	0
683200	1
683400	0
683600	1
683800	0
684000	1
684200	0
684400	0
684600	1
684800	1
685000	1
685200	1
685400	1
685600	0
685800	0
686000	0
686200	0
686400	0
686600	1
686800	1
687000	1
687200	0
687400	1
687600	1
687800	0
688000	0
688200	0
688400	0
688600	0
688800	1
689000	1
689200	1
689400	0
689600	0
689800	1
690000	1
690200	1
690400	0
690600	0
690800	1
691000	0
691200	1
691400	0
691600	0
691800	1
692000	0
692200	0
692400	0
692600	0
692800	0
693000	0
693200	1
693400	1
693600	0
693800	0
694000	0
694200	0
694400	0
694600	1
694800	0
695000	1
695200	1
695400	0
695600	0
695800	0
696000	1
696200	1
696400	0
696600	1
696800	1
697000	1
697200	1
697400	1
697600	0
697800	1
698000	0
698200	1
698400	0
698600	0
698800	1
699000	1
699200	0
699400	0
699600	1
699800	0
700000	1
700200	0
700400	0
700600	1
700800	1
701000	0
701200	1
701400	0
701600	0
701800	0
702000	0
702200	1
702400	1
702600	1
702800	1
703000	0
703200	0
703400	1
703600	1
703800	0
704000	0
704200	1
704400	1
704600	1
704800	1
705000	0
705200	0
705400	1
705600	1
705800	1
706000	1
706200	0
706400	1
706600	1
706800	1
707000	0
707200	1
707400	1
707600	1
707800	0
708000	0
708200	0
708400	0
708600	0
708800	1
709000	0
709200	1
709400	1
709600	0
709800	1
710000	1
710200	1
710400	1
710600	1
710800	0
711000	0
711200	1
711400	1
711600	0
711800	1
712000	1
712200	1
712400	1
712600	0
712800	0
713000	1
713200	1
713400	0
713600	0
713800	1
714000	1
714200	1
714400	0
714600	1
714800	0
715000	1
715200	1
715400	0
715600	0
715800	0
716000	0
716200	1
716400	1
716600	1
716800	1
717000	0
717200	0
717400	1
717600	1
717800	1
718000	1
718200	1
718400	1
718600	0
718800	0
719000	0
719200	0
719400	0
719600	1
719800	0
720000	0
720200	1
720400	0
720600	1
720800	1
721000	0
721200	0
721400	1
721600	0
721800	0
722000	1
722200	0
722400	0
722600	1
722800	1
723000	1
723200	0
723400	1
723600	0
723800	1
724000	1
724200	0
724400	1
724600	1
724800	1
725000	0
725200	1
725400	1
725600	0
725800	1
726000	0
726200	1
726400	1
726600	1
726800	1
727000	0
727200	1
727400	0
727600	1
727800	1
728000	1
728200	1
728400	1
728600	1
728800	1
729000	1
729200	0
729400	0
729600	1
729800	1
730000	1
730200	1
730400	0
730600	0
730800	0
731000	0
731200	1
731400	0
731600	0
731800	0
732000	1
732200	1
732400	1
732600	0
732800	0
733000	1
733200	0
733400	0
733600	1
733800	1
734000	1
734200	0
734400	0
734600	1
734800	0
735000	0
735200	1
735400	1
735600	1
735800	1
736000	1
736200	0
736400	1
736600	0
736800	1
737000	1
737200	1
737400	1
737600	1
737800	1
738000	0
738200	1
738400	1
738600	1
738800	1
739000	0
739200	1
739400	1
739600	1
739800	1
740000	1
740200	1
740400	0
740600	1
740800	0
741000	0
741200	0
741400	1
741600	0
741800	0
742000	0
742200	0
742400	1
742600	1
742800	1
743000	0
743200	1
743400	1
743600	1
743800	1
744000	1
744200	1
744400	0
744600	1
744800	1
745000	0
745200	0
745400	0
745600	1
745800	0
746000	1
746200	0
746400	0
746600	0
746800	1
747000	1
747200	1
747400	0
747600	1
747800	0
748000	1
748200	1
748400	1
748600	1
748800	1
749000	0
749200	1
749400	0
749600	0
749800	1
750000	1
750200	1
750400	1
750600	1
750800	1
751000	0
751200	1
751400	1
751600	0
751800	0
752000	1
752200	1
752400	1
752600	1
752800	1
753000	1
753200	0
753400	0
753600	0
753800	0
754000	1
754200	1
754400	0
754600	1
754800	1
755000	1
755200	0
755400	1
755600	1
755800	1
756000	0
756200	1
756400	0
756600	1
756800	1
757000	1
757200	1
757400	1
757600	0
757800	0
758000	1
758200	1
758400	1
758600	0
758800	1
759000	1
759200	0
759400	1
759600	1
759800	1
760000	1
760200	1
760400	0
760600	1
760800	0
761000	0
761200	1
761400	0
761600	0
761800	1
762000	1
762200	1
762400	0
762600	0
762800	0
763000	1
763200	1
763400	1
763600	1
763800	1
764000	1
764200	1
764400	1
764600	1
764800	0
765000	1
765200	0
765400	1
765600	0
765800	0
766000	0
766200	0
766400	0
766600	1
766800	0
767000	1
767200	1
767400	0
767600	0
767800	1
768000	1
768200	1
768400	1
768600	1
768800	1
769000	1
769200	1
769400	0
769600	0
769800	0
770000	0
770200	0
770400	1
770600	1
770800	1
771000	0
771200	0
771400	0
771600	1
771800	0
772000	1
772200	1
772400	0
772600	1
772800	1
773000	1
773200	1
773400	0
773600	1
773800	0
774000	1
774200	1
774400	1
774600	1
774800	1
775000	1
775200	0
775400	1
775600	1
775800	1
776000	1
776200	1
776400	1
776600	0
776800	1
777000	0
777200	1
777400	1
777600	0
777800	1
778000	0
778200	1
778400	0
778600	1
778800	1
779000	1
779200	1
779400	1
779600	1
779800	0
780000	1
780200	0
780400	1
780600	0
780800	1
781000	1
781200	1
781400	0
781600	1
781800	1
782000	0
782200	0
782400	0
782600	0
782800	0
783000	1
783200	0
783400	0
783600	0
783800	1
784000	1
784200	0
784400	1
784600	1
784800	0
785000	0
785200	1
785400	0
785600	1
785800	1
786000	1
786200	0
786400	1
786600	0
786800	0
787000	0
787200	1
787400	1
787600	1
787800	0
788000	0
788200	1
788400	1
788600	1
788800	1
789000	1
789200	1
789400	0
789600	1
789800	0
790000	1
790200	1
790400	1
790600	0
790800	0
791000	1
791200	0
791400	1
791600	1
791800	0
792000	1
792200	1
792400	1
792600	0
792800	1
793000	0
793200	1
793400	1
793600	1
793800	1
794000	0
794200	1
794400	0
794600	0
794800	0
795000	0
795200	1
795400	1
795600	0
795800	1
796000	1
796200	1
796400	1
796600	1
796800	0
797000	1
797200	0
797400	1
797600	1
797800	1
798000	1
798200	0
798400	0
798600	1
798800	0
799000	0
799200	0
799400	1
799600	0
799800	0
800000	0
800200	0
800400	0
800600	1
800800	1
801000	1
801200	1
801400	1
801600	0
801800	1
802000	1
802200	1
802400	1
802600	1
802800	1
803000	1
803200	1
803400	0
803600	1
803800	1
804000	1
804200	1
804400	1
804600	1
804800	1
805000	0
805200	1
805400	1
805600	1
805800	1
806000	0
806200	1
806400	1
806600	1
806800	0
807000	0
807200	1
807400	1
807600	1
807800	1
808000	1
808200	1
808400	1
808600	1
808800	0
809000	1
809200	1
809400	0
809600	1
809800	0
810000	0
810200	0
810400	1
810600	0
810800	1
811000	0
811200	0
811400	0
811600	0
811800	0
812000	0
812200	1
812400	0
812600	1
812800	1
813000	1
813200	0
813400	1
813600	1
813800	1
814000	1
814200	1
814400	0
814600	1
814800	1
815000	1
815200	0
815400	0
815600	0
815800	1
816000	0
816200	1
816400	0
816600	1
816800	1
817000	1
817200	0
817400	1
817600	1
817800	0
818000	1
818200	1
818400	1
818600	1
818800	1
819000	1
819200	0
819400	1
819600	0
819800	1
820000	0
820200	1
820400	1
820600	0
820800	0
821000	1
821200	1
821400	1
821600	1
821800	0
822000	1
822200	0
822400	0
822600	1
822800	1
823000	1
823200	0
823400	1
823600	1
823800	1
824000	0
824200	1
824400	1
824600	0
824800	1
825000	1
825200	1
825400	0
825600	0
825800	0
826000	0
826200	1
826400	1
826600	1
826800	0
827000	0
827200	1
827400	1
827600	0
827800	0
828000	0
828200	1
828400	1
828600	1
828800	1
829000	1
829200	1
829400	1
829600	1
829800	1
830000	1
830200	1
830400	0
830600	1
830800	0
831000	1
831200	0
831400	0
831600	1
831800	1
832000	0
832200	1
832400	1
832600	0
832800	1
833000	0
833200	0
833400	1
833600	1
833800	1
834000	1
834200	1
834400	1
834600	1
834800	0
835000	1
835200	0
835400	1
835600	1
835800	0
836000	1
836200	1
836400	1
836600	1
836800	1
837000	0
837200	1
837400	1
837600	1
837800	1
838000	0
838200	0
838400	0
838600	1
838800	1
839000	0
839200	1
839400	1
839600	1
839800	0
840000	1
840200	0
840400	1
840600	1
840800	0
841000	0
841200	0
841400	1
841600	1
841800	0
842000	1
842200	0
842400	1
842600	0
842800	1
843000	1
843200	1
843400	0
843600	0
843800	1
844000	0
844200	1
844400	1
844600	1
844800	1
845000	1
845200	1
845400	0
845600	1
845800	1
846000	0
846200	1
846400	1
846600	1
846800	1
847000	1
847200	1
847400	1
847600	1
847800	1
848000	0
848200	1
848400	1
848600	1
848800	0
849000	1
849200	1
849400	0
849600	1
849800	1
850000	1
850200	1
850400	1
850600	1
850800	0
851000	1
851200	1
851400	1
851600	1
851800	1
852000	1
852200	1
852400	0
852600	1
852800	1
853000	1
853200	1
853400	0
853600	1
853800	1
854000	0
854200	0
854400	1
854600	1
854800	0
855000	1
855200	1
855400	1
855600	0
855800	0
856000	1
856200	1
856400	1
856600	1
856800	0
857000	0
857200	1
857400	0
857600	1
857800	0
858000	0
858200	1
858400	1
858600	0
858800	1
859000	1
859200	1
859400	0
859600	0
859800	1
860000	0
860200	0
860400	1
860600	1
860800	0
861000	0
861200	1
861400	1
861600	1
861800	0
862000	0
862200	0
862400	1
862600	0
862800	1
863000	0
863200	1
863400	1
863600	1
863800	0
864000	0
864200	1
864400	1
864600	1
864800	1
865000	1
865200	1
865400	1
865600	1
865800	1
866000	1
866200	0
866400	1
866600	1
866800	1
867000	1
867200	1
867400	1
867600	1
867800	0
868000	1
868200	1
868400	0
868600	0
868800	1
869000	0
869200	0
869400	1
869600	1
869800	1
870000	1
870200	1
870400	0
870600	0
870800	1
871000	0
871200	1
871400	0
871600	0
871800	1
872000	1
872200	0
872400	0
872600	0
872800	0
873000	1
873200	0
873400	0
873600	0
873800	1
874000	0
874200	0
874400	1
874600	1
874800	0
875000	1
875200	1
875400	0
875600	0
875800	1
876000	0
876200	1
876400	1
876600	0
876800	1
877000	0
877200	0
877400	1
877600	1
877800	1
878000	1
878200	1
878400	0
878600	0
878800	1
879000	0
879200	0
879400	0
879600	1
879800	0
880000	0
880200	1
880400	1
880600	1
880800	0
881000	0
881200	0
881400	0
881600	1
881800	1
882000	1
882200	0
882400	1
882600	1
882800	1
883000	0
883200	0
883400	1
883600	0
883800	1
884000	0
884200	1
884400	1
884600	1
884800	1
885000	0
885200	1
885400	1
885600	1
885800	0
886000	1
886200	1
886400	1
886600	1
886800	0
887000	1
887200	1
887400	1
887600	0
887800	1
888000	1
888200	1
888400	1
888600	0
888800	0
889000	1
889200	1
889400	1
889600	0
889800	0
890000	0
890200	1
890400	1
890600	1
890800	0
891000	1
891200	0
891400	1
891600	1
891800	0
892000	1
892200	1
892400	1
892600	1
892800	1
893000	1
893200	0
893400	1
893600	0
893800	1
894000	1
894200	1
894400	0
894600	1
894800	1
895000	1
895200	1
895400	1
895600	1
895800	0
896000	1
896200	1
896400	0
896600	1
896800	1
897000	1
897200	1
897400	0
897600	0
897800	1
898000	0
898200	1
898400	1
898600	1
898800	1
899000	0
899200	0
899400	1
899600	0
899800	0
900000	0
900200	0
900400	1
900600	1
900800	1
901000	0
901200	1
901400	0
901600	0
901800	0
902000	1
902200	0
902400	0
902600	1
902800	1
903000	1
903200	1
903400	1
903600	1
903800	1
904000	1
904200	1
904400	0
904600	0
904800	1
905000	0
905200	0
905400	1
905600	0
905800	0
906000	0
906200	1
906400	1
906600	1
906800	1
907000	1
907200	0
907400	0
907600	1
907800	0
908000	0
908200	0
908400	1
908600	1
908800	0
909000	1
909200	0
909400	1
909600	1
909800	0
910000	1
910200	1
910400	0
910600	1
910800	1
911000	0
911200	1
911400	0
911600	1
911800	0
912000	1
912200	1
912400	0
912600	1
912800	1
913000	1
913200	0
913400	1
913600	1
913800	1
914000	0
914200	0
914400	1
914600	0
914800	0
915000	1
915200	0
915400	1
915600	1
915800	1
916000	0
916200	1
916400	1
916600	1
916800	0
917000	0
917200	1
917400	1
917600	1
917800	0
918000	1
918200	1
918400	1
918600	1
918800	1
919000	1
919200	1
919400	0
919600	0
919800	1
920000	1
920200	1
920400	1
920600	1
920800	1
921000	1
921200	1
921400	1
921600	1
921800	1
922000	1
922200	0
922400	1
922600	1
922800	0
923000	1
923200	1
923400	1
923600	0
923800	1
924000	1
924200	0
924400	1
924600	0
924800	0
925000	0
925200	0
925400	1
925600	0
925800	0
926000	1
926200	1
926400	1
926600	1
926800	1
927000	0
927200	0
927400	1
927600	1
927800	1
928000	1
928200	0
928400	1
928600	1
928800	0
929000	1
929200	0
929400	0
929600	0
929800	0
930000	0
930200	1
930400	0
930600	0
930800	1
931000	0
931200	1
931400	1
931600	1
931800	1
932000	0
932200	0
932400	1
932600	1
932800	1
933000	1
933200	1
933400	1
933600	0
933800	1
934000	1
934200	1
934400	0
934600	1
934800	0
935000	0
935200	1
935400	1
935600	0
935800	0
936000	0
936200	1
936400	1
936600	0
936800	1
937000	1
937200	1
937400	1
937600	1
937800	0
938000	0
938200	1
938400	1
938600	0
938800	0
939000	0
939200	1
939400	0
939600	1
939800	1
940000	0
940200	1
940400	1
940600	1
940800	1
941000	1
941200	1
941400	1
941600	1
941800	1
942000	0
942200	1
942400	1
942600	1
942800	1
943000	1
943200	1
943400	1
943600	1
943800	1
944000	1
944200	1
944400	1
944600	0
944800	0
945000	0
945200	0
945400	1
945600	0
945800	1
946000	1
946200	0
946400	1
946600	1
946800	0
947000	0
947200	1
947400	1
947600	0
947800	1
948000	0
948200	1
948400	1
948600	1
948800	0
949000	0
949200	0
949400	0
949600	1
949800	1
950000	1
950200	0
950400	1
950600	1
950800	1
951000	0
951200	0
951400	0
951600	0
951800	1
952000	1
952200	0
952400	0
952600	0
952800	0
953000	1
953200	0
953400	0
953600	1
953800	1
954000	1
954200	1
954400	0
954600	0
954800	1
955000	0
955200	0
955400	0
955600	1
955800	0
956000	0
956200	1
956400	1
956600	1
956800	1
957000	0
957200	1
957400	1
957600	0
957800	1
958000	1
958200	1
958400	0
958600	1
958800	0
959000	1
959200	0
959400	1
959600	1
959800	1
960000	0
960200	0
960400	1
960600	1
960800	0
961000	0
961200	0
961400	1
961600	0
961800	1
962000	0
962200	0
962400	1
962600	1
962800	1
963000	1
963200	1
963400	1
963600	1
963800	1
964000	0
964200	1
964400	0
964600	0
964800	1
965000	0
965200	1
965400	1
965600	1
965800	1
966000	1
966200	0
966400	0
966600	0
966800	1
967000	1
967200	1
967400	0
967600	0
967800	0
968000	1
968200	1
968400	0
968600	1
968800	1
969000	1
969200	0
969400	0
969600	1
969800	1
970000	1
970200	1
970400	0
970600	1
970800	0
971000	1
971200	1
971400	1
971600	0
971800	0
972000	1
972200	1
972400	1
972600	0
972800	0
973000	1
973200	1
973400	0
973600	1
973800	0
974000	0
974200	1
974400	0
974600	1
974800	1
975000	0
975200	1
975400	0
975600	0
975800	1
976000	1
976200	1
976400	0
976600	1
976800	1
977000	1
977200	0
977400	1
977600	1
977800	0
978000	1
978200	0
978400	1
978600	0
978800	0
979000	0
979200	0
979400	0
979600	0
979800	1
980000	1
980200	1
980400	0
980600	0
980800	1
981000	1
981200	1
981400	1
981600	0
981800	0
982000	0
982200	1
982400	1
982600	1
982800	0
983000	0
983200	1
983400	0
983600	1
983800	1
984000	0
984200	0
984400	1
984600	0
984800	0
985000	1
985200	0
985400	1
985600	1
985800	0
986000	0
986200	1
986400	1
986600	0
986800	1
987000	0
987200	1
987400	1
987600	0
987800	0
988000	0
988200	0
988400	1
988600	0
988800	1
989000	0
989200	0
989400	1
989600	0
989800	0
990000	0
990200	0
990400	0
990600	1
990800	0
991000	0
991200	1
991400	1
991600	1
991800	1
992000	1
992200	0
992400	1
992600	0
992800	1
993000	0
993200	1
993400	1
993600	0
993800	1
994000	1
994200	1
994400	1
994600	1
994800	1
995000	1
995200	1
995400	1
995600	1
995800	1
996000	0
996200	0
996400	1
996600	1
996800	0
997000	0
997200	1
997400	1
997600	0
997800	1
998000	1
998200	0
998400	0
998600	1
998800	1
999000	0
999200	1
999400	1
999600	0
999800	1
1000000	0
