Test step	Reward
800	0
1600	0
2400	0
3200	0
4000	0
4800	0
5600	0
6400	0
7200	0
8000	0
8800	0
9600	0
10400	0
11200	0
12000	0
12800	0
13600	0
14400	0
15200	0
16000	0
16800	0
17600	0
18400	0
19200	0
20000	0
20800	0
21600	0
22400	0
23200	0
24000	0
24800	0
25600	0
26400	0
27200	0
28000	0
28800	0
29600	0
30400	0
31200	0
32000	0
32800	0
33600	0
34400	0
35200	0
36000	0
36800	0
37600	0
38400	0
39200	0
40000	0
40800	0
41600	0
42400	0
43200	0
44000	0
44800	0
45600	0
46400	0
47200	0
48000	0
48800	0
49600	0
50400	0
51200	0
52000	0
52800	0
53600	0
54400	0
55200	0
56000	0
56800	0
57600	0
58400	0
59200	0
60000	0
60800	0
61600	0
62400	0
63200	0
64000	0
64800	0
65600	0
66400	0
67200	0
68000	0
68800	0
69600	0
70400	0
71200	0
72000	0
72800	0
73600	0
74400	0
75200	0
76000	0
76800	0
77600	0
78400	0
79200	0
80000	0
80800	0
81600	0
82400	0
83200	0
84000	0
84800	0
85600	0
86400	0
87200	0
88000	0
88800	0
89600	0
90400	0
91200	0
92000	0
92800	0
93600	0
94400	0
95200	0
96000	0
96800	0
97600	0
98400	0
99200	0
100000	0
100800	0
101600	0
102400	0
103200	0
104000	0
104800	0
105600	0
106400	0
107200	0
108000	0
108800	0
109600	0
110400	0
111200	0
112000	0
112800	0
113600	0
114400	0
115200	0
116000	0
116800	0
117600	0
118400	0
119200	0
120000	0
120800	0
121600	0
122400	0
123200	0
124000	0
124800	0
125600	0
126400	0
127200	0
128000	0
128800	0
129600	0
130400	0
131200	0
132000	0
132800	0
133600	0
134400	0
135200	0
136000	0
136800	0
137600	0
138400	0
139200	0
140000	0
140800	0
141600	0
142400	0
143200	0
144000	0
144800	0
145600	0
146400	0
147200	0
148000	0
148800	0
149600	0
150400	0
151200	0
152000	0
152800	0
153600	0
154400	0
155200	0
156000	0
156800	0
157600	0
158400	0
159200	0
160000	0
160800	0
161600	0
162400	0
163200	0
164000	0
164800	0
165600	0
166400	0
167200	0
168000	0
168800	0
169600	0
170400	0
171200	0
172000	0
172800	0
173600	0
174400	0
175200	0
176000	0
176800	0
177600	0
178400	0
179200	0
180000	0
180800	0
181600	0
182400	0
183200	0
184000	0
184800	0
185600	0
186400	0
187200	0
188000	0
188800	0
189600	0
190400	0
191200	0
192000	0
192800	0
193600	0
194400	0
195200	0
196000	0
196800	0
197600	0
198400	0
199200	0
200000	0
200800	0
201600	0
202400	0
203200	0
204000	0
204800	0
205600	0
206400	0
207200	0
208000	0
208800	0
209600	0
210400	0
211200	0
212000	0
212800	0
213600	0
214400	0
215200	0
216000	0
216800	0
217600	0
218400	0
219200	0
220000	0
220800	0
221600	0
222400	0
223200	0
224000	0
224800	0
225600	0
226400	0
227200	0
228000	0
228800	0
229600	0
230400	0
231200	0
232000	0
232800	0
233600	0
234400	0
235200	0
236000	0
236800	0
237600	0
238400	1
239200	0
240000	0
240800	0
241600	0
242400	0
243200	0
244000	0
244800	0
245600	0
246400	0
247200	0
248000	0
248800	0
249600	0
250400	0
251200	0
252000	0
252800	0
253600	0
254400	0
255200	0
256000	0
256800	0
257600	0
258400	0
259200	0
260000	0
260800	0
261600	0
262400	0
263200	0
264000	0
264800	0
265600	0
266400	0
267200	0
268000	0
268800	0
269600	0
270400	0
271200	0
272000	0
272800	0
273600	0
274400	0
275200	0
276000	0
276800	0
277600	0
278400	0
279200	0
280000	0
280800	0
281600	0
282400	0
283200	0
284000	0
284800	0
285600	0
286400	0
287200	0
288000	0
288800	0
289600	0
290400	0
291200	0
292000	0
292800	0
293600	0
294400	0
295200	0
296000	0
296800	0
297600	0
298400	0
299200	0
300000	0
300800	0
301600	0
302400	0
303200	0
304000	0
304800	0
305600	0
306400	0
307200	0
308000	0
308800	0
309600	0
310400	0
311200	0
312000	0
312800	0
313600	0
314400	0
315200	0
316000	0
316800	0
317600	0
318400	0
319200	0
320000	0
320800	0
321600	0
322400	0
323200	0
324000	0
324800	0
325600	0
326400	0
327200	0
328000	0
328800	0
329600	0
330400	0
331200	0
332000	0
332800	0
333600	0
334400	0
335200	0
336000	0
336800	0
337600	0
338400	0
339200	0
340000	0
340800	0
341600	0
342400	0
343200	0
344000	0
344800	0
345600	0
346400	0
347200	0
348000	0
348800	0
349600	0
350400	0
351200	0
352000	0
352800	0
353600	0
354400	0
355200	0
356000	0
356800	0
357600	0
358400	0
359200	0
360000	0
360800	0
361600	0
362400	0
363200	0
364000	0
364800	0
365600	0
366400	0
367200	0
368000	0
368800	0
369600	0
370400	0
371200	0
372000	0
372800	0
373600	0
374400	0
375200	0
376000	0
376800	0
377600	0
378400	0
379200	0
380000	0
380800	0
381600	0
382400	0
383200	0
384000	0
384800	0
385600	0
386400	0
387200	0
388000	1
388800	0
389600	0
390400	0
391200	0
392000	0
392800	0
393600	0
394400	0
395200	0
396000	0
396800	0
397600	0
398400	0
399200	0
400000	0
400800	0
401600	0
402400	0
403200	0
404000	0
404800	0
405600	0
406400	0
407200	0
408000	0
408800	0
409600	0
410400	0
411200	0
412000	0
412800	0
413600	0
414400	0
415200	0
416000	0
416800	0
417600	0
418400	0
419200	0
420000	0
420800	0
421600	0
422400	0
423200	0
424000	0
424800	0
425600	0
426400	0
427200	0
428000	0
428800	0
429600	0
430400	0
431200	0
432000	0
432800	0
433600	0
434400	0
435200	0
436000	0
436800	0
437600	0
438400	0
439200	0
440000	0
440800	0
441600	0
442400	0
443200	0
444000	0
444800	0
445600	0
446400	1
447200	0
448000	0
448800	0
449600	0
450400	0
451200	0
452000	0
452800	0
453600	0
454400	0
455200	0
456000	0
456800	0
457600	0
458400	0
459200	0
460000	0
460800	0
461600	0
462400	0
463200	0
464000	0
464800	0
465600	0
466400	0
467200	0
468000	0
468800	0
469600	0
470400	0
471200	0
472000	0
472800	0
473600	0
474400	0
475200	0
476000	0
476800	0
477600	0
478400	0
479200	1
480000	0
480800	0
481600	1
482400	0
483200	0
484000	0
484800	0
485600	0
486400	0
487200	0
488000	0
488800	0
489600	0
490400	0
491200	0
492000	0
492800	0
493600	0
494400	0
495200	0
496000	0
496800	0
497600	0
498400	0
499200	0
500000	0
500800	0
501600	0
502400	0
503200	0
504000	0
504800	0
505600	0
506400	0
507200	0
508000	0
508800	0
509600	0
510400	1
511200	0
512000	1
512800	0
513600	0
514400	0
515200	1
516000	0
516800	0
517600	0
518400	0
519200	0
520000	0
520800	0
521600	0
522400	1
523200	1
524000	0
524800	1
525600	1
526400	1
527200	1
528000	1
528800	0
529600	0
530400	0
531200	0
532000	0
532800	1
533600	0
534400	0
535200	1
536000	1
536800	0
537600	1
538400	1
539200	0
540000	1
540800	1
541600	0
542400	0
543200	0
544000	0
544800	0
545600	0
546400	1
547200	1
548000	0
548800	1
549600	0
550400	1
551200	0
552000	1
552800	0
553600	0
554400	1
555200	1
556000	1
556800	1
557600	1
558400	1
559200	0
560000	1
560800	1
561600	1
562400	1
563200	1
564000	1
564800	0
565600	1
566400	1
567200	0
568000	1
568800	1
569600	1
570400	1
571200	1
572000	1
572800	1
573600	1
574400	1
575200	1
576000	1
576800	0
577600	1
578400	1
579200	0
580000	1
580800	1
581600	1
582400	1
583200	1
584000	1
584800	1
585600	1
586400	1
587200	1
588000	1
588800	1
589600	1
590400	1
591200	1
592000	0
592800	1
593600	1
594400	1
595200	1
596000	0
596800	1
597600	1
598400	1
599200	1
600000	1
600800	1
601600	1
602400	1
603200	1
604000	0
604800	1
605600	0
606400	0
607200	1
608000	1
608800	1
609600	1
610400	1
611200	1
612000	1
612800	1
613600	1
614400	1
615200	0
616000	1
616800	1
617600	1
618400	1
619200	0
620000	1
620800	1
621600	1
622400	1
623200	1
624000	1
624800	1
625600	1
626400	0
627200	1
628000	1
628800	1
629600	1
630400	1
631200	1
632000	1
632800	1
633600	1
634400	1
635200	1
636000	1
636800	1
637600	1
638400	1
639200	1
640000	1
640800	1
641600	1
642400	1
643200	1
644000	1
644800	1
645600	1
646400	1
647200	1
648000	1
648800	1
649600	1
650400	1
651200	1
652000	1
652800	1
653600	1
654400	1
655200	1
656000	1
656800	1
657600	1
658400	0
659200	1
660000	1
660800	0
661600	1
662400	1
663200	1
664000	1
664800	1
665600	1
666400	1
667200	1
668000	1
668800	1
669600	1
670400	1
671200	1
672000	1
672800	1
673600	1
674400	1
675200	1
676000	1
676800	1
677600	1
678400	0
679200	1
680000	1
680800	1
681600	1
682400	1
683200	1
684000	1
684800	0
685600	1
686400	1
687200	1
688000	1
688800	1
689600	1
690400	1
691200	1
692000	1
692800	1
693600	1
694400	1
695200	1
696000	1
696800	1
697600	1
698400	1
699200	1
700000	1
700800	1
701600	1
702400	1
703200	0
704000	1
704800	1
705600	1
706400	1
707200	1
708000	1
708800	1
709600	1
710400	1
711200	1
712000	1
712800	1
713600	1
714400	1
715200	1
716000	1
716800	1
717600	1
718400	1
719200	1
720000	1
720800	1
721600	1
722400	1
723200	1
724000	1
724800	1
725600	1
726400	0
727200	1
728000	1
728800	1
729600	1
730400	1
731200	0
732000	1
732800	1
733600	1
734400	1
735200	1
736000	1
736800	1
737600	1
738400	1
739200	1
740000	1
740800	1
741600	1
742400	0
743200	1
744000	1
744800	1
745600	1
746400	1
747200	1
748000	1
748800	1
749600	1
750400	1
751200	1
752000	1
752800	1
753600	1
754400	1
755200	1
756000	1
756800	1
757600	1
758400	1
759200	1
760000	1
760800	1
761600	1
762400	1
763200	1
764000	1
764800	1
765600	1
766400	1
767200	1
768000	0
768800	0
769600	1
770400	1
771200	1
772000	1
772800	1
773600	1
774400	1
775200	1
776000	0
776800	1
777600	0
778400	0
779200	0
780000	1
780800	1
781600	1
782400	1
783200	0
784000	1
784800	1
785600	1
786400	1
787200	1
788000	1
788800	1
789600	1
790400	1
791200	1
792000	0
792800	1
793600	1
794400	1
795200	1
796000	1
796800	0
797600	1
798400	1
799200	1
800000	1
800800	1
801600	1
802400	1
803200	1
804000	1
804800	1
805600	1
806400	1
807200	1
808000	1
808800	1
809600	1
810400	0
811200	0
812000	1
812800	0
813600	1
814400	1
815200	1
816000	1
816800	1
817600	0
818400	1
819200	0
820000	1
820800	0
821600	1
822400	1
823200	1
824000	1
824800	0
825600	1
826400	1
827200	1
828000	1
828800	1
829600	1
830400	1
831200	1
832000	1
832800	1
833600	1
834400	1
835200	1
836000	1
836800	1
837600	1
838400	1
839200	1
840000	1
840800	1
841600	1
842400	1
843200	1
844000	1
844800	1
845600	1
846400	1
847200	1
848000	1
848800	1
849600	1
850400	1
851200	0
852000	1
852800	1
853600	1
854400	1
855200	0
856000	0
856800	1
857600	0
858400	1
859200	1
860000	0
860800	1
861600	0
862400	1
863200	0
864000	1
864800	0
865600	0
866400	0
867200	1
868000	1
868800	1
869600	1
870400	1
871200	1
872000	1
872800	1
873600	1
874400	1
875200	1
876000	1
876800	1
877600	1
878400	1
879200	1
880000	1
880800	0
881600	1
882400	1
883200	1
884000	1
884800	1
885600	1
886400	1
887200	1
888000	1
888800	1
889600	1
890400	1
891200	1
892000	1
892800	0
893600	1
894400	1
895200	1
896000	1
896800	1
897600	1
898400	1
899200	1
900000	1
900800	0
901600	1
902400	0
903200	1
904000	1
904800	1
905600	1
906400	1
907200	1
908000	1
908800	1
909600	1
910400	1
911200	1
912000	1
912800	1
913600	1
914400	1
915200	1
916000	1
916800	1
917600	1
918400	1
919200	1
920000	1
920800	1
921600	1
922400	1
923200	1
924000	1
924800	1
925600	1
926400	1
927200	1
928000	1
928800	1
929600	0
930400	1
931200	1
932000	1
932800	1
933600	1
934400	1
935200	1
936000	0
936800	0
937600	1
938400	1
939200	1
940000	1
940800	1
941600	1
942400	1
943200	1
944000	1
944800	1
945600	1
946400	1
947200	1
948000	1
948800	1
949600	1
950400	1
951200	1
952000	1
952800	1
953600	0
954400	0
955200	1
956000	1
956800	1
957600	1
958400	1
959200	1
960000	0
960800	1
961600	0
962400	0
963200	1
964000	1
964800	1
965600	1
966400	1
967200	1
968000	0
968800	1
969600	1
970400	1
971200	1
972000	0
972800	0
973600	1
974400	1
975200	1
976000	1
976800	1
977600	1
978400	0
979200	0
980000	0
980800	1
981600	1
982400	1
983200	1
984000	1
984800	0
985600	0
986400	1
987200	1
988000	0
988800	0
989600	1
990400	0
991200	0
992000	0
992800	0
993600	1
994400	0
995200	1
996000	1
996800	0
997600	0
998400	0
999200	0
1000000	0
1000800	0
1001600	0
1002400	0
1003200	0
1004000	0
1004800	1
1005600	0
1006400	0
1007200	0
1008000	0
1008800	0
1009600	0
1010400	0
1011200	0
1012000	0
1012800	0
1013600	0
1014400	0
1015200	0
1016000	0
1016800	0
1017600	0
1018400	0
1019200	0
1020000	1
1020800	0
1021600	0
1022400	0
1023200	0
1024000	1
1024800	0
1025600	0
1026400	0
1027200	1
1028000	0
1028800	0
1029600	0
1030400	0
1031200	1
1032000	0
1032800	0
1033600	0
1034400	0
1035200	0
1036000	0
1036800	0
1037600	1
1038400	0
1039200	1
1040000	0
1040800	0
1041600	0
1042400	0
1043200	0
1044000	0
1044800	0
1045600	0
1046400	0
1047200	1
1048000	1
1048800	1
1049600	1
1050400	1
1051200	1
1052000	0
1052800	0
1053600	1
1054400	1
1055200	0
1056000	1
1056800	0
1057600	1
1058400	1
1059200	1
1060000	0
1060800	1
1061600	1
1062400	1
1063200	1
1064000	1
1064800	1
1065600	1
1066400	0
1067200	0
1068000	0
1068800	1
1069600	1
1070400	0
1071200	1
1072000	1
1072800	1
1073600	1
1074400	1
1075200	1
1076000	1
1076800	1
1077600	0
1078400	1
1079200	0
1080000	0
1080800	0
1081600	1
1082400	1
1083200	1
1084000	1
1084800	1
1085600	1
1086400	1
1087200	1
1088000	1
1088800	1
1089600	1
1090400	1
1091200	1
1092000	1
1092800	1
1093600	0
1094400	1
1095200	1
1096000	1
1096800	1
1097600	1
1098400	1
1099200	1
1100000	1
1100800	1
1101600	1
1102400	1
1103200	1
1104000	1
1104800	1
1105600	1
1106400	1
1107200	1
1108000	1
1108800	1
1109600	1
1110400	1
1111200	1
1112000	1
1112800	1
1113600	1
1114400	1
1115200	1
1116000	1
1116800	0
1117600	1
1118400	1
1119200	1
1120000	1
1120800	1
1121600	1
1122400	1
1123200	1
1124000	1
1124800	1
1125600	1
1126400	1
1127200	1
1128000	1
1128800	1
1129600	1
1130400	1
1131200	1
1132000	1
1132800	1
1133600	1
1134400	1
1135200	1
1136000	1
1136800	0
1137600	1
1138400	1
1139200	1
1140000	1
1140800	1
1141600	1
1142400	1
1143200	1
1144000	1
1144800	1
1145600	1
1146400	1
1147200	1
1148000	1
1148800	0
1149600	0
1150400	1
1151200	0
1152000	1
1152800	1
1153600	0
1154400	1
1155200	1
1156000	1
1156800	1
1157600	1
1158400	1
1159200	1
1160000	1
1160800	1
1161600	1
1162400	1
1163200	1
1164000	1
1164800	1
1165600	0
1166400	1
1167200	1
1168000	1
1168800	1
1169600	0
1170400	0
1171200	1
1172000	1
1172800	0
1173600	1
1174400	1
1175200	1
1176000	1
1176800	1
1177600	1
1178400	1
1179200	1
1180000	0
1180800	1
1181600	0
1182400	0
1183200	0
1184000	0
1184800	1
1185600	1
1186400	0
1187200	0
1188000	0
1188800	0
1189600	0
1190400	0
1191200	0
1192000	0
1192800	1
1193600	1
1194400	0
1195200	0
1196000	0
1196800	1
1197600	0
1198400	1
1199200	0
1200000	1
1200800	0
1201600	0
1202400	0
1203200	0
1204000	1
1204800	1
1205600	0
1206400	0
1207200	1
1208000	0
1208800	0
1209600	0
1210400	0
1211200	1
1212000	1
1212800	1
1213600	1
1214400	0
1215200	1
1216000	1
1216800	0
1217600	0
1218400	1
1219200	1
1220000	1
1220800	1
1221600	0
1222400	1
1223200	0
1224000	1
1224800	1
1225600	1
1226400	0
1227200	0
1228000	1
1228800	1
1229600	1
1230400	1
1231200	0
1232000	1
1232800	0
1233600	0
1234400	0
1235200	0
1236000	0
1236800	0
1237600	0
1238400	0
1239200	0
1240000	0
1240800	1
1241600	1
1242400	0
1243200	0
1244000	0
1244800	1
1245600	1
1246400	1
1247200	0
1248000	1
1248800	1
1249600	1
1250400	1
1251200	0
1252000	1
1252800	0
1253600	0
1254400	1
1255200	0
1256000	0
1256800	1
1257600	1
1258400	1
1259200	1
1260000	0
1260800	1
1261600	0
1262400	1
1263200	1
1264000	0
1264800	0
1265600	1
1266400	0
1267200	0
1268000	1
1268800	0
1269600	0
1270400	1
1271200	1
1272000	1
1272800	1
1273600	1
1274400	1
1275200	0
1276000	1
1276800	1
1277600	1
1278400	1
1279200	0
1280000	0
1280800	0
1281600	1
1282400	1
1283200	1
1284000	1
1284800	1
1285600	1
1286400	0
1287200	0
1288000	1
1288800	1
1289600	1
1290400	1
1291200	1
1292000	1
1292800	1
1293600	1
1294400	0
1295200	1
1296000	1
1296800	1
1297600	0
1298400	1
1299200	0
1300000	1
1300800	1
1301600	1
1302400	1
1303200	1
1304000	1
1304800	0
1305600	1
1306400	1
1307200	1
1308000	1
1308800	1
1309600	0
1310400	1
1311200	1
1312000	1
1312800	1
1313600	1
1314400	1
1315200	1
1316000	0
1316800	1
1317600	1
1318400	1
1319200	1
1320000	1
1320800	1
1321600	0
1322400	1
1323200	1
1324000	0
1324800	1
1325600	1
1326400	0
1327200	1
1328000	1
1328800	1
1329600	1
1330400	1
1331200	1
1332000	0
1332800	1
1333600	0
1334400	1
1335200	1
1336000	0
1336800	1
1337600	1
1338400	0
1339200	0
1340000	0
1340800	1
1341600	1
1342400	1
1343200	1
1344000	1
1344800	1
1345600	1
1346400	1
1347200	1
1348000	0
1348800	1
1349600	1
1350400	1
1351200	0
1352000	0
1352800	0
1353600	1
1354400	1
1355200	1
1356000	0
1356800	1
1357600	1
1358400	1
1359200	0
1360000	0
1360800	0
1361600	0
1362400	0
1363200	1
1364000	1
1364800	0
1365600	1
1366400	1
1367200	0
1368000	0
1368800	0
1369600	1
1370400	1
1371200	0
1372000	0
1372800	1
1373600	1
1374400	1
1375200	1
1376000	0
1376800	1
1377600	0
1378400	0
1379200	1
1380000	1
1380800	0
1381600	0
1382400	0
1383200	0
1384000	1
1384800	0
1385600	0
1386400	1
1387200	1
1388000	0
1388800	0
1389600	0
1390400	1
1391200	1
1392000	1
1392800	1
1393600	0
1394400	1
1395200	1
1396000	1
1396800	0
1397600	0
1398400	0
1399200	0
1400000	0
1400800	1
1401600	0
1402400	0
1403200	0
1404000	0
1404800	1
1405600	0
1406400	0
1407200	0
1408000	0
1408800	1
1409600	0
1410400	1
1411200	0
1412000	1
1412800	0
1413600	0
1414400	0
1415200	0
1416000	0
1416800	0
1417600	0
1418400	0
1419200	0
1420000	1
1420800	1
1421600	0
1422400	1
1423200	1
1424000	0
1424800	0
1425600	0
1426400	1
1427200	0
1428000	0
1428800	0
1429600	0
1430400	0
1431200	0
1432000	0
1432800	0
1433600	0
1434400	0
1435200	0
1436000	0
1436800	1
1437600	1
1438400	0
1439200	0
1440000	0
1440800	0
1441600	1
1442400	0
1443200	0
1444000	0
1444800	0
1445600	0
1446400	1
1447200	0
1448000	0
1448800	0
1449600	0
1450400	0
1451200	0
1452000	1
1452800	0
1453600	0
1454400	1
1455200	0
1456000	0
1456800	0
1457600	0
1458400	1
1459200	0
1460000	1
1460800	1
1461600	0
1462400	0
1463200	0
1464000	0
1464800	0
1465600	0
1466400	0
1467200	0
1468000	0
1468800	0
1469600	0
1470400	1
1471200	0
1472000	1
1472800	1
1473600	1
1474400	0
1475200	0
1476000	0
1476800	0
1477600	0
1478400	1
1479200	1
1480000	1
1480800	0
1481600	0
1482400	0
1483200	1
1484000	1
1484800	1
1485600	1
1486400	1
1487200	0
1488000	1
1488800	0
1489600	0
1490400	0
1491200	0
1492000	0
1492800	1
1493600	0
1494400	0
1495200	1
1496000	1
1496800	1
1497600	1
1498400	0
1499200	0
1500000	1
1500800	1
1501600	0
1502400	1
1503200	1
1504000	1
1504800	1
1505600	1
1506400	1
1507200	1
1508000	1
1508800	1
1509600	0
1510400	1
1511200	1
1512000	1
1512800	0
1513600	1
1514400	1
1515200	1
1516000	1
1516800	0
1517600	0
1518400	1
1519200	1
1520000	1
1520800	1
1521600	1
1522400	1
1523200	0
1524000	0
1524800	0
1525600	1
1526400	1
1527200	1
1528000	1
1528800	0
1529600	1
1530400	1
1531200	1
1532000	1
1532800	1
1533600	1
1534400	1
1535200	1
1536000	1
1536800	1
1537600	1
1538400	1
1539200	1
1540000	1
1540800	1
1541600	1
1542400	1
1543200	1
1544000	1
1544800	1
1545600	1
1546400	1
1547200	1
1548000	1
1548800	1
1549600	1
1550400	1
1551200	1
1552000	1
1552800	1
1553600	1
1554400	1
1555200	1
1556000	1
1556800	1
1557600	0
1558400	1
1559200	0
1560000	1
1560800	1
1561600	1
1562400	1
1563200	1
1564000	1
1564800	0
1565600	1
1566400	1
1567200	1
1568000	1
1568800	1
1569600	1
1570400	1
1571200	1
1572000	1
1572800	1
1573600	1
1574400	1
1575200	1
1576000	0
1576800	1
1577600	1
1578400	1
1579200	1
1580000	1
1580800	1
1581600	1
1582400	1
1583200	1
1584000	1
1584800	1
1585600	1
1586400	1
1587200	1
1588000	1
1588800	1
1589600	1
1590400	0
1591200	1
1592000	0
1592800	1
1593600	1
1594400	0
1595200	1
1596000	1
1596800	1
1597600	0
1598400	1
1599200	1
1600000	1
1600800	0
1601600	1
1602400	0
1603200	0
1604000	1
1604800	1
1605600	1
1606400	1
1607200	1
1608000	1
1608800	1
1609600	0
1610400	0
1611200	1
1612000	1
1612800	1
1613600	1
1614400	1
1615200	0
1616000	1
1616800	1
1617600	1
1618400	0
1619200	0
1620000	0
1620800	0
1621600	0
1622400	1
1623200	0
1624000	1
1624800	1
1625600	1
1626400	0
1627200	0
1628000	0
1628800	0
1629600	0
1630400	0
1631200	1
1632000	0
1632800	0
1633600	0
1634400	1
1635200	0
1636000	1
1636800	0
1637600	1
1638400	0
1639200	0
1640000	0
1640800	0
1641600	0
1642400	0
1643200	0
1644000	0
1644800	0
1645600	0
1646400	0
1647200	0
1648000	0
1648800	0
1649600	0
1650400	0
1651200	0
1652000	0
1652800	0
1653600	0
1654400	1
1655200	0
1656000	0
1656800	0
1657600	0
1658400	0
1659200	0
1660000	0
1660800	0
1661600	0
1662400	0
1663200	1
1664000	0
1664800	0
1665600	0
1666400	0
1667200	0
1668000	1
1668800	0
1669600	0
1670400	0
1671200	1
1672000	0
1672800	0
1673600	0
1674400	0
1675200	1
1676000	1
1676800	0
1677600	0
1678400	0
1679200	0
1680000	0
1680800	0
1681600	0
1682400	0
1683200	0
1684000	0
1684800	0
1685600	0
1686400	0
1687200	0
1688000	1
1688800	0
1689600	0
1690400	0
1691200	0
1692000	0
1692800	0
1693600	0
1694400	0
1695200	0
1696000	0
1696800	0
1697600	1
1698400	0
1699200	0
1700000	0
1700800	0
1701600	1
1702400	1
1703200	1
1704000	1
1704800	1
1705600	1
1706400	1
1707200	1
1708000	1
1708800	0
1709600	1
1710400	1
1711200	1
1712000	0
1712800	0
1713600	0
1714400	1
1715200	1
1716000	1
1716800	1
1717600	1
1718400	0
1719200	0
1720000	0
1720800	1
1721600	0
1722400	0
1723200	1
1724000	1
1724800	1
1725600	0
1726400	0
1727200	0
1728000	0
1728800	1
1729600	1
1730400	0
1731200	1
1732000	1
1732800	1
1733600	0
1734400	0
1735200	1
1736000	0
1736800	1
1737600	1
1738400	0
1739200	1
1740000	0
1740800	0
1741600	0
1742400	0
1743200	0
1744000	1
1744800	1
1745600	1
1746400	1
1747200	0
1748000	0
1748800	1
1749600	1
1750400	1
1751200	1
1752000	0
1752800	0
1753600	0
1754400	0
1755200	1
1756000	0
1756800	1
1757600	0
1758400	1
1759200	0
1760000	1
1760800	1
1761600	1
1762400	0
1763200	0
1764000	1
1764800	0
1765600	0
1766400	1
1767200	0
1768000	0
1768800	1
1769600	1
1770400	1
1771200	1
1772000	1
1772800	0
1773600	0
1774400	1
1775200	1
1776000	1
1776800	1
1777600	0
1778400	1
1779200	0
1780000	0
1780800	1
1781600	1
1782400	1
1783200	1
1784000	0
1784800	1
1785600	0
1786400	1
1787200	1
1788000	0
1788800	0
1789600	1
1790400	1
1791200	1
1792000	1
1792800	1
1793600	1
1794400	1
1795200	0
1796000	0
1796800	1
1797600	0
1798400	1
1799200	1
1800000	0
1800800	1
1801600	1
1802400	1
1803200	0
1804000	0
1804800	1
1805600	1
1806400	1
1807200	1
1808000	0
1808800	0
1809600	1
1810400	1
1811200	1
1812000	0
1812800	1
1813600	1
1814400	1
1815200	1
1816000	1
1816800	1
1817600	0
1818400	1
1819200	0
1820000	1
1820800	1
1821600	1
1822400	1
1823200	1
1824000	1
1824800	1
1825600	1
1826400	1
1827200	1
1828000	1
1828800	0
1829600	0
1830400	0
1831200	1
1832000	1
1832800	0
1833600	0
1834400	1
1835200	0
1836000	0
1836800	1
1837600	1
1838400	0
1839200	1
1840000	1
1840800	1
1841600	0
1842400	1
1843200	1
1844000	1
1844800	1
1845600	1
1846400	1
1847200	0
1848000	0
1848800	0
1849600	0
1850400	0
1851200	0
1852000	0
1852800	1
1853600	0
1854400	1
1855200	1
1856000	1
1856800	1
1857600	0
1858400	0
1859200	0
1860000	0
1860800	0
1861600	0
1862400	0
1863200	0
1864000	1
1864800	0
1865600	0
1866400	1
1867200	0
1868000	0
1868800	0
1869600	1
1870400	0
1871200	0
1872000	0
1872800	1
1873600	1
1874400	0
1875200	1
1876000	1
1876800	1
1877600	1
1878400	1
1879200	1
1880000	1
1880800	1
1881600	1
1882400	1
1883200	1
1884000	1
1884800	1
1885600	0
1886400	1
1887200	1
1888000	1
1888800	1
1889600	0
1890400	1
1891200	1
1892000	1
1892800	1
1893600	1
1894400	0
1895200	0
1896000	0
1896800	0
1897600	0
1898400	0
1899200	0
1900000	1
1900800	1
1901600	0
1902400	0
1903200	1
1904000	0
1904800	0
1905600	0
1906400	0
1907200	0
1908000	0
1908800	0
1909600	0
1910400	1
1911200	0
1912000	0
1912800	0
1913600	0
1914400	1
1915200	1
1916000	1
1916800	0
1917600	0
1918400	0
1919200	0
1920000	0
1920800	0
1921600	0
1922400	1
1923200	0
1924000	0
1924800	0
1925600	1
1926400	0
1927200	0
1928000	1
1928800	0
1929600	0
1930400	0
1931200	0
1932000	0
1932800	0
1933600	0
1934400	0
1935200	0
1936000	0
1936800	0
1937600	0
1938400	0
1939200	0
1940000	0
1940800	0
1941600	0
1942400	0
1943200	1
1944000	0
1944800	1
1945600	1
1946400	0
1947200	0
1948000	0
1948800	0
1949600	0
1950400	0
1951200	0
1952000	1
1952800	0
1953600	0
1954400	0
1955200	1
1956000	0
1956800	0
1957600	0
1958400	0
1959200	1
1960000	1
1960800	1
1961600	0
1962400	1
1963200	0
1964000	0
1964800	1
1965600	0
1966400	0
1967200	0
1968000	1
1968800	1
1969600	1
1970400	0
1971200	0
1972000	0
1972800	0
1973600	0
1974400	0
1975200	0
1976000	1
1976800	1
1977600	1
1978400	0
1979200	1
1980000	0
1980800	0
1981600	0
1982400	1
1983200	0
1984000	0
1984800	1
1985600	1
1986400	1
1987200	0
1988000	0
1988800	1
1989600	1
1990400	1
1991200	0
1992000	1
1992800	0
1993600	0
1994400	1
1995200	1
1996000	0
1996800	1
1997600	1
1998400	0
1999200	1
2000000	1
2000800	1
2001600	1
2002400	1
2003200	1
2004000	1
2004800	0
2005600	1
2006400	1
2007200	1
2008000	0
2008800	1
2009600	1
2010400	1
2011200	1
2012000	1
2012800	1
2013600	0
2014400	0
2015200	0
2016000	0
2016800	1
2017600	1
2018400	0
2019200	1
2020000	1
2020800	1
2021600	1
2022400	1
2023200	1
2024000	1
2024800	1
2025600	1
2026400	1
2027200	0
2028000	0
2028800	0
2029600	1
2030400	1
2031200	1
2032000	1
2032800	1
2033600	1
2034400	1
2035200	1
2036000	1
2036800	0
2037600	1
2038400	1
2039200	1
2040000	0
2040800	1
2041600	1
2042400	1
2043200	1
2044000	0
2044800	1
2045600	0
2046400	1
2047200	1
2048000	1
2048800	1
2049600	0
2050400	0
2051200	1
2052000	1
2052800	1
2053600	1
2054400	1
2055200	1
2056000	1
2056800	1
2057600	1
2058400	1
2059200	1
2060000	1
2060800	1
2061600	0
2062400	1
2063200	1
2064000	0
2064800	0
2065600	0
2066400	1
2067200	1
2068000	0
2068800	1
2069600	0
2070400	0
2071200	1
2072000	1
2072800	0
2073600	0
2074400	0
2075200	1
2076000	1
2076800	0
2077600	0
2078400	0
2079200	0
2080000	0
2080800	1
2081600	0
2082400	0
2083200	1
2084000	1
2084800	0
2085600	1
2086400	1
2087200	0
2088000	0
2088800	1
2089600	1
2090400	0
2091200	0
2092000	0
2092800	0
2093600	1
2094400	0
2095200	0
2096000	0
2096800	0
2097600	0
2098400	0
2099200	1
2100000	1
2100800	0
2101600	1
2102400	0
2103200	0
2104000	0
2104800	0
2105600	1
2106400	0
2107200	0
2108000	0
2108800	1
2109600	0
2110400	0
2111200	1
2112000	0
2112800	0
2113600	0
2114400	0
2115200	0
2116000	0
2116800	0
2117600	0
2118400	0
2119200	0
2120000	1
2120800	0
2121600	0
2122400	0
2123200	0
2124000	0
2124800	0
2125600	0
2126400	0
2127200	0
2128000	0
2128800	0
2129600	0
2130400	0
2131200	0
2132000	0
2132800	0
2133600	0
2134400	1
2135200	1
2136000	0
2136800	0
2137600	0
2138400	0
2139200	0
2140000	0
2140800	0
2141600	0
2142400	0
2143200	0
2144000	0
2144800	0
2145600	0
2146400	0
2147200	1
2148000	0
2148800	0
2149600	0
2150400	0
2151200	0
2152000	1
2152800	1
2153600	1
2154400	0
2155200	0
2156000	0
2156800	0
2157600	0
2158400	0
2159200	0
2160000	0
2160800	0
2161600	0
2162400	0
2163200	0
2164000	0
2164800	0
2165600	1
2166400	0
2167200	0
2168000	0
2168800	0
2169600	1
2170400	0
2171200	0
2172000	0
2172800	0
2173600	0
2174400	0
2175200	0
2176000	0
2176800	0
2177600	0
2178400	0
2179200	0
2180000	1
2180800	0
2181600	0
2182400	0
2183200	0
2184000	1
2184800	0
2185600	0
2186400	0
2187200	0
2188000	1
2188800	1
2189600	1
2190400	0
2191200	0
2192000	1
2192800	1
2193600	0
2194400	0
2195200	0
2196000	0
2196800	0
2197600	0
2198400	0
2199200	0
2200000	0
2200800	1
2201600	0
2202400	1
2203200	1
2204000	1
2204800	0
2205600	1
2206400	1
2207200	1
2208000	1
2208800	1
2209600	1
2210400	1
2211200	1
2212000	1
2212800	1
2213600	0
2214400	0
2215200	0
2216000	0
2216800	0
2217600	1
2218400	1
2219200	0
2220000	0
2220800	1
2221600	0
2222400	1
2223200	1
2224000	1
2224800	1
2225600	1
2226400	1
2227200	1
2228000	1
2228800	1
2229600	1
2230400	0
2231200	1
2232000	1
2232800	1
2233600	1
2234400	1
2235200	1
2236000	1
2236800	1
2237600	1
2238400	1
2239200	1
2240000	1
2240800	1
2241600	1
2242400	1
2243200	1
2244000	0
2244800	0
2245600	1
2246400	1
2247200	1
2248000	1
2248800	1
2249600	1
2250400	1
2251200	1
2252000	1
2252800	1
2253600	1
2254400	1
2255200	1
2256000	1
2256800	0
2257600	0
2258400	1
2259200	1
2260000	1
2260800	1
2261600	1
2262400	0
2263200	0
2264000	1
2264800	1
2265600	0
2266400	1
2267200	1
2268000	1
2268800	0
2269600	1
2270400	1
2271200	1
2272000	1
2272800	0
2273600	0
2274400	1
2275200	1
2276000	0
2276800	1
2277600	1
2278400	1
2279200	0
2280000	0
2280800	1
2281600	0
2282400	1
2283200	1
2284000	1
2284800	1
2285600	1
2286400	1
2287200	1
2288000	1
2288800	1
2289600	1
2290400	1
2291200	1
2292000	1
2292800	1
2293600	1
2294400	1
2295200	1
2296000	1
2296800	1
2297600	1
2298400	1
2299200	1
2300000	0
2300800	0
2301600	0
2302400	0
2303200	1
2304000	1
2304800	1
2305600	1
2306400	1
2307200	1
2308000	0
2308800	1
2309600	1
2310400	1
2311200	0
2312000	1
2312800	1
2313600	0
2314400	1
2315200	0
2316000	0
2316800	1
2317600	0
2318400	0
2319200	0
2320000	1
2320800	0
2321600	0
2322400	0
2323200	0
2324000	0
2324800	1
2325600	0
2326400	1
2327200	1
2328000	0
2328800	0
2329600	0
2330400	0
2331200	1
2332000	1
2332800	1
2333600	0
2334400	0
2335200	0
2336000	0
2336800	0
2337600	0
2338400	0
2339200	0
2340000	0
2340800	0
2341600	0
2342400	0
2343200	1
2344000	1
2344800	1
2345600	1
2346400	0
2347200	0
2348000	0
2348800	1
2349600	1
2350400	0
2351200	0
2352000	1
2352800	0
2353600	1
2354400	1
2355200	1
2356000	0
2356800	1
2357600	1
2358400	1
2359200	0
2360000	0
2360800	0
2361600	0
2362400	0
2363200	1
2364000	1
2364800	0
2365600	1
2366400	1
2367200	0
2368000	0
2368800	1
2369600	0
2370400	0
2371200	0
2372000	0
2372800	1
2373600	1
2374400	1
2375200	0
2376000	0
2376800	1
2377600	0
2378400	0
2379200	0
2380000	0
2380800	0
2381600	0
2382400	1
2383200	0
2384000	0
2384800	0
2385600	0
2386400	0
2387200	0
2388000	0
2388800	0
2389600	0
2390400	0
2391200	0
2392000	1
2392800	0
2393600	1
2394400	1
2395200	1
2396000	1
2396800	0
2397600	0
2398400	0
2399200	0
2400000	1
2400800	1
2401600	1
2402400	1
2403200	0
2404000	0
2404800	1
2405600	0
2406400	0
2407200	0
2408000	1
2408800	0
2409600	1
2410400	1
2411200	1
2412000	1
2412800	0
2413600	0
2414400	0
2415200	0
2416000	0
2416800	0
2417600	1
2418400	1
2419200	0
2420000	0
2420800	0
2421600	1
2422400	1
2423200	1
2424000	1
2424800	1
2425600	0
2426400	0
2427200	0
2428000	0
2428800	1
2429600	1
2430400	1
2431200	1
2432000	1
2432800	1
2433600	1
2434400	0
2435200	0
2436000	0
2436800	1
2437600	1
2438400	1
2439200	1
2440000	0
2440800	0
2441600	1
2442400	1
2443200	1
2444000	1
2444800	1
2445600	1
2446400	1
2447200	1
2448000	1
2448800	1
2449600	0
2450400	0
2451200	0
2452000	0
2452800	0
2453600	1
2454400	1
2455200	1
2456000	1
2456800	1
2457600	1
2458400	0
2459200	0
2460000	0
2460800	0
2461600	1
2462400	0
2463200	1
2464000	0
2464800	0
2465600	0
2466400	0
2467200	0
2468000	0
2468800	0
2469600	0
2470400	1
2471200	0
2472000	0
2472800	0
2473600	1
2474400	1
2475200	0
2476000	0
2476800	1
2477600	0
2478400	0
2479200	0
2480000	0
2480800	0
2481600	0
2482400	1
2483200	1
2484000	1
2484800	0
2485600	0
2486400	0
2487200	1
2488000	1
2488800	0
2489600	0
2490400	0
2491200	0
2492000	0
2492800	1
2493600	1
2494400	0
2495200	0
2496000	0
2496800	1
2497600	1
2498400	0
2499200	0
2500000	0
2500800	0
2501600	1
2502400	1
2503200	1
2504000	1
2504800	0
2505600	0
2506400	0
2507200	0
2508000	0
2508800	0
2509600	1
2510400	0
2511200	1
2512000	0
2512800	0
2513600	1
2514400	0
2515200	0
2516000	1
2516800	1
2517600	1
2518400	0
2519200	1
2520000	1
2520800	1
2521600	0
2522400	1
2523200	0
2524000	0
2524800	0
2525600	0
2526400	0
2527200	0
2528000	0
2528800	1
2529600	0
2530400	1
2531200	0
2532000	1
2532800	0
2533600	0
2534400	0
2535200	0
2536000	0
2536800	1
2537600	1
2538400	0
2539200	0
2540000	0
2540800	1
2541600	0
2542400	0
2543200	0
2544000	0
2544800	0
2545600	0
2546400	1
2547200	0
2548000	0
2548800	0
2549600	1
2550400	1
2551200	1
2552000	1
2552800	1
2553600	0
2554400	1
2555200	0
2556000	1
2556800	0
2557600	1
2558400	1
2559200	1
2560000	1
2560800	0
2561600	1
2562400	1
2563200	1
2564000	0
2564800	0
2565600	1
2566400	1
2567200	1
2568000	0
2568800	0
2569600	0
2570400	1
2571200	1
2572000	1
2572800	0
2573600	0
2574400	0
2575200	1
2576000	0
2576800	0
2577600	1
2578400	0
2579200	0
2580000	0
2580800	0
2581600	0
2582400	0
2583200	0
2584000	1
2584800	1
2585600	0
2586400	0
2587200	0
2588000	0
2588800	0
2589600	1
2590400	0
2591200	0
2592000	0
2592800	0
2593600	0
2594400	0
2595200	0
2596000	0
2596800	0
2597600	0
2598400	0
2599200	0
2600000	0
2600800	0
2601600	1
2602400	0
2603200	0
2604000	0
2604800	0
2605600	0
2606400	1
2607200	0
2608000	0
2608800	1
2609600	1
2610400	0
2611200	1
2612000	1
2612800	1
2613600	0
2614400	0
2615200	0
2616000	0
2616800	0
2617600	0
2618400	0
2619200	0
2620000	0
2620800	1
2621600	0
2622400	0
2623200	0
2624000	0
2624800	0
2625600	0
2626400	0
2627200	0
2628000	0
2628800	1
2629600	1
2630400	1
2631200	0
2632000	0
2632800	0
2633600	0
2634400	1
2635200	0
2636000	1
2636800	0
2637600	0
2638400	0
2639200	0
2640000	0
2640800	1
2641600	1
2642400	1
2643200	1
2644000	0
2644800	1
2645600	1
2646400	1
2647200	0
2648000	0
2648800	0
2649600	0
2650400	0
2651200	0
2652000	1
2652800	0
2653600	0
2654400	0
2655200	0
2656000	0
2656800	0
2657600	0
2658400	0
2659200	1
2660000	0
2660800	0
2661600	1
2662400	0
2663200	0
2664000	0
2664800	0
2665600	0
2666400	0
2667200	0
2668000	0
2668800	0
2669600	0
2670400	0
2671200	0
2672000	1
2672800	1
2673600	0
2674400	0
2675200	0
2676000	0
2676800	1
2677600	1
2678400	1
2679200	0
2680000	0
2680800	0
2681600	0
2682400	0
2683200	0
2684000	1
2684800	1
2685600	0
2686400	1
2687200	1
2688000	1
2688800	0
2689600	0
2690400	0
2691200	0
2692000	0
2692800	1
2693600	1
2694400	1
2695200	1
2696000	1
2696800	1
2697600	1
2698400	1
2699200	1
2700000	1
2700800	1
2701600	1
2702400	1
2703200	1
2704000	0
2704800	0
2705600	0
2706400	1
2707200	1
2708000	1
2708800	1
2709600	1
2710400	1
2711200	0
2712000	1
2712800	0
2713600	1
2714400	1
2715200	1
2716000	1
2716800	1
2717600	0
2718400	1
2719200	0
2720000	1
2720800	1
2721600	1
2722400	1
2723200	1
2724000	1
2724800	0
2725600	1
2726400	0
2727200	0
2728000	1
2728800	0
2729600	1
2730400	1
2731200	1
2732000	0
2732800	1
2733600	1
2734400	1
2735200	1
2736000	1
2736800	1
2737600	0
2738400	1
2739200	0
2740000	0
2740800	0
2741600	1
2742400	0
2743200	1
2744000	1
2744800	0
2745600	1
2746400	0
2747200	0
2748000	0
2748800	0
2749600	0
2750400	1
2751200	1
2752000	0
2752800	1
2753600	0
2754400	0
2755200	0
2756000	0
2756800	0
2757600	0
2758400	0
2759200	0
2760000	0
2760800	0
2761600	0
2762400	1
2763200	0
2764000	0
2764800	0
2765600	1
2766400	0
2767200	0
2768000	0
2768800	1
2769600	1
2770400	1
2771200	1
2772000	0
2772800	0
2773600	1
2774400	0
2775200	1
2776000	0
2776800	0
2777600	1
2778400	1
2779200	1
2780000	0
2780800	0
2781600	0
2782400	0
2783200	0
2784000	0
2784800	0
2785600	0
2786400	0
2787200	1
2788000	1
2788800	1
2789600	0
2790400	0
2791200	0
2792000	0
2792800	1
2793600	1
2794400	0
2795200	1
2796000	0
2796800	0
2797600	0
2798400	0
2799200	1
2800000	0
2800800	0
2801600	0
2802400	0
2803200	0
2804000	0
2804800	1
2805600	1
2806400	0
2807200	0
2808000	0
2808800	0
2809600	0
2810400	1
2811200	0
2812000	0
2812800	0
2813600	1
2814400	0
2815200	0
2816000	1
2816800	0
2817600	1
2818400	0
2819200	0
2820000	0
2820800	1
2821600	0
2822400	0
2823200	0
2824000	0
2824800	1
2825600	0
2826400	0
2827200	0
2828000	0
2828800	1
2829600	1
2830400	0
2831200	0
2832000	0
2832800	0
2833600	0
2834400	1
2835200	0
2836000	0
2836800	0
2837600	0
2838400	0
2839200	0
2840000	0
2840800	0
2841600	0
2842400	0
2843200	1
2844000	0
2844800	0
2845600	0
2846400	0
2847200	0
2848000	0
2848800	0
2849600	0
2850400	0
2851200	0
2852000	0
2852800	0
2853600	0
2854400	0
2855200	0
2856000	0
2856800	0
2857600	0
2858400	0
2859200	0
2860000	0
2860800	0
2861600	0
2862400	0
2863200	0
2864000	0
2864800	1
2865600	0
2866400	0
2867200	0
2868000	0
2868800	0
2869600	0
2870400	0
2871200	0
2872000	0
2872800	0
2873600	1
2874400	1
2875200	1
2876000	1
2876800	1
2877600	1
2878400	1
2879200	1
2880000	1
2880800	0
2881600	0
2882400	1
2883200	1
2884000	1
2884800	0
2885600	1
2886400	0
2887200	0
2888000	1
2888800	1
2889600	1
2890400	0
2891200	0
2892000	0
2892800	0
2893600	0
2894400	0
2895200	0
2896000	1
2896800	1
2897600	1
2898400	1
2899200	1
2900000	1
2900800	0
2901600	1
2902400	0
2903200	0
2904000	0
2904800	1
2905600	1
2906400	0
2907200	1
2908000	1
2908800	1
2909600	1
2910400	1
2911200	1
2912000	1
2912800	1
2913600	1
2914400	1
2915200	1
2916000	1
2916800	1
2917600	1
2918400	1
2919200	1
2920000	1
2920800	1
2921600	1
2922400	1
2923200	1
2924000	1
2924800	1
2925600	1
2926400	1
2927200	1
2928000	1
2928800	0
2929600	0
2930400	0
2931200	0
2932000	0
2932800	0
2933600	1
2934400	1
2935200	1
2936000	1
2936800	1
2937600	1
2938400	1
2939200	1
2940000	0
2940800	1
2941600	1
2942400	1
2943200	1
2944000	1
2944800	1
2945600	1
2946400	1
2947200	1
2948000	1
2948800	1
2949600	1
2950400	1
2951200	1
2952000	1
2952800	1
2953600	1
2954400	1
2955200	1
2956000	0
2956800	1
2957600	0
2958400	0
2959200	0
2960000	1
2960800	1
2961600	1
2962400	1
2963200	1
2964000	1
2964800	1
2965600	1
2966400	1
2967200	0
2968000	0
2968800	1
2969600	1
2970400	1
2971200	0
2972000	0
2972800	1
2973600	0
2974400	0
2975200	1
2976000	0
2976800	1
2977600	0
2978400	0
2979200	1
2980000	0
2980800	0
2981600	1
2982400	1
2983200	0
2984000	1
2984800	0
2985600	0
2986400	0
2987200	0
2988000	1
2988800	1
2989600	0
2990400	0
2991200	0
2992000	0
2992800	0
2993600	1
2994400	0
2995200	0
2996000	1
2996800	0
2997600	1
2998400	0
2999200	0
3000000	0
3000800	1
3001600	1
3002400	1
3003200	1
3004000	1
3004800	1
3005600	0
3006400	1
3007200	0
3008000	1
3008800	1
3009600	1
3010400	1
3011200	0
3012000	0
3012800	0
3013600	0
3014400	0
3015200	0
3016000	1
3016800	1
3017600	0
3018400	0
3019200	0
3020000	0
3020800	0
3021600	0
3022400	0
3023200	0
3024000	0
3024800	0
3025600	0
3026400	0
3027200	0
3028000	0
3028800	0
3029600	0
3030400	0
3031200	0
3032000	1
3032800	1
3033600	1
3034400	0
3035200	0
3036000	0
3036800	0
3037600	0
3038400	0
3039200	0
3040000	0
3040800	1
3041600	0
3042400	0
3043200	0
3044000	0
3044800	0
3045600	0
3046400	0
3047200	0
3048000	1
3048800	1
3049600	0
3050400	0
3051200	0
3052000	0
3052800	0
3053600	0
3054400	0
3055200	0
3056000	0
3056800	0
3057600	0
3058400	0
3059200	0
3060000	0
3060800	0
3061600	0
3062400	1
3063200	0
3064000	1
3064800	1
3065600	1
3066400	0
3067200	1
3068000	0
3068800	0
3069600	0
3070400	1
3071200	0
3072000	1
3072800	0
3073600	1
3074400	0
3075200	1
3076000	0
3076800	0
3077600	0
3078400	0
3079200	0
3080000	0
3080800	0
3081600	0
3082400	0
3083200	0
3084000	0
3084800	0
3085600	1
3086400	1
3087200	0
3088000	0
3088800	0
3089600	0
3090400	1
3091200	0
3092000	0
3092800	0
3093600	0
3094400	0
3095200	0
3096000	0
3096800	0
3097600	0
3098400	0
3099200	0
3100000	0
3100800	0
3101600	0
3102400	0
3103200	0
3104000	0
3104800	1
3105600	0
3106400	0
3107200	0
3108000	0
3108800	0
3109600	1
3110400	0
3111200	0
3112000	0
3112800	0
3113600	0
3114400	0
3115200	0
3116000	0
3116800	1
3117600	0
3118400	0
3119200	0
3120000	0
3120800	0
3121600	0
3122400	0
3123200	0
3124000	0
3124800	0
3125600	0
3126400	0
3127200	0
3128000	0
3128800	0
3129600	0
3130400	0
3131200	0
3132000	0
3132800	0
3133600	0
3134400	0
3135200	0
3136000	0
3136800	0
3137600	0
3138400	0
3139200	0
3140000	0
3140800	1
3141600	0
3142400	0
3143200	1
3144000	1
3144800	0
3145600	1
3146400	1
3147200	1
3148000	0
3148800	0
3149600	1
3150400	1
3151200	1
3152000	1
3152800	1
3153600	1
3154400	1
3155200	1
3156000	0
3156800	0
3157600	1
3158400	1
3159200	0
3160000	1
3160800	0
3161600	1
3162400	1
3163200	0
3164000	0
3164800	0
3165600	0
3166400	0
3167200	0
3168000	0
3168800	0
3169600	0
3170400	0
3171200	0
3172000	1
3172800	0
3173600	0
3174400	0
3175200	1
3176000	0
3176800	1
3177600	0
3178400	0
3179200	1
3180000	1
3180800	1
3181600	1
3182400	1
3183200	1
3184000	1
3184800	0
3185600	0
3186400	1
3187200	1
3188000	1
3188800	1
3189600	0
3190400	1
3191200	1
3192000	1
3192800	1
3193600	1
3194400	0
3195200	1
3196000	1
3196800	0
3197600	1
3198400	1
3199200	1
3200000	1
3200800	0
3201600	0
3202400	1
3203200	1
3204000	0
3204800	1
3205600	1
3206400	1
3207200	1
3208000	1
3208800	1
3209600	1
3210400	1
3211200	1
3212000	0
3212800	1
3213600	1
3214400	0
3215200	1
3216000	1
3216800	1
3217600	1
3218400	1
3219200	1
3220000	1
3220800	1
3221600	1
3222400	0
3223200	1
3224000	1
3224800	1
3225600	1
3226400	1
3227200	1
3228000	1
3228800	0
3229600	1
3230400	1
3231200	1
3232000	1
3232800	1
3233600	1
3234400	1
3235200	1
3236000	0
3236800	0
3237600	0
3238400	0
3239200	1
3240000	0
3240800	0
3241600	0
3242400	0
3243200	0
3244000	0
3244800	1
3245600	0
3246400	1
3247200	1
3248000	0
3248800	0
3249600	1
3250400	1
3251200	1
3252000	1
3252800	1
3253600	0
3254400	0
3255200	0
3256000	0
3256800	1
3257600	0
3258400	0
3259200	1
3260000	0
3260800	0
3261600	0
3262400	1
3263200	1
3264000	1
3264800	1
3265600	1
3266400	1
3267200	0
3268000	0
3268800	0
3269600	0
3270400	0
3271200	0
3272000	1
3272800	0
3273600	1
3274400	1
3275200	1
3276000	1
3276800	0
3277600	1
3278400	1
3279200	1
3280000	0
3280800	0
3281600	0
3282400	0
3283200	0
3284000	0
3284800	0
3285600	1
3286400	0
3287200	1
3288000	1
3288800	1
3289600	0
3290400	0
3291200	0
3292000	0
3292800	0
3293600	0
3294400	0
3295200	0
3296000	0
3296800	0
3297600	1
3298400	0
3299200	1
3300000	0
3300800	1
3301600	1
3302400	0
3303200	0
3304000	1
3304800	0
3305600	0
3306400	0
3307200	0
3308000	0
3308800	1
3309600	0
3310400	0
3311200	1
3312000	0
3312800	1
3313600	1
3314400	1
3315200	0
3316000	0
3316800	0
3317600	0
3318400	0
3319200	1
3320000	0
3320800	1
3321600	1
3322400	0
3323200	0
3324000	0
3324800	0
3325600	0
3326400	1
3327200	0
3328000	0
3328800	0
3329600	0
3330400	0
3331200	1
3332000	1
3332800	0
3333600	0
3334400	0
3335200	0
3336000	0
3336800	0
3337600	0
3338400	0
3339200	1
3340000	0
3340800	0
3341600	0
3342400	0
3343200	0
3344000	0
3344800	0
3345600	0
3346400	0
3347200	0
3348000	0
3348800	0
3349600	0
3350400	0
3351200	0
3352000	1
3352800	1
3353600	1
3354400	1
3355200	0
3356000	0
3356800	0
3357600	0
3358400	0
3359200	0
3360000	0
3360800	0
3361600	1
3362400	0
3363200	0
3364000	0
3364800	0
3365600	0
3366400	0
3367200	0
3368000	1
3368800	0
3369600	0
3370400	0
3371200	0
3372000	0
3372800	0
3373600	0
3374400	0
3375200	0
3376000	0
3376800	0
3377600	0
3378400	0
3379200	0
3380000	0
3380800	0
3381600	0
3382400	0
3383200	0
3384000	0
3384800	0
3385600	0
3386400	0
3387200	0
3388000	0
3388800	0
3389600	1
3390400	0
3391200	0
3392000	1
3392800	0
3393600	0
3394400	0
3395200	0
3396000	0
3396800	0
3397600	0
3398400	0
3399200	0
3400000	1
3400800	1
3401600	0
3402400	0
3403200	0
3404000	0
3404800	0
3405600	0
3406400	0
3407200	0
3408000	1
3408800	0
3409600	0
3410400	0
3411200	1
3412000	0
3412800	0
3413600	0
3414400	0
3415200	0
3416000	0
3416800	0
3417600	0
3418400	0
3419200	0
3420000	0
3420800	0
3421600	0
3422400	1
3423200	1
3424000	0
3424800	0
3425600	0
3426400	0
3427200	0
3428000	0
3428800	0
3429600	0
3430400	0
3431200	0
3432000	0
3432800	0
3433600	0
3434400	1
3435200	0
3436000	0
3436800	1
3437600	1
3438400	0
3439200	0
3440000	0
3440800	0
3441600	0
3442400	0
3443200	0
3444000	0
3444800	0
3445600	0
3446400	0
3447200	0
3448000	0
3448800	0
3449600	0
3450400	0
3451200	0
3452000	1
3452800	0
3453600	1
3454400	1
3455200	1
3456000	0
3456800	0
3457600	0
3458400	0
3459200	0
3460000	1
3460800	1
3461600	1
3462400	1
3463200	1
3464000	1
3464800	1
3465600	1
3466400	1
3467200	1
3468000	1
3468800	1
3469600	1
3470400	0
3471200	1
3472000	1
3472800	1
3473600	1
3474400	1
3475200	1
3476000	1
3476800	1
3477600	1
3478400	0
3479200	1
3480000	0
3480800	0
3481600	0
3482400	0
3483200	0
3484000	0
3484800	0
3485600	0
3486400	1
3487200	1
3488000	1
3488800	1
3489600	1
3490400	1
3491200	1
3492000	1
3492800	1
3493600	1
3494400	1
3495200	0
3496000	1
3496800	1
3497600	1
3498400	1
3499200	1
3500000	1
3500800	1
3501600	1
3502400	1
3503200	1
3504000	1
3504800	1
3505600	1
3506400	1
3507200	1
3508000	1
3508800	0
3509600	1
3510400	1
3511200	1
3512000	0
3512800	1
3513600	1
3514400	1
3515200	1
3516000	1
3516800	1
3517600	1
3518400	1
3519200	1
3520000	1
3520800	1
3521600	1
3522400	1
3523200	1
3524000	0
3524800	1
3525600	1
3526400	0
3527200	1
3528000	1
3528800	1
3529600	0
3530400	0
3531200	0
3532000	1
3532800	1
3533600	1
3534400	1
3535200	0
3536000	0
3536800	0
3537600	1
3538400	1
3539200	1
3540000	1
3540800	1
3541600	1
3542400	1
3543200	1
3544000	1
3544800	1
3545600	0
3546400	0
3547200	1
3548000	0
3548800	0
3549600	1
3550400	1
3551200	1
3552000	1
3552800	0
3553600	0
3554400	1
3555200	1
3556000	1
3556800	0
3557600	1
3558400	1
3559200	1
3560000	1
3560800	0
3561600	1
3562400	1
3563200	1
3564000	0
3564800	0
3565600	0
3566400	0
3567200	0
3568000	0
3568800	0
3569600	0
3570400	0
3571200	0
3572000	0
3572800	0
3573600	0
3574400	0
3575200	0
3576000	0
3576800	1
3577600	0
3578400	1
3579200	1
3580000	1
3580800	1
3581600	0
3582400	1
3583200	0
3584000	0
3584800	0
3585600	0
3586400	0
3587200	0
3588000	0
3588800	0
3589600	1
3590400	0
3591200	0
3592000	0
3592800	0
3593600	0
3594400	0
3595200	1
3596000	1
3596800	0
3597600	0
3598400	0
3599200	0
3600000	0
3600800	0
3601600	0
3602400	0
3603200	1
3604000	0
3604800	0
3605600	0
3606400	1
3607200	0
3608000	0
3608800	0
3609600	0
3610400	0
3611200	1
3612000	0
3612800	0
3613600	0
3614400	0
3615200	0
3616000	0
3616800	0
3617600	0
3618400	1
3619200	0
3620000	0
3620800	0
3621600	0
3622400	0
3623200	0
3624000	0
3624800	1
3625600	0
3626400	0
3627200	0
3628000	0
3628800	0
3629600	0
3630400	0
3631200	0
3632000	0
3632800	0
3633600	0
3634400	1
3635200	0
3636000	0
3636800	1
3637600	0
3638400	0
3639200	0
3640000	0
3640800	0
3641600	0
3642400	0
3643200	0
3644000	0
3644800	0
3645600	0
3646400	0
3647200	0
3648000	1
3648800	0
3649600	0
3650400	0
3651200	0
3652000	0
3652800	0
3653600	0
3654400	0
3655200	0
3656000	0
3656800	0
3657600	0
3658400	0
3659200	1
3660000	0
3660800	0
3661600	0
3662400	0
3663200	1
3664000	0
3664800	0
3665600	0
3666400	0
3667200	1
3668000	0
3668800	0
3669600	0
3670400	0
3671200	0
3672000	0
3672800	0
3673600	0
3674400	0
3675200	0
3676000	0
3676800	0
3677600	1
3678400	0
3679200	0
3680000	0
3680800	0
3681600	0
3682400	0
3683200	0
3684000	0
3684800	0
3685600	0
3686400	0
3687200	0
3688000	0
3688800	0
3689600	0
3690400	0
3691200	0
3692000	0
3692800	0
3693600	0
3694400	0
3695200	0
3696000	0
3696800	0
3697600	0
3698400	0
3699200	0
3700000	0
3700800	0
3701600	0
3702400	0
3703200	0
3704000	0
3704800	1
3705600	1
3706400	0
3707200	1
3708000	0
3708800	0
3709600	0
3710400	0
3711200	1
3712000	0
3712800	0
3713600	1
3714400	0
3715200	1
3716000	0
3716800	0
3717600	1
3718400	0
3719200	0
3720000	1
3720800	0
3721600	0
3722400	0
3723200	1
3724000	0
3724800	0
3725600	0
3726400	0
3727200	0
3728000	0
3728800	1
3729600	1
3730400	0
3731200	0
3732000	0
3732800	0
3733600	0
3734400	0
3735200	0
3736000	0
3736800	0
3737600	0
3738400	0
3739200	0
3740000	0
3740800	1
3741600	0
3742400	1
3743200	0
3744000	0
3744800	0
3745600	0
3746400	1
3747200	1
3748000	1
3748800	0
3749600	0
3750400	0
3751200	0
3752000	0
3752800	0
3753600	0
3754400	0
3755200	1
3756000	0
3756800	1
3757600	0
3758400	1
3759200	0
3760000	1
3760800	1
3761600	1
3762400	1
3763200	1
3764000	1
3764800	0
3765600	1
3766400	0
3767200	0
3768000	1
3768800	0
3769600	1
3770400	1
3771200	1
3772000	1
3772800	1
3773600	1
3774400	1
3775200	1
3776000	1
3776800	1
3777600	1
3778400	1
3779200	1
3780000	1
3780800	0
3781600	1
3782400	1
3783200	0
3784000	0
3784800	1
3785600	0
3786400	1
3787200	0
3788000	1
3788800	0
3789600	0
3790400	0
3791200	0
3792000	1
3792800	1
3793600	1
3794400	0
3795200	0
3796000	0
3796800	0
3797600	0
3798400	1
3799200	1
3800000	0
3800800	1
3801600	1
3802400	1
3803200	1
3804000	0
3804800	0
3805600	1
3806400	0
3807200	1
3808000	0
3808800	0
3809600	0
3810400	0
3811200	0
3812000	0
3812800	0
3813600	0
3814400	1
3815200	0
3816000	1
3816800	0
3817600	0
3818400	0
3819200	0
3820000	0
3820800	0
3821600	1
3822400	1
3823200	1
3824000	1
3824800	0
3825600	1
3826400	1
3827200	1
3828000	1
3828800	1
3829600	1
3830400	0
3831200	1
3832000	1
3832800	1
3833600	1
3834400	1
3835200	1
3836000	1
3836800	1
3837600	1
3838400	1
3839200	1
3840000	1
3840800	1
3841600	1
3842400	1
3843200	1
3844000	1
3844800	1
3845600	1
3846400	1
3847200	1
3848000	1
3848800	1
3849600	1
3850400	1
3851200	1
3852000	1
3852800	0
3853600	1
3854400	1
3855200	1
3856000	1
3856800	1
3857600	1
3858400	1
3859200	1
3860000	1
3860800	1
3861600	0
3862400	0
3863200	1
3864000	1
3864800	0
3865600	1
3866400	0
3867200	0
3868000	1
3868800	0
3869600	1
3870400	0
3871200	0
3872000	0
3872800	0
3873600	0
3874400	0
3875200	0
3876000	0
3876800	0
3877600	0
3878400	0
3879200	0
3880000	0
3880800	0
3881600	0
3882400	0
3883200	1
3884000	1
3884800	0
3885600	0
3886400	1
3887200	1
3888000	1
3888800	0
3889600	1
3890400	0
3891200	0
3892000	1
3892800	1
3893600	0
3894400	0
3895200	0
3896000	0
3896800	0
3897600	0
3898400	0
3899200	0
3900000	0
3900800	0
3901600	0
3902400	1
3903200	0
3904000	0
3904800	0
3905600	1
3906400	0
3907200	0
3908000	0
3908800	0
3909600	0
3910400	1
3911200	0
3912000	0
3912800	0
3913600	0
3914400	0
3915200	1
3916000	1
3916800	1
3917600	0
3918400	0
3919200	0
3920000	1
3920800	0
3921600	0
3922400	0
3923200	0
3924000	0
3924800	0
3925600	0
3926400	0
3927200	0
3928000	1
3928800	1
3929600	1
3930400	0
3931200	0
3932000	0
3932800	0
3933600	0
3934400	0
3935200	0
3936000	0
3936800	0
3937600	0
3938400	0
3939200	0
3940000	0
3940800	0
3941600	1
3942400	0
3943200	0
3944000	0
3944800	0
3945600	0
3946400	1
3947200	0
3948000	0
3948800	0
3949600	0
3950400	0
3951200	0
3952000	0
3952800	0
3953600	0
3954400	0
3955200	0
3956000	0
3956800	1
3957600	0
3958400	0
3959200	1
3960000	0
3960800	1
3961600	0
3962400	0
3963200	0
3964000	0
3964800	0
3965600	0
3966400	0
3967200	0
3968000	1
3968800	0
3969600	0
3970400	0
3971200	0
3972000	0
3972800	0
3973600	1
3974400	0
3975200	0
3976000	0
3976800	0
3977600	0
3978400	0
3979200	0
3980000	0
3980800	0
3981600	0
3982400	0
3983200	0
3984000	0
3984800	0
3985600	0
3986400	0
3987200	1
3988000	1
3988800	1
3989600	1
3990400	1
3991200	1
3992000	0
3992800	0
3993600	0
3994400	0
3995200	0
3996000	0
3996800	0
3997600	0
3998400	0
3999200	0
4000000	0
4000800	0
4001600	0
4002400	0
4003200	0
4004000	0
4004800	0
4005600	0
4006400	1
4007200	0
4008000	0
4008800	0
4009600	0
4010400	0
4011200	0
4012000	0
4012800	0
4013600	0
4014400	0
4015200	0
4016000	1
4016800	0
4017600	0
4018400	0
4019200	0
4020000	0
4020800	0
4021600	0
4022400	0
4023200	0
4024000	0
4024800	0
4025600	0
4026400	0
4027200	0
4028000	0
4028800	0
4029600	0
4030400	0
4031200	0
4032000	0
4032800	0
4033600	1
4034400	1
4035200	0
4036000	0
4036800	0
4037600	0
4038400	0
4039200	0
4040000	0
4040800	0
4041600	0
4042400	1
4043200	0
4044000	0
4044800	0
4045600	0
4046400	0
4047200	0
4048000	1
4048800	1
4049600	0
4050400	0
4051200	0
4052000	0
4052800	0
4053600	0
4054400	0
4055200	0
4056000	0
4056800	1
4057600	0
4058400	0
4059200	0
4060000	0
4060800	0
4061600	1
4062400	0
4063200	0
4064000	0
4064800	0
4065600	0
4066400	0
4067200	0
4068000	0
4068800	0
4069600	1
4070400	0
4071200	0
4072000	0
4072800	0
4073600	1
4074400	1
4075200	0
4076000	1
4076800	1
4077600	1
4078400	1
4079200	1
4080000	1
4080800	0
4081600	0
4082400	0
4083200	0
4084000	0
4084800	0
4085600	0
4086400	0
4087200	0
4088000	0
4088800	1
4089600	1
4090400	0
4091200	0
4092000	0
4092800	0
4093600	0
4094400	1
4095200	0
4096000	0
4096800	0
4097600	0
4098400	0
4099200	0
4100000	0
4100800	0
4101600	0
4102400	0
4103200	0
4104000	1
4104800	0
4105600	0
4106400	0
4107200	0
4108000	0
4108800	0
4109600	0
4110400	0
4111200	0
4112000	0
4112800	0
4113600	0
4114400	0
4115200	0
4116000	0
4116800	0
4117600	1
4118400	1
4119200	1
4120000	1
4120800	1
4121600	1
4122400	1
4123200	1
4124000	1
4124800	1
4125600	1
4126400	1
4127200	1
4128000	0
4128800	1
4129600	0
4130400	0
4131200	0
4132000	0
4132800	0
4133600	1
4134400	1
4135200	1
4136000	1
4136800	0
4137600	1
4138400	0
4139200	1
4140000	1
4140800	0
4141600	0
4142400	0
4143200	1
4144000	0
4144800	0
4145600	0
4146400	1
4147200	0
4148000	0
4148800	0
4149600	1
4150400	0
4151200	0
4152000	1
4152800	1
4153600	1
4154400	0
4155200	1
4156000	1
4156800	0
4157600	0
4158400	0
4159200	1
4160000	0
4160800	0
4161600	1
4162400	1
4163200	0
4164000	1
4164800	0
4165600	0
4166400	1
4167200	1
4168000	1
4168800	1
4169600	1
4170400	1
4171200	1
4172000	0
4172800	1
4173600	1
4174400	1
4175200	1
4176000	1
4176800	0
4177600	0
4178400	0
4179200	1
4180000	1
4180800	1
4181600	1
4182400	0
4183200	1
4184000	0
4184800	1
4185600	1
4186400	1
4187200	0
4188000	0
4188800	0
4189600	1
4190400	1
4191200	1
4192000	0
4192800	1
4193600	0
4194400	1
4195200	1
4196000	1
4196800	1
4197600	1
4198400	0
4199200	1
4200000	1
4200800	1
4201600	1
4202400	1
4203200	1
4204000	1
4204800	1
4205600	1
4206400	0
4207200	1
4208000	1
4208800	1
4209600	0
4210400	1
4211200	1
4212000	1
4212800	1
4213600	1
4214400	1
4215200	1
4216000	1
4216800	1
4217600	1
4218400	1
4219200	0
4220000	1
4220800	1
4221600	1
4222400	1
4223200	1
4224000	1
4224800	1
4225600	1
4226400	1
4227200	1
4228000	1
4228800	1
4229600	0
4230400	0
4231200	1
4232000	0
4232800	0
4233600	1
4234400	0
4235200	0
4236000	0
4236800	0
4237600	0
4238400	0
4239200	0
4240000	0
4240800	0
4241600	0
4242400	0
4243200	0
4244000	0
4244800	0
4245600	0
4246400	0
4247200	0
4248000	0
4248800	0
4249600	0
4250400	0
4251200	0
4252000	0
4252800	0
4253600	0
4254400	0
4255200	0
4256000	0
4256800	0
4257600	0
4258400	0
4259200	0
4260000	0
4260800	0
4261600	0
4262400	0
4263200	0
4264000	0
4264800	0
4265600	0
4266400	0
4267200	0
4268000	0
4268800	0
4269600	0
4270400	0
4271200	0
4272000	0
4272800	0
4273600	0
4274400	0
4275200	1
4276000	1
4276800	1
4277600	1
4278400	1
4279200	1
4280000	0
4280800	1
4281600	0
4282400	0
4283200	0
4284000	0
4284800	0
4285600	0
4286400	0
4287200	1
4288000	0
4288800	0
4289600	0
4290400	0
4291200	1
4292000	0
4292800	0
4293600	0
4294400	1
4295200	1
4296000	0
4296800	0
4297600	1
4298400	0
4299200	0
4300000	1
4300800	1
4301600	0
4302400	0
4303200	0
4304000	0
4304800	0
4305600	0
4306400	0
4307200	0
4308000	1
4308800	0
4309600	0
4310400	0
4311200	0
4312000	0
4312800	1
4313600	1
4314400	1
4315200	1
4316000	0
4316800	0
4317600	0
4318400	0
4319200	0
4320000	0
4320800	0
4321600	0
4322400	0
4323200	0
4324000	1
4324800	1
4325600	1
4326400	1
4327200	0
4328000	0
4328800	0
4329600	0
4330400	1
4331200	0
4332000	1
4332800	0
4333600	0
4334400	0
4335200	0
4336000	0
4336800	0
4337600	0
4338400	0
4339200	1
4340000	0
4340800	0
4341600	0
4342400	1
4343200	0
4344000	0
4344800	1
4345600	1
4346400	0
4347200	1
4348000	0
4348800	0
4349600	0
4350400	0
4351200	0
4352000	1
4352800	1
4353600	1
4354400	0
4355200	0
4356000	0
4356800	1
4357600	1
4358400	1
4359200	0
4360000	0
4360800	0
4361600	1
4362400	1
4363200	0
4364000	0
4364800	1
4365600	0
4366400	0
4367200	1
4368000	0
4368800	0
4369600	0
4370400	0
4371200	1
4372000	1
4372800	0
4373600	0
4374400	0
4375200	0
4376000	1
4376800	1
4377600	0
4378400	0
4379200	1
4380000	1
4380800	1
4381600	1
4382400	1
4383200	0
4384000	0
4384800	0
4385600	0
4386400	1
4387200	1
4388000	1
4388800	1
4389600	1
4390400	0
4391200	1
4392000	0
4392800	0
4393600	1
4394400	1
4395200	0
4396000	0
4396800	1
4397600	1
4398400	1
4399200	1
4400000	1
4400800	0
4401600	1
4402400	0
4403200	0
4404000	0
4404800	1
4405600	1
4406400	0
4407200	0
4408000	1
4408800	1
4409600	0
4410400	1
4411200	1
4412000	1
4412800	0
4413600	0
4414400	1
4415200	0
4416000	0
4416800	1
4417600	1
4418400	0
4419200	0
4420000	0
4420800	1
4421600	1
4422400	0
4423200	0
4424000	0
4424800	1
4425600	0
4426400	1
4427200	1
4428000	0
4428800	0
4429600	1
4430400	1
4431200	1
4432000	1
4432800	0
4433600	0
4434400	0
4435200	1
4436000	1
4436800	0
4437600	1
4438400	0
4439200	0
4440000	0
4440800	0
4441600	1
4442400	0
4443200	0
4444000	0
4444800	1
4445600	1
4446400	1
4447200	0
4448000	0
4448800	0
4449600	1
4450400	0
4451200	1
4452000	0
4452800	0
4453600	0
4454400	0
4455200	1
4456000	0
4456800	0
4457600	0
4458400	0
4459200	1
4460000	1
4460800	1
4461600	1
4462400	0
4463200	1
4464000	0
4464800	1
4465600	1
4466400	0
4467200	0
4468000	1
4468800	1
4469600	1
4470400	1
4471200	1
4472000	1
4472800	0
4473600	0
4474400	0
4475200	0
4476000	0
4476800	0
4477600	1
4478400	1
4479200	0
4480000	0
4480800	0
4481600	0
4482400	0
4483200	0
4484000	0
4484800	0
4485600	0
4486400	1
4487200	1
4488000	1
4488800	0
4489600	0
4490400	0
4491200	0
4492000	0
4492800	0
4493600	0
4494400	1
4495200	0
4496000	0
4496800	0
4497600	0
4498400	0
4499200	0
4500000	0
4500800	0
4501600	0
4502400	1
4503200	0
4504000	0
4504800	0
4505600	0
4506400	0
4507200	1
4508000	1
4508800	0
4509600	0
4510400	0
4511200	0
4512000	0
4512800	0
4513600	0
4514400	1
4515200	1
4516000	0
4516800	0
4517600	0
4518400	1
4519200	0
4520000	0
4520800	0
4521600	0
4522400	0
4523200	0
4524000	1
4524800	1
4525600	1
4526400	1
4527200	0
4528000	0
4528800	0
4529600	0
4530400	0
4531200	0
4532000	0
4532800	0
4533600	0
4534400	0
4535200	1
4536000	0
4536800	0
4537600	1
4538400	0
4539200	1
4540000	0
4540800	0
4541600	1
4542400	1
4543200	0
4544000	0
4544800	0
4545600	0
4546400	1
4547200	0
4548000	0
4548800	0
4549600	0
4550400	0
4551200	0
4552000	0
4552800	0
4553600	0
4554400	0
4555200	0
4556000	0
4556800	0
4557600	0
4558400	1
4559200	1
4560000	1
4560800	1
4561600	0
4562400	0
4563200	0
4564000	0
4564800	0
4565600	0
4566400	0
4567200	0
4568000	0
4568800	0
4569600	1
4570400	0
4571200	1
4572000	0
4572800	0
4573600	1
4574400	0
4575200	1
4576000	1
4576800	1
4577600	0
4578400	0
4579200	0
4580000	1
4580800	1
4581600	1
4582400	1
4583200	0
4584000	1
4584800	1
4585600	1
4586400	1
4587200	0
4588000	1
4588800	0
4589600	0
4590400	0
4591200	0
4592000	1
4592800	1
4593600	1
4594400	1
4595200	1
4596000	0
4596800	0
4597600	0
4598400	0
4599200	1
4600000	1
4600800	1
4601600	0
4602400	0
4603200	0
4604000	0
4604800	0
4605600	0
4606400	0
4607200	0
4608000	0
4608800	0
4609600	0
4610400	0
4611200	1
4612000	1
4612800	1
4613600	1
4614400	1
4615200	1
4616000	1
4616800	0
4617600	0
4618400	0
4619200	1
4620000	1
4620800	1
4621600	1
4622400	1
4623200	0
4624000	0
4624800	0
4625600	0
4626400	1
4627200	0
4628000	0
4628800	0
4629600	0
4630400	1
4631200	1
4632000	0
4632800	0
4633600	1
4634400	0
4635200	0
4636000	1
4636800	0
4637600	0
4638400	1
4639200	0
4640000	0
4640800	0
4641600	0
4642400	0
4643200	0
4644000	0
4644800	1
4645600	0
4646400	1
4647200	1
4648000	1
4648800	0
4649600	0
4650400	0
4651200	0
4652000	0
4652800	1
4653600	1
4654400	1
4655200	0
4656000	0
4656800	1
4657600	0
4658400	0
4659200	0
4660000	0
4660800	1
4661600	0
4662400	0
4663200	0
4664000	0
4664800	0
4665600	0
4666400	0
4667200	0
4668000	0
4668800	0
4669600	0
4670400	0
4671200	0
4672000	1
4672800	1
4673600	0
4674400	0
4675200	0
4676000	0
4676800	0
4677600	0
4678400	0
4679200	0
4680000	0
4680800	1
4681600	0
4682400	0
4683200	0
4684000	0
4684800	0
4685600	0
4686400	0
4687200	0
4688000	0
4688800	0
4689600	0
4690400	1
4691200	0
4692000	1
4692800	1
4693600	0
4694400	1
4695200	1
4696000	1
4696800	0
4697600	0
4698400	0
4699200	0
4700000	0
4700800	0
4701600	0
4702400	1
4703200	0
4704000	0
4704800	0
4705600	0
4706400	0
4707200	0
4708000	0
4708800	0
4709600	0
4710400	0
4711200	0
4712000	0
4712800	0
4713600	0
4714400	0
4715200	0
4716000	0
4716800	0
4717600	0
4718400	0
4719200	0
4720000	0
4720800	0
4721600	0
4722400	0
4723200	0
4724000	0
4724800	0
4725600	1
4726400	0
4727200	0
4728000	0
4728800	0
4729600	0
4730400	0
4731200	0
4732000	0
4732800	0
4733600	0
4734400	0
4735200	0
4736000	1
4736800	0
4737600	0
4738400	0
4739200	0
4740000	0
4740800	0
4741600	0
4742400	0
4743200	0
4744000	0
4744800	0
4745600	1
4746400	0
4747200	0
4748000	0
4748800	0
4749600	1
4750400	0
4751200	0
4752000	0
4752800	0
4753600	0
4754400	0
4755200	0
4756000	0
4756800	0
4757600	0
4758400	0
4759200	1
4760000	0
4760800	0
4761600	0
4762400	0
4763200	0
4764000	0
4764800	0
4765600	0
4766400	0
4767200	0
4768000	0
4768800	0
4769600	0
4770400	0
4771200	0
4772000	0
4772800	0
4773600	0
4774400	0
4775200	0
4776000	0
4776800	0
4777600	1
4778400	0
4779200	1
4780000	1
4780800	0
4781600	0
4782400	0
4783200	0
4784000	0
4784800	0
4785600	0
4786400	0
4787200	0
4788000	0
4788800	0
4789600	1
4790400	1
4791200	0
4792000	0
4792800	0
4793600	0
4794400	1
4795200	0
4796000	0
4796800	0
4797600	0
4798400	0
4799200	0
4800000	0
4800800	0
4801600	0
4802400	0
4803200	0
4804000	0
4804800	0
4805600	0
4806400	0
4807200	0
4808000	0
4808800	0
4809600	0
4810400	0
4811200	0
4812000	0
4812800	0
4813600	0
4814400	0
4815200	0
4816000	0
4816800	0
4817600	0
4818400	0
4819200	0
4820000	0
4820800	0
4821600	0
4822400	0
4823200	0
4824000	1
4824800	0
4825600	0
4826400	0
4827200	1
4828000	1
4828800	1
4829600	1
4830400	1
4831200	0
4832000	1
4832800	1
4833600	0
4834400	1
4835200	1
4836000	1
4836800	1
4837600	1
4838400	1
4839200	0
4840000	1
4840800	1
4841600	1
4842400	1
4843200	0
4844000	0
4844800	0
4845600	1
4846400	1
4847200	1
4848000	0
4848800	1
4849600	1
4850400	1
4851200	0
4852000	0
4852800	0
4853600	0
4854400	0
4855200	0
4856000	0
4856800	1
4857600	0
4858400	1
4859200	0
4860000	0
4860800	0
4861600	1
4862400	0
4863200	0
4864000	1
4864800	0
4865600	1
4866400	0
4867200	1
4868000	0
4868800	0
4869600	1
4870400	0
4871200	0
4872000	1
4872800	0
4873600	0
4874400	0
4875200	1
4876000	1
4876800	0
4877600	0
4878400	0
4879200	1
4880000	1
4880800	0
4881600	0
4882400	1
4883200	0
4884000	0
4884800	0
4885600	0
4886400	1
4887200	1
4888000	1
4888800	1
4889600	1
4890400	1
4891200	1
4892000	1
4892800	1
4893600	1
4894400	1
4895200	1
4896000	0
4896800	1
4897600	0
4898400	0
4899200	1
4900000	0
4900800	1
4901600	1
4902400	1
4903200	1
4904000	1
4904800	1
4905600	0
4906400	1
4907200	1
4908000	1
4908800	1
4909600	1
4910400	1
4911200	1
4912000	1
4912800	1
4913600	1
4914400	0
4915200	0
4916000	0
4916800	0
4917600	1
4918400	1
4919200	0
4920000	0
4920800	1
4921600	0
4922400	1
4923200	1
4924000	1
4924800	1
4925600	1
4926400	1
4927200	0
4928000	1
4928800	1
4929600	1
4930400	0
4931200	0
4932000	0
4932800	1
4933600	0
4934400	0
4935200	1
4936000	0
4936800	0
4937600	1
4938400	0
4939200	0
4940000	0
4940800	0
4941600	0
4942400	0
4943200	1
4944000	1
4944800	1
4945600	0
4946400	1
4947200	1
4948000	1
4948800	1
4949600	1
4950400	0
4951200	0
4952000	1
4952800	1
4953600	1
4954400	1
4955200	0
4956000	0
4956800	0
4957600	0
4958400	0
4959200	0
4960000	0
4960800	1
4961600	1
4962400	0
4963200	0
4964000	0
4964800	0
4965600	0
4966400	0
4967200	0
4968000	0
4968800	1
4969600	1
4970400	1
4971200	1
4972000	0
4972800	1
4973600	0
4974400	0
4975200	0
4976000	0
4976800	0
4977600	1
4978400	0
4979200	1
4980000	1
4980800	0
4981600	0
4982400	0
4983200	0
4984000	1
4984800	1
4985600	0
4986400	1
4987200	1
4988000	0
4988800	0
4989600	0
4990400	1
4991200	0
4992000	0
4992800	0
4993600	1
4994400	1
4995200	0
4996000	0
4996800	0
4997600	0
4998400	0
4999200	0
5000000	0
5000800	0
5001600	0
5002400	0
5003200	1
5004000	1
5004800	1
5005600	0
5006400	0
5007200	0
5008000	0
5008800	0
5009600	0
5010400	1
5011200	1
5012000	1
5012800	1
5013600	0
5014400	0
5015200	0
5016000	0
5016800	0
5017600	0
5018400	1
5019200	1
5020000	0
5020800	0
5021600	0
5022400	0
5023200	1
5024000	0
5024800	1
5025600	0
5026400	0
5027200	0
5028000	1
5028800	0
5029600	1
5030400	0
5031200	0
5032000	0
5032800	0
5033600	0
5034400	0
5035200	1
5036000	0
5036800	0
5037600	1
5038400	0
5039200	0
5040000	0
5040800	0
5041600	0
5042400	1
5043200	0
5044000	0
5044800	0
5045600	0
5046400	0
5047200	0
5048000	1
5048800	0
5049600	0
5050400	0
5051200	1
5052000	0
5052800	0
5053600	0
5054400	0
5055200	0
5056000	0
5056800	0
5057600	0
5058400	1
5059200	1
5060000	0
5060800	0
5061600	0
5062400	0
5063200	0
5064000	0
5064800	0
5065600	1
5066400	1
5067200	1
5068000	1
5068800	0
5069600	1
5070400	0
5071200	0
5072000	0
5072800	0
5073600	0
5074400	0
5075200	0
5076000	1
5076800	1
5077600	0
5078400	0
5079200	1
5080000	1
5080800	1
5081600	0
5082400	0
5083200	0
5084000	0
5084800	0
5085600	0
5086400	0
5087200	1
5088000	1
5088800	1
5089600	0
5090400	0
5091200	1
5092000	0
5092800	0
5093600	0
5094400	0
5095200	0
5096000	0
5096800	0
5097600	0
5098400	1
5099200	1
5100000	1
5100800	1
5101600	1
5102400	1
5103200	0
5104000	0
5104800	0
5105600	0
5106400	0
5107200	0
5108000	0
5108800	0
5109600	0
5110400	0
5111200	0
5112000	0
5112800	0
5113600	0
5114400	0
5115200	0
5116000	0
5116800	0
5117600	0
5118400	0
5119200	0
5120000	0
5120800	0
5121600	0
5122400	0
5123200	0
5124000	0
5124800	0
5125600	0
5126400	0
5127200	0
5128000	0
5128800	0
5129600	0
5130400	0
5131200	0
5132000	1
5132800	0
5133600	0
5134400	0
5135200	0
5136000	1
5136800	1
5137600	1
5138400	0
5139200	0
5140000	0
5140800	0
5141600	0
5142400	1
5143200	0
5144000	0
5144800	0
5145600	0
5146400	1
5147200	0
5148000	0
5148800	0
5149600	0
5150400	0
5151200	1
5152000	1
5152800	1
5153600	0
5154400	1
5155200	1
5156000	1
5156800	0
5157600	0
5158400	0
5159200	0
5160000	0
5160800	0
5161600	0
5162400	0
5163200	0
5164000	0
5164800	1
5165600	0
5166400	0
5167200	0
5168000	1
5168800	0
5169600	0
5170400	0
5171200	0
5172000	0
5172800	0
5173600	0
5174400	0
5175200	0
5176000	0
5176800	1
5177600	0
5178400	0
5179200	0
5180000	0
5180800	0
5181600	0
5182400	0
5183200	0
5184000	0
5184800	1
5185600	0
5186400	0
5187200	0
5188000	0
5188800	1
5189600	0
5190400	0
5191200	0
5192000	0
5192800	0
5193600	0
5194400	0
5195200	0
5196000	0
5196800	0
5197600	0
5198400	0
5199200	0
5200000	0
5200800	0
5201600	0
5202400	0
5203200	0
5204000	0
5204800	0
5205600	0
5206400	0
5207200	0
5208000	0
5208800	0
5209600	0
5210400	0
5211200	0
5212000	0
5212800	1
5213600	0
5214400	0
5215200	0
5216000	0
5216800	0
5217600	0
5218400	0
5219200	0
5220000	0
5220800	0
5221600	0
5222400	1
5223200	1
5224000	0
5224800	1
5225600	0
5226400	1
5227200	1
5228000	1
5228800	1
5229600	0
5230400	1
5231200	0
5232000	1
5232800	1
5233600	0
5234400	0
5235200	1
5236000	0
5236800	1
5237600	0
5238400	0
5239200	1
5240000	0
5240800	0
5241600	0
5242400	0
5243200	0
5244000	0
5244800	0
5245600	0
5246400	0
5247200	1
5248000	0
5248800	0
5249600	0
5250400	0
5251200	0
5252000	0
5252800	0
5253600	0
5254400	0
5255200	0
5256000	0
5256800	0
5257600	0
5258400	1
5259200	0
5260000	1
5260800	1
5261600	0
5262400	0
5263200	0
5264000	0
5264800	0
5265600	0
5266400	0
5267200	0
5268000	0
5268800	0
5269600	0
5270400	0
5271200	0
5272000	0
5272800	1
5273600	1
5274400	1
5275200	1
5276000	0
5276800	1
5277600	0
5278400	1
5279200	1
5280000	0
5280800	0
5281600	0
5282400	1
5283200	1
5284000	1
5284800	0
5285600	0
5286400	1
5287200	1
5288000	1
5288800	1
5289600	1
5290400	1
5291200	1
5292000	0
5292800	1
5293600	1
5294400	1
5295200	0
5296000	0
5296800	1
5297600	1
5298400	0
5299200	1
5300000	1
5300800	1
5301600	0
5302400	1
5303200	1
5304000	1
5304800	1
5305600	0
5306400	0
5307200	1
5308000	1
5308800	1
5309600	1
5310400	1
5311200	1
5312000	0
5312800	1
5313600	0
5314400	1
5315200	1
5316000	0
5316800	1
5317600	1
5318400	1
5319200	1
5320000	1
5320800	1
5321600	1
5322400	1
5323200	1
5324000	1
5324800	1
5325600	1
5326400	1
5327200	0
5328000	0
5328800	1
5329600	0
5330400	0
5331200	0
5332000	1
5332800	1
5333600	0
5334400	1
5335200	1
5336000	0
5336800	0
5337600	1
5338400	1
5339200	0
5340000	1
5340800	1
5341600	1
5342400	1
5343200	1
5344000	1
5344800	0
5345600	1
5346400	1
5347200	1
5348000	0
5348800	0
5349600	0
5350400	0
5351200	0
5352000	0
5352800	0
5353600	1
5354400	1
5355200	1
5356000	0
5356800	0
5357600	0
5358400	0
5359200	1
5360000	1
5360800	0
5361600	0
5362400	1
5363200	1
5364000	1
5364800	0
5365600	1
5366400	1
5367200	0
5368000	0
5368800	0
5369600	1
5370400	1
5371200	1
5372000	1
5372800	1
5373600	1
5374400	1
5375200	0
5376000	1
5376800	1
5377600	0
5378400	0
5379200	0
5380000	0
5380800	0
5381600	0
5382400	0
5383200	0
5384000	0
5384800	1
5385600	1
5386400	0
5387200	0
5388000	1
5388800	1
5389600	0
5390400	0
5391200	0
5392000	0
5392800	0
5393600	0
5394400	0
5395200	0
5396000	0
5396800	0
5397600	0
5398400	0
5399200	0
5400000	0
5400800	0
5401600	0
5402400	0
5403200	0
5404000	0
5404800	0
5405600	0
5406400	1
5407200	0
5408000	0
5408800	0
5409600	0
5410400	0
5411200	1
5412000	0
5412800	0
5413600	1
5414400	0
5415200	0
5416000	0
5416800	0
5417600	0
5418400	0
5419200	0
5420000	0
5420800	0
5421600	0
5422400	0
5423200	1
5424000	1
5424800	0
5425600	0
5426400	0
5427200	0
5428000	0
5428800	0
5429600	0
5430400	0
5431200	0
5432000	0
5432800	0
5433600	0
5434400	0
5435200	0
5436000	0
5436800	0
5437600	0
5438400	0
5439200	1
5440000	0
5440800	0
5441600	0
5442400	0
5443200	0
5444000	0
5444800	0
5445600	0
5446400	0
5447200	0
5448000	0
5448800	0
5449600	0
5450400	0
5451200	1
5452000	0
5452800	0
5453600	0
5454400	0
5455200	0
5456000	0
5456800	0
5457600	0
5458400	0
5459200	0
5460000	0
5460800	0
5461600	0
5462400	0
5463200	0
5464000	0
5464800	0
5465600	0
5466400	0
5467200	1
5468000	0
5468800	0
5469600	0
5470400	0
5471200	0
5472000	1
5472800	0
5473600	0
5474400	0
5475200	0
5476000	0
5476800	1
5477600	1
5478400	0
5479200	1
5480000	0
5480800	0
5481600	0
5482400	0
5483200	0
5484000	0
5484800	0
5485600	0
5486400	0
5487200	0
5488000	0
5488800	0
5489600	0
5490400	0
5491200	0
5492000	0
5492800	0
5493600	0
5494400	0
5495200	0
5496000	0
5496800	0
5497600	0
5498400	0
5499200	0
5500000	0
5500800	0
5501600	0
5502400	0
5503200	0
5504000	1
5504800	0
5505600	0
5506400	0
5507200	0
5508000	0
5508800	0
5509600	0
5510400	0
5511200	1
5512000	0
5512800	0
5513600	0
5514400	0
5515200	0
5516000	0
5516800	0
5517600	0
5518400	0
5519200	0
5520000	0
5520800	0
5521600	0
5522400	0
5523200	0
5524000	0
5524800	0
5525600	0
5526400	0
5527200	0
5528000	1
5528800	0
5529600	0
5530400	0
5531200	0
5532000	0
5532800	0
5533600	0
5534400	1
5535200	1
5536000	0
5536800	0
5537600	0
5538400	0
5539200	0
5540000	0
5540800	0
5541600	0
5542400	0
5543200	0
5544000	1
5544800	0
5545600	0
5546400	0
5547200	1
5548000	0
5548800	0
5549600	0
5550400	0
5551200	0
5552000	0
5552800	0
5553600	0
5554400	0
5555200	0
5556000	0
5556800	0
5557600	0
5558400	0
5559200	0
5560000	0
5560800	0
5561600	0
5562400	0
5563200	0
5564000	0
5564800	0
5565600	1
5566400	0
5567200	1
5568000	0
5568800	1
5569600	0
5570400	1
5571200	0
5572000	1
5572800	0
5573600	0
5574400	0
5575200	0
5576000	0
5576800	0
5577600	0
5578400	0
5579200	0
5580000	0
5580800	0
5581600	0
5582400	0
5583200	0
5584000	0
5584800	0
5585600	0
5586400	0
5587200	0
5588000	0
5588800	1
5589600	0
5590400	0
5591200	0
5592000	0
5592800	0
5593600	0
5594400	0
5595200	0
5596000	0
5596800	0
5597600	0
5598400	0
5599200	1
5600000	1
5600800	0
5601600	1
5602400	0
5603200	0
5604000	0
5604800	0
5605600	0
5606400	0
5607200	0
5608000	0
5608800	0
5609600	0
5610400	0
5611200	0
5612000	0
5612800	0
5613600	0
5614400	0
5615200	0
5616000	0
5616800	0
5617600	0
5618400	0
5619200	0
5620000	0
5620800	0
5621600	0
5622400	0
5623200	0
5624000	0
5624800	0
5625600	0
5626400	0
5627200	0
5628000	0
5628800	0
5629600	0
5630400	0
5631200	0
5632000	0
5632800	1
5633600	0
5634400	0
5635200	0
5636000	0
5636800	1
5637600	0
5638400	1
5639200	1
5640000	1
5640800	1
5641600	1
5642400	0
5643200	0
5644000	0
5644800	0
5645600	1
5646400	0
5647200	0
5648000	0
5648800	0
5649600	0
5650400	0
5651200	0
5652000	0
5652800	0
5653600	0
5654400	0
5655200	0
5656000	0
5656800	0
5657600	0
5658400	0
5659200	0
5660000	0
5660800	1
5661600	1
5662400	1
5663200	0
5664000	1
5664800	0
5665600	1
5666400	0
5667200	1
5668000	1
5668800	1
5669600	0
5670400	1
5671200	0
5672000	1
5672800	1
5673600	1
5674400	0
5675200	0
5676000	0
5676800	0
5677600	0
5678400	0
5679200	0
5680000	0
5680800	0
5681600	0
5682400	0
5683200	0
5684000	0
5684800	0
5685600	0
5686400	0
5687200	0
5688000	0
5688800	0
5689600	0
5690400	0
5691200	0
5692000	0
5692800	0
5693600	1
5694400	1
5695200	1
5696000	0
5696800	1
5697600	0
5698400	0
5699200	0
5700000	1
5700800	0
5701600	0
5702400	1
5703200	1
5704000	1
5704800	1
5705600	1
5706400	1
5707200	1
5708000	1
5708800	1
5709600	1
5710400	1
5711200	1
5712000	1
5712800	1
5713600	1
5714400	1
5715200	1
5716000	1
5716800	1
5717600	1
5718400	1
5719200	1
5720000	1
5720800	0
5721600	0
5722400	0
5723200	0
5724000	1
5724800	1
5725600	1
5726400	1
5727200	1
5728000	0
5728800	0
5729600	0
5730400	0
5731200	0
5732000	0
5732800	0
5733600	1
5734400	1
5735200	1
5736000	0
5736800	0
5737600	0
5738400	0
5739200	0
5740000	0
5740800	0
5741600	0
5742400	0
5743200	0
5744000	0
5744800	0
5745600	0
5746400	0
5747200	0
5748000	0
5748800	0
5749600	0
5750400	1
5751200	1
5752000	1
5752800	0
5753600	0
5754400	0
5755200	0
5756000	1
5756800	0
5757600	0
5758400	1
5759200	1
5760000	1
5760800	1
5761600	1
5762400	1
5763200	1
5764000	0
5764800	1
5765600	1
5766400	1
5767200	1
5768000	1
5768800	1
5769600	1
5770400	0
5771200	0
5772000	1
5772800	0
5773600	0
5774400	1
5775200	1
5776000	0
5776800	1
5777600	1
5778400	1
5779200	1
5780000	1
5780800	0
5781600	1
5782400	1
5783200	1
5784000	0
5784800	0
5785600	0
5786400	1
5787200	0
5788000	0
5788800	0
5789600	1
5790400	1
5791200	1
5792000	1
5792800	1
5793600	1
5794400	1
5795200	1
5796000	0
5796800	1
5797600	1
5798400	1
5799200	1
5800000	1
5800800	1
5801600	1
5802400	1
5803200	1
5804000	1
5804800	0
5805600	1
5806400	1
5807200	1
5808000	0
5808800	0
5809600	0
5810400	1
5811200	0
5812000	0
5812800	0
5813600	0
5814400	1
5815200	1
5816000	1
5816800	1
5817600	1
5818400	1
5819200	1
5820000	1
5820800	1
5821600	0
5822400	1
5823200	0
5824000	0
5824800	0
5825600	1
5826400	1
5827200	1
5828000	0
5828800	0
5829600	0
5830400	1
5831200	1
5832000	1
5832800	1
5833600	1
5834400	0
5835200	0
5836000	0
5836800	0
5837600	0
5838400	0
5839200	0
5840000	0
5840800	1
5841600	0
5842400	0
5843200	0
5844000	0
5844800	0
5845600	0
5846400	1
5847200	1
5848000	1
5848800	1
5849600	1
5850400	0
5851200	1
5852000	0
5852800	1
5853600	0
5854400	0
5855200	0
5856000	0
5856800	0
5857600	0
5858400	0
5859200	0
5860000	0
5860800	0
5861600	0
5862400	0
5863200	0
5864000	0
5864800	0
5865600	1
5866400	0
5867200	1
5868000	0
5868800	0
5869600	0
5870400	0
5871200	0
5872000	0
5872800	0
5873600	0
5874400	0
5875200	0
5876000	0
5876800	0
5877600	0
5878400	0
5879200	0
5880000	0
5880800	0
5881600	0
5882400	0
5883200	0
5884000	0
5884800	0
5885600	0
5886400	0
5887200	0
5888000	0
5888800	0
5889600	0
5890400	0
5891200	1
5892000	0
5892800	0
5893600	0
5894400	0
5895200	0
5896000	0
5896800	1
5897600	0
5898400	0
5899200	0
5900000	0
5900800	0
5901600	0
5902400	0
5903200	0
5904000	0
5904800	0
5905600	0
5906400	0
5907200	0
5908000	0
5908800	0
5909600	0
5910400	0
5911200	0
5912000	0
5912800	0
5913600	0
5914400	0
5915200	0
5916000	0
5916800	0
5917600	0
5918400	0
5919200	0
5920000	0
5920800	0
5921600	0
5922400	0
5923200	0
5924000	0
5924800	0
5925600	1
5926400	0
5927200	0
5928000	0
5928800	0
5929600	0
5930400	0
5931200	0
5932000	1
5932800	0
5933600	0
5934400	0
5935200	0
5936000	0
5936800	0
5937600	0
5938400	0
5939200	0
5940000	0
5940800	0
5941600	0
5942400	0
5943200	0
5944000	0
5944800	0
5945600	0
5946400	0
5947200	0
5948000	0
5948800	0
5949600	0
5950400	0
5951200	1
5952000	0
5952800	0
5953600	0
5954400	0
5955200	0
5956000	0
5956800	0
5957600	0
5958400	0
5959200	0
5960000	0
5960800	0
5961600	0
5962400	0
5963200	0
5964000	0
5964800	0
5965600	0
5966400	0
5967200	0
5968000	0
5968800	0
5969600	0
5970400	0
5971200	0
5972000	0
5972800	0
5973600	0
5974400	1
5975200	1
5976000	0
5976800	0
5977600	0
5978400	0
5979200	0
5980000	0
5980800	0
5981600	0
5982400	0
5983200	0
5984000	0
5984800	0
5985600	0
5986400	0
5987200	0
5988000	0
5988800	0
5989600	0
5990400	0
5991200	0
5992000	0
5992800	0
5993600	0
5994400	0
5995200	0
5996000	0
5996800	0
5997600	0
5998400	0
5999200	0
6000000	0
