600	0.0
1200	0.0
1800	1.0
2400	0.0
3000	1.0
3600	0.0
4200	0.0
4800	1.0
5400	0.0
6000	0.0
6600	1.0
7200	0.0
7800	1.0
8400	0.0
9000	1.0
9600	0.0
10200	0.0
10800	1.0
11400	0.0
12000	1.0
12600	0.0
13200	0.0
13800	0.0
14400	1.0
15000	0.0
15600	0.0
16200	0.0
16800	1.0
17400	0.0
18000	0.0
18600	1.0
19200	0.0
19800	0.0
20400	1.0
21000	0.0
21600	1.0
22200	1.0
22800	0.0
23400	0.0
24000	1.0
24600	0.0
25200	0.0
25800	1.0
26400	0.0
27000	0.0
27600	0.0
28200	0.0
28800	2.0
29400	0.0
30000	1.0
30600	0.0
31200	0.0
31800	0.0
32400	1.0
33000	0.0
33600	1.0
34200	0.0
34800	0.0
35400	0.0
36000	0.0
36600	0.0
37200	1.0
37800	0.0
38400	1.0
39000	0.0
39600	0.0
40200	1.0
40800	0.0
41400	0.0
42000	1.0
42600	0.0
43200	0.0
43800	0.0
44400	1.0
45000	0.0
45600	1.0
46200	0.0
46800	0.0
47400	0.0
48000	0.0
48600	0.0
49200	1.0
49800	1.0
50400	0.0
51000	0.0
51600	1.0
52200	0.0
52800	1.0
53400	0.0
54000	0.0
54600	0.0
55200	0.0
55800	1.0
56400	0.0
57000	1.0
57600	0.0
58200	0.0
58800	0.0
59400	0.0
60000	1.0
60600	0.0
61200	0.0
61800	0.0
62400	0.0
63000	0.0
63600	1.0
64200	0.0
64800	1.0
65400	0.0
66000	1.0
66600	0.0
67200	0.0
67800	1.0
68400	0.0
69000	0.0
69600	0.0
70200	1.0
70800	0.0
71400	0.0
72000	1.0
72600	0.0
73200	1.0
73800	1.0
74400	0.0
75000	0.0
75600	0.0
76200	0.0
76800	0.0
77400	0.0
78000	0.0
78600	0.0
79200	1.0
79800	0.0
80400	0.0
81000	0.0
81600	1.0
82200	0.0
82800	0.0
83400	1.0
84000	0.0
84600	0.0
85200	1.0
85800	0.0
86400	1.0
87000	0.0
87600	0.0
88200	1.0
88800	0.0
89400	0.0
90000	1.0
90600	0.0
91200	0.0
91800	0.0
92400	1.0
93000	0.0
93600	0.0
94200	0.0
94800	1.0
95400	0.0
96000	0.0
96600	1.0
97200	0.0
97800	1.0
98400	0.0
99000	1.0
99600	0.0
100200	0.0
100800	0.0
101400	1.0
102000	1.0
102600	0.0
103200	0.0
103800	1.0
104400	0.0
105000	0.0
105600	1.0
106200	0.0
106800	0.0
107400	0.0
108000	1.0
108600	0.0
109200	0.0
109800	0.0
110400	1.0
111000	0.0
111600	1.0
112200	0.0
112800	0.0
113400	0.0
114000	1.0
114600	0.0
115200	0.0
115800	0.0
116400	1.0
117000	0.0
117600	2.0
118200	0.0
118800	0.0
119400	0.0
120000	1.0
120600	0.0
121200	0.0
121800	0.0
122400	1.0
123000	0.0
123600	1.0
124200	0.0
124800	0.0
125400	0.0
126000	0.0
126600	0.0
127200	0.0
127800	1.0
128400	0.0
129000	1.0
129600	0.0
130200	0.0
130800	1.0
131400	0.0
132000	0.0
132600	0.0
133200	1.0
133800	0.0
134400	0.0
135000	0.0
135600	0.0
136200	1.0
136800	0.0
137400	1.0
138000	0.0
138600	1.0
139200	0.0
139800	0.0
140400	1.0
141000	0.0
141600	1.0
142200	0.0
142800	1.0
143400	0.0
144000	0.0
144600	0.0
145200	1.0
145800	0.0
146400	0.0
147000	0.0
147600	0.0
148200	1.0
148800	0.0
149400	0.0
150000	1.0
150600	0.0
151200	1.0
151800	0.0
152400	1.0
153000	1.0
153600	0.0
154200	1.0
154800	1.0
155400	0.0
156000	0.0
156600	0.0
157200	1.0
157800	0.0
158400	0.0
159000	0.0
159600	1.0
160200	0.0
160800	0.0
161400	0.0
162000	1.0
162600	0.0
163200	1.0
163800	0.0
164400	1.0
165000	0.0
165600	0.0
166200	0.0
166800	0.0
167400	0.0
168000	1.0
168600	0.0
169200	0.0
169800	1.0
170400	0.0
171000	0.0
171600	0.0
172200	1.0
172800	0.0
173400	1.0
174000	1.0
174600	0.0
175200	1.0
175800	0.0
176400	0.0
177000	0.0
177600	1.0
178200	0.0
178800	0.0
179400	0.0
180000	1.0
180600	0.0
181200	0.0
181800	0.0
182400	0.0
183000	1.0
183600	0.0
184200	1.0
184800	0.0
185400	0.0
186000	0.0
186600	0.0
187200	1.0
187800	0.0
188400	0.0
189000	1.0
189600	0.0
190200	0.0
190800	1.0
191400	0.0
192000	0.0
192600	1.0
193200	0.0
193800	0.0
194400	1.0
195000	0.0
195600	1.0
196200	0.0
196800	0.0
197400	0.0
198000	0.0
198600	1.0
199200	0.0
199800	1.0
200400	0.0
201000	0.0
201600	1.0
202200	0.0
202800	0.0
203400	0.0
204000	0.0
204600	0.0
205200	1.0
205800	0.0
206400	0.0
207000	0.0
207600	1.0
208200	0.0
208800	1.0
209400	0.0
210000	0.0
210600	0.0
211200	0.0
211800	0.0
212400	1.0
213000	0.0
213600	1.0
214200	0.0
214800	0.0
215400	1.0
216000	0.0
216600	0.0
217200	0.0
217800	1.0
218400	0.0
219000	0.0
219600	1.0
220200	0.0
220800	0.0
221400	1.0
222000	0.0
222600	1.0
223200	0.0
223800	1.0
224400	1.0
225000	0.0
225600	0.0
226200	0.0
226800	0.0
227400	1.0
228000	0.0
228600	0.0
229200	1.0
229800	1.0
230400	1.0
231000	0.0
231600	0.0
232200	0.0
232800	0.0
233400	1.0
234000	0.0
234600	1.0
235200	1.0
235800	0.0
236400	1.0
237000	0.0
237600	0.0
238200	0.0
238800	0.0
239400	0.0
240000	0.0
240600	1.0
241200	0.0
241800	0.0
242400	1.0
243000	0.0
243600	0.0
244200	1.0
244800	0.0
245400	0.0
246000	0.0
246600	1.0
247200	0.0
247800	0.0
248400	1.0
249000	0.0
249600	0.0
250200	0.0
250800	1.0
251400	0.0
252000	0.0
252600	1.0
253200	0.0
253800	0.0
254400	1.0
255000	0.0
255600	0.0
256200	1.0
256800	0.0
257400	1.0
258000	0.0
258600	0.0
259200	1.0
259800	0.0
260400	0.0
261000	1.0
261600	0.0
262200	0.0
262800	1.0
263400	0.0
264000	1.0
264600	1.0
265200	0.0
265800	0.0
266400	0.0
267000	1.0
267600	0.0
268200	0.0
268800	1.0
269400	0.0
270000	1.0
270600	0.0
271200	0.0
271800	0.0
272400	0.0
273000	0.0
273600	0.0
274200	1.0
274800	1.0
275400	0.0
276000	0.0
276600	0.0
277200	1.0
277800	0.0
278400	1.0
279000	0.0
279600	1.0
280200	0.0
280800	0.0
281400	0.0
282000	0.0
282600	0.0
283200	1.0
283800	0.0
284400	1.0
285000	0.0
285600	0.0
286200	0.0
286800	1.0
287400	0.0
288000	0.0
288600	0.0
289200	0.0
289800	1.0
290400	0.0
291000	0.0
291600	1.0
292200	1.0
292800	0.0
293400	0.0
294000	1.0
294600	0.0
295200	0.0
295800	0.0
296400	0.0
297000	0.0
297600	0.0
298200	0.0
298800	1.0
299400	0.0
300000	0.0
300600	0.0
301200	0.0
301800	1.0
302400	0.0
303000	0.0
303600	1.0
304200	0.0
304800	0.0
305400	1.0
306000	1.0
306600	0.0
307200	0.0
307800	1.0
308400	0.0
309000	0.0
309600	0.0
310200	0.0
310800	1.0
311400	0.0
312000	0.0
312600	0.0
313200	1.0
313800	0.0
314400	1.0
315000	0.0
315600	1.0
316200	0.0
316800	0.0
317400	0.0
318000	1.0
318600	1.0
319200	0.0
319800	1.0
320400	0.0
321000	0.0
321600	0.0
322200	1.0
322800	0.0
323400	0.0
324000	0.0
324600	0.0
325200	0.0
325800	0.0
326400	0.0
327000	0.0
327600	1.0
328200	0.0
328800	0.0
329400	0.0
330000	1.0
330600	0.0
331200	0.0
331800	0.0
332400	0.0
333000	1.0
333600	0.0
334200	0.0
334800	0.0
335400	0.0
336000	0.0
336600	1.0
337200	0.0
337800	0.0
338400	1.0
339000	0.0
339600	0.0
340200	0.0
340800	0.0
341400	1.0
342000	0.0
342600	1.0
343200	0.0
343800	0.0
344400	0.0
345000	0.0
345600	1.0
346200	0.0
346800	0.0
347400	1.0
348000	1.0
348600	1.0
349200	0.0
349800	0.0
350400	1.0
351000	0.0
351600	1.0
352200	0.0
352800	1.0
353400	1.0
354000	0.0
354600	1.0
355200	0.0
355800	0.0
356400	0.0
357000	0.0
357600	1.0
358200	0.0
358800	1.0
359400	0.0
360000	0.0
360600	0.0
361200	0.0
361800	0.0
362400	1.0
363000	0.0
363600	0.0
364200	0.0
364800	0.0
365400	1.0
366000	0.0
366600	0.0
367200	0.0
367800	0.0
368400	1.0
369000	0.0
369600	0.0
370200	1.0
370800	0.0
371400	0.0
372000	0.0
372600	0.0
373200	1.0
373800	0.0
374400	1.0
375000	0.0
375600	0.0
376200	1.0
376800	0.0
377400	0.0
378000	1.0
378600	0.0
379200	0.0
379800	0.0
380400	1.0
381000	0.0
381600	0.0
382200	0.0
382800	0.0
383400	1.0
384000	1.0
384600	0.0
385200	0.0
385800	0.0
386400	0.0
387000	1.0
387600	0.0
388200	0.0
388800	0.0
389400	1.0
390000	0.0
390600	1.0
391200	0.0
391800	1.0
392400	0.0
393000	1.0
393600	0.0
394200	0.0
394800	1.0
395400	0.0
396000	0.0
396600	0.0
397200	1.0
397800	0.0
398400	0.0
399000	1.0
399600	0.0
400200	0.0
400800	0.0
401400	0.0
402000	1.0
402600	0.0
403200	0.0
403800	1.0
404400	1.0
405000	0.0
405600	1.0
406200	0.0
406800	0.0
407400	0.0
408000	1.0
408600	0.0
409200	1.0
409800	0.0
410400	1.0
411000	0.0
411600	1.0
412200	0.0
412800	0.0
413400	0.0
414000	0.0
414600	0.0
415200	0.0
415800	1.0
416400	0.0
417000	0.0
417600	0.0
418200	0.0
418800	1.0
419400	0.0
420000	1.0
420600	0.0
421200	0.0
421800	1.0
422400	1.0
423000	0.0
423600	1.0
424200	0.0
424800	1.0
425400	0.0
426000	0.0
426600	1.0
427200	0.0
427800	1.0
428400	0.0
429000	0.0
429600	1.0
430200	1.0
430800	0.0
431400	1.0
432000	0.0
432600	1.0
433200	0.0
433800	0.0
434400	0.0
435000	1.0
435600	0.0
436200	0.0
436800	0.0
437400	1.0
438000	1.0
438600	0.0
439200	0.0
439800	0.0
440400	1.0
441000	0.0
441600	0.0
442200	1.0
442800	0.0
443400	1.0
444000	0.0
444600	0.0
445200	0.0
445800	1.0
446400	0.0
447000	0.0
447600	0.0
448200	1.0
448800	0.0
449400	0.0
450000	0.0
450600	0.0
451200	1.0
451800	0.0
452400	1.0
453000	0.0
453600	0.0
454200	1.0
454800	0.0
455400	0.0
456000	0.0
456600	1.0
457200	0.0
457800	0.0
458400	0.0
459000	0.0
459600	1.0
460200	0.0
460800	0.0
461400	0.0
462000	1.0
462600	0.0
463200	1.0
463800	0.0
464400	0.0
465000	0.0
465600	0.0
466200	0.0
466800	0.0
467400	1.0
468000	0.0
468600	0.0
469200	0.0
469800	0.0
470400	1.0
471000	0.0
471600	0.0
472200	0.0
472800	0.0
473400	0.0
474000	0.0
474600	1.0
475200	1.0
475800	0.0
476400	1.0
477000	0.0
477600	0.0
478200	1.0
478800	0.0
479400	1.0
480000	0.0
480600	0.0
481200	0.0
481800	1.0
482400	1.0
483000	0.0
483600	0.0
484200	0.0
484800	0.0
485400	0.0
486000	1.0
486600	1.0
487200	0.0
487800	0.0
488400	0.0
489000	0.0
489600	1.0
490200	0.0
490800	0.0
491400	1.0
492000	0.0
492600	0.0
493200	1.0
493800	0.0
494400	1.0
495000	0.0
495600	0.0
496200	1.0
496800	0.0
497400	0.0
498000	1.0
498600	0.0
499200	0.0
499800	0.0
500400	1.0
501000	0.0
501600	1.0
502200	0.0
502800	1.0
503400	0.0
504000	1.0
504600	0.0
505200	1.0
505800	0.0
506400	0.0
507000	1.0
507600	0.0
508200	1.0
508800	1.0
509400	0.0
510000	0.0
510600	0.0
511200	1.0
511800	0.0
512400	1.0
513000	0.0
513600	0.0
514200	0.0
514800	0.0
515400	1.0
516000	0.0
516600	0.0
517200	0.0
517800	1.0
518400	0.0
519000	1.0
519600	0.0
520200	0.0
520800	0.0
521400	0.0
522000	1.0
522600	1.0
523200	0.0
523800	0.0
524400	0.0
525000	1.0
525600	0.0
526200	1.0
526800	0.0
527400	0.0
528000	0.0
528600	1.0
529200	0.0
529800	0.0
530400	1.0
531000	0.0
531600	0.0
532200	0.0
532800	1.0
533400	0.0
534000	1.0
534600	0.0
535200	0.0
535800	0.0
536400	0.0
537000	1.0
537600	0.0
538200	0.0
538800	1.0
539400	0.0
540000	0.0
540600	1.0
541200	0.0
541800	0.0
542400	1.0
543000	0.0
543600	1.0
544200	0.0
544800	1.0
545400	1.0
546000	0.0
546600	0.0
547200	0.0
547800	0.0
548400	1.0
549000	0.0
549600	0.0
550200	0.0
550800	1.0
551400	0.0
552000	1.0
552600	0.0
553200	0.0
553800	0.0
554400	1.0
555000	0.0
555600	0.0
556200	1.0
556800	0.0
557400	0.0
558000	1.0
558600	0.0
559200	0.0
559800	1.0
560400	1.0
561000	0.0
561600	0.0
562200	1.0
562800	0.0
563400	0.0
564000	1.0
564600	0.0
565200	1.0
565800	0.0
566400	0.0
567000	1.0
567600	0.0
568200	0.0
568800	0.0
569400	1.0
570000	0.0
570600	1.0
571200	0.0
571800	0.0
572400	0.0
573000	1.0
573600	0.0
574200	0.0
574800	1.0
575400	1.0
576000	0.0
576600	1.0
577200	0.0
577800	0.0
578400	1.0
579000	0.0
579600	0.0
580200	0.0
580800	0.0
581400	1.0
582000	1.0
582600	0.0
583200	0.0
583800	0.0
584400	0.0
585000	0.0
585600	1.0
586200	0.0
586800	1.0
587400	0.0
588000	0.0
588600	1.0
589200	0.0
589800	0.0
590400	0.0
591000	1.0
591600	0.0
592200	0.0
592800	0.0
593400	0.0
594000	0.0
594600	0.0
595200	0.0
595800	0.0
596400	0.0
597000	0.0
597600	0.0
598200	1.0
598800	0.0
599400	0.0
600000	0.0
