800	0.0
1600	0.0
2400	0.0
3200	0.0
4000	0.0
4800	1.0
5600	0.0
6400	0.0
7200	0.0
8000	0.0
8800	0.0
9600	1.0
10400	0.0
11200	1.0
12000	0.0
12800	0.0
13600	0.0
14400	1.0
15200	0.0
16000	1.0
16800	0.0
17600	0.0
18400	0.0
19200	0.0
20000	0.0
20800	0.0
21600	0.0
22400	0.0
23200	0.0
24000	0.0
24800	0.0
25600	0.0
26400	0.0
27200	0.0
28000	0.0
28800	0.0
29600	0.0
30400	0.0
31200	0.0
32000	0.0
32800	1.0
33600	0.0
34400	0.0
35200	0.0
36000	0.0
36800	0.0
37600	0.0
38400	0.0
39200	0.0
40000	0.0
40800	0.0
41600	0.0
42400	1.0
43200	0.0
44000	0.0
44800	1.0
45600	0.0
46400	0.0
47200	0.0
48000	0.0
48800	0.0
49600	0.0
50400	0.0
51200	0.0
52000	0.0
52800	0.0
53600	0.0
54400	1.0
55200	0.0
56000	0.0
56800	0.0
57600	0.0
58400	0.0
59200	1.0
60000	0.0
60800	0.0
61600	0.0
62400	1.0
63200	0.0
64000	0.0
64800	0.0
65600	0.0
66400	1.0
67200	0.0
68000	0.0
68800	0.0
69600	0.0
70400	0.0
71200	0.0
72000	0.0
72800	0.0
73600	0.0
74400	0.0
75200	0.0
76000	1.0
76800	0.0
77600	1.0
78400	0.0
79200	0.0
80000	0.0
80800	0.0
81600	0.0
82400	1.0
83200	0.0
84000	0.0
84800	1.0
85600	0.0
86400	0.0
87200	0.0
88000	0.0
88800	0.0
89600	0.0
90400	0.0
91200	0.0
92000	0.0
92800	0.0
93600	0.0
94400	0.0
95200	0.0
96000	0.0
96800	0.0
97600	0.0
98400	1.0
99200	0.0
100000	0.0
100800	0.0
101600	0.0
102400	0.0
103200	1.0
104000	0.0
104800	0.0
105600	1.0
106400	0.0
107200	1.0
108000	0.0
108800	0.0
109600	0.0
110400	0.0
111200	1.0
112000	0.0
112800	0.0
113600	0.0
114400	0.0
115200	0.0
116000	0.0
116800	0.0
117600	0.0
118400	0.0
119200	0.0
120000	0.0
120800	0.0
121600	0.0
122400	0.0
123200	0.0
124000	1.0
124800	0.0
125600	0.0
126400	1.0
127200	0.0
128000	0.0
128800	0.0
129600	0.0
130400	0.0
131200	0.0
132000	0.0
132800	0.0
133600	0.0
134400	0.0
135200	0.0
136000	0.0
136800	0.0
137600	0.0
138400	0.0
139200	1.0
140000	0.0
140800	0.0
141600	0.0
142400	0.0
143200	0.0
144000	1.0
144800	0.0
145600	0.0
146400	0.0
147200	0.0
148000	1.0
148800	0.0
149600	0.0
150400	0.0
151200	0.0
152000	1.0
152800	0.0
153600	0.0
154400	0.0
155200	0.0
156000	1.0
156800	0.0
157600	0.0
158400	0.0
159200	0.0
160000	0.0
160800	0.0
161600	0.0
162400	0.0
163200	1.0
164000	0.0
164800	0.0
165600	0.0
166400	0.0
167200	0.0
168000	0.0
168800	0.0
169600	0.0
170400	0.0
171200	0.0
172000	0.0
172800	1.0
173600	0.0
174400	0.0
175200	1.0
176000	0.0
176800	0.0
177600	0.0
178400	0.0
179200	0.0
180000	0.0
180800	0.0
181600	1.0
182400	0.0
183200	0.0
184000	0.0
184800	0.0
185600	0.0
186400	1.0
187200	0.0
188000	0.0
188800	0.0
189600	0.0
190400	0.0
191200	1.0
192000	0.0
192800	0.0
193600	0.0
194400	0.0
195200	1.0
196000	0.0
196800	0.0
197600	0.0
198400	0.0
199200	0.0
200000	0.0
200800	0.0
201600	0.0
202400	1.0
203200	0.0
204000	0.0
204800	0.0
205600	1.0
206400	0.0
207200	0.0
208000	0.0
208800	0.0
209600	0.0
210400	0.0
211200	0.0
212000	0.0
212800	0.0
213600	0.0
214400	0.0
215200	0.0
216000	0.0
216800	0.0
217600	0.0
218400	0.0
219200	0.0
220000	1.0
220800	0.0
221600	0.0
222400	0.0
223200	0.0
224000	0.0
224800	0.0
225600	0.0
226400	0.0
227200	0.0
228000	0.0
228800	0.0
229600	0.0
230400	0.0
231200	0.0
232000	0.0
232800	0.0
233600	1.0
234400	0.0
235200	0.0
236000	0.0
236800	0.0
237600	0.0
238400	0.0
239200	0.0
240000	0.0
240800	0.0
241600	1.0
242400	0.0
243200	0.0
244000	1.0
244800	0.0
245600	0.0
246400	1.0
247200	0.0
248000	0.0
248800	0.0
249600	0.0
250400	0.0
251200	1.0
252000	0.0
252800	0.0
253600	0.0
254400	0.0
255200	0.0
256000	0.0
256800	0.0
257600	0.0
258400	1.0
259200	0.0
260000	1.0
260800	0.0
261600	0.0
262400	0.0
263200	0.0
264000	0.0
264800	0.0
265600	0.0
266400	0.0
267200	0.0
268000	0.0
268800	0.0
269600	0.0
270400	0.0
271200	0.0
272000	0.0
272800	0.0
273600	0.0
274400	0.0
275200	0.0
276000	0.0
276800	0.0
277600	0.0
278400	0.0
279200	0.0
280000	0.0
280800	0.0
281600	0.0
282400	0.0
283200	0.0
284000	0.0
284800	0.0
285600	0.0
286400	0.0
287200	1.0
288000	0.0
288800	0.0
289600	0.0
290400	0.0
291200	0.0
292000	0.0
292800	0.0
293600	0.0
294400	0.0
295200	0.0
296000	0.0
296800	0.0
297600	0.0
298400	0.0
299200	0.0
300000	0.0
300800	0.0
301600	0.0
302400	0.0
303200	0.0
304000	0.0
304800	0.0
305600	0.0
306400	0.0
307200	0.0
308000	0.0
308800	0.0
309600	0.0
310400	0.0
311200	0.0
312000	0.0
312800	0.0
313600	0.0
314400	0.0
315200	0.0
316000	0.0
316800	0.0
317600	0.0
318400	0.0
319200	0.0
320000	0.0
320800	0.0
321600	0.0
322400	0.0
323200	0.0
324000	0.0
324800	0.0
325600	0.0
326400	0.0
327200	0.0
328000	0.0
328800	0.0
329600	0.0
330400	0.0
331200	0.0
332000	0.0
332800	0.0
333600	0.0
334400	0.0
335200	0.0
336000	0.0
336800	0.0
337600	0.0
338400	0.0
339200	0.0
340000	0.0
340800	0.0
341600	0.0
342400	0.0
343200	0.0
344000	0.0
344800	0.0
345600	0.0
346400	0.0
347200	0.0
348000	0.0
348800	1.0
349600	0.0
350400	0.0
351200	0.0
352000	0.0
352800	0.0
353600	0.0
354400	0.0
355200	0.0
356000	0.0
356800	0.0
357600	1.0
358400	0.0
359200	0.0
360000	0.0
360800	0.0
361600	0.0
362400	0.0
363200	0.0
364000	0.0
364800	1.0
365600	0.0
366400	1.0
367200	0.0
368000	0.0
368800	0.0
369600	1.0
370400	0.0
371200	0.0
372000	1.0
372800	0.0
373600	0.0
374400	0.0
375200	0.0
376000	0.0
376800	0.0
377600	0.0
378400	1.0
379200	0.0
380000	0.0
380800	0.0
381600	0.0
382400	0.0
383200	0.0
384000	0.0
384800	0.0
385600	0.0
386400	0.0
387200	1.0
388000	0.0
388800	0.0
389600	0.0
390400	0.0
391200	0.0
392000	0.0
392800	0.0
393600	0.0
394400	0.0
395200	0.0
396000	0.0
396800	1.0
397600	0.0
398400	0.0
399200	0.0
400000	0.0
400800	1.0
401600	0.0
402400	0.0
403200	0.0
404000	1.0
404800	0.0
405600	0.0
406400	0.0
407200	0.0
408000	1.0
408800	0.0
409600	0.0
410400	1.0
411200	0.0
412000	0.0
412800	1.0
413600	0.0
414400	0.0
415200	0.0
416000	0.0
416800	0.0
417600	0.0
418400	0.0
419200	0.0
420000	0.0
420800	1.0
421600	0.0
422400	0.0
423200	0.0
424000	0.0
424800	0.0
425600	0.0
426400	0.0
427200	0.0
428000	0.0
428800	0.0
429600	0.0
430400	1.0
431200	0.0
432000	1.0
432800	0.0
433600	0.0
434400	0.0
435200	0.0
436000	1.0
436800	0.0
437600	0.0
438400	0.0
439200	0.0
440000	0.0
440800	0.0
441600	0.0
442400	0.0
443200	0.0
444000	0.0
444800	0.0
445600	1.0
446400	0.0
447200	0.0
448000	0.0
448800	0.0
449600	1.0
450400	0.0
451200	0.0
452000	0.0
452800	0.0
453600	1.0
454400	0.0
455200	0.0
456000	0.0
456800	0.0
457600	0.0
458400	1.0
459200	0.0
460000	0.0
460800	1.0
461600	0.0
462400	0.0
463200	0.0
464000	0.0
464800	0.0
465600	0.0
466400	0.0
467200	0.0
468000	0.0
468800	1.0
469600	0.0
470400	1.0
471200	0.0
472000	1.0
472800	0.0
473600	0.0
474400	0.0
475200	0.0
476000	0.0
476800	0.0
477600	0.0
478400	0.0
479200	0.0
480000	0.0
480800	0.0
481600	0.0
482400	0.0
483200	0.0
484000	0.0
484800	0.0
485600	0.0
486400	0.0
487200	1.0
488000	0.0
488800	1.0
489600	0.0
490400	0.0
491200	0.0
492000	1.0
492800	0.0
493600	0.0
494400	1.0
495200	0.0
496000	0.0
496800	0.0
497600	0.0
498400	1.0
499200	0.0
500000	0.0
500800	1.0
501600	0.0
502400	1.0
503200	0.0
504000	0.0
504800	1.0
505600	0.0
506400	0.0
507200	0.0
508000	1.0
508800	0.0
509600	0.0
510400	0.0
511200	0.0
512000	0.0
512800	0.0
513600	0.0
514400	0.0
515200	0.0
516000	0.0
516800	0.0
517600	0.0
518400	0.0
519200	0.0
520000	0.0
520800	0.0
521600	0.0
522400	0.0
523200	0.0
524000	0.0
524800	0.0
525600	0.0
526400	0.0
527200	0.0
528000	0.0
528800	0.0
529600	0.0
530400	0.0
531200	1.0
532000	0.0
532800	0.0
533600	0.0
534400	0.0
535200	0.0
536000	0.0
536800	0.0
537600	0.0
538400	0.0
539200	0.0
540000	0.0
540800	0.0
541600	0.0
542400	1.0
543200	0.0
544000	0.0
544800	0.0
545600	0.0
546400	0.0
547200	0.0
548000	0.0
548800	0.0
549600	0.0
550400	0.0
551200	0.0
552000	0.0
552800	0.0
553600	0.0
554400	0.0
555200	0.0
556000	0.0
556800	0.0
557600	0.0
558400	0.0
559200	1.0
560000	0.0
560800	0.0
561600	0.0
562400	0.0
563200	0.0
564000	0.0
564800	0.0
565600	0.0
566400	1.0
567200	0.0
568000	0.0
568800	0.0
569600	0.0
570400	0.0
571200	0.0
572000	0.0
572800	0.0
573600	0.0
574400	0.0
575200	0.0
576000	0.0
576800	0.0
577600	0.0
578400	0.0
579200	0.0
580000	0.0
580800	0.0
581600	1.0
582400	0.0
583200	0.0
584000	0.0
584800	0.0
585600	0.0
586400	0.0
587200	1.0
588000	1.0
588800	0.0
589600	0.0
590400	1.0
591200	0.0
592000	0.0
592800	0.0
593600	0.0
594400	0.0
595200	0.0
596000	1.0
596800	0.0
597600	0.0
598400	1.0
599200	0.0
600000	0.0
600800	1.0
601600	1.0
602400	0.0
603200	0.0
604000	0.0
604800	0.0
605600	0.0
606400	0.0
607200	0.0
608000	0.0
608800	0.0
609600	0.0
610400	0.0
611200	0.0
612000	0.0
612800	0.0
613600	0.0
614400	0.0
615200	0.0
616000	0.0
616800	1.0
617600	0.0
618400	0.0
619200	0.0
620000	0.0
620800	0.0
621600	1.0
622400	0.0
623200	0.0
624000	0.0
624800	0.0
625600	0.0
626400	1.0
627200	0.0
628000	0.0
628800	1.0
629600	0.0
630400	0.0
631200	0.0
632000	0.0
632800	0.0
633600	0.0
634400	0.0
635200	0.0
636000	0.0
636800	0.0
637600	0.0
638400	1.0
639200	0.0
640000	0.0
640800	0.0
641600	0.0
642400	0.0
643200	1.0
644000	0.0
644800	0.0
645600	0.0
646400	1.0
647200	0.0
648000	0.0
648800	0.0
649600	1.0
650400	0.0
651200	0.0
652000	0.0
652800	0.0
653600	0.0
654400	0.0
655200	1.0
656000	1.0
656800	0.0
657600	1.0
658400	1.0
659200	1.0
660000	0.0
660800	0.0
661600	0.0
662400	0.0
663200	0.0
664000	0.0
664800	0.0
665600	0.0
666400	0.0
667200	2.0
668000	1.0
668800	1.0
669600	1.0
670400	0.0
671200	0.0
672000	0.0
672800	0.0
673600	0.0
674400	0.0
675200	1.0
676000	0.0
676800	0.0
677600	0.0
678400	1.0
679200	0.0
680000	0.0
680800	0.0
681600	0.0
682400	0.0
683200	1.0
684000	0.0
684800	1.0
685600	0.0
686400	0.0
687200	0.0
688000	0.0
688800	0.0
689600	0.0
690400	0.0
691200	0.0
692000	0.0
692800	0.0
693600	0.0
694400	1.0
695200	0.0
696000	0.0
696800	0.0
697600	0.0
698400	0.0
699200	0.0
700000	0.0
700800	1.0
701600	2.0
702400	1.0
703200	1.0
704000	1.0
704800	0.0
705600	1.0
706400	1.0
707200	0.0
708000	0.0
708800	0.0
709600	0.0
710400	0.0
711200	0.0
712000	1.0
712800	1.0
713600	0.0
714400	0.0
715200	1.0
716000	1.0
716800	0.0
717600	0.0
718400	0.0
719200	1.0
720000	1.0
720800	1.0
721600	1.0
722400	0.0
723200	0.0
724000	0.0
724800	0.0
725600	1.0
726400	1.0
727200	1.0
728000	0.0
728800	0.0
729600	1.0
730400	1.0
731200	1.0
732000	0.0
732800	1.0
733600	0.0
734400	0.0
735200	2.0
736000	0.0
736800	0.0
737600	0.0
738400	1.0
739200	0.0
740000	0.0
740800	0.0
741600	0.0
742400	1.0
743200	0.0
744000	0.0
744800	1.0
745600	0.0
746400	0.0
747200	0.0
748000	0.0
748800	1.0
749600	1.0
750400	0.0
751200	1.0
752000	0.0
752800	0.0
753600	0.0
754400	0.0
755200	0.0
756000	0.0
756800	0.0
757600	0.0
758400	1.0
759200	2.0
760000	0.0
760800	0.0
761600	0.0
762400	0.0
763200	0.0
764000	0.0
764800	2.0
765600	1.0
766400	1.0
767200	1.0
768000	1.0
768800	1.0
769600	1.0
770400	0.0
771200	1.0
772000	1.0
772800	0.0
773600	0.0
774400	0.0
775200	0.0
776000	0.0
776800	0.0
777600	1.0
778400	0.0
779200	0.0
780000	0.0
780800	0.0
781600	0.0
782400	0.0
783200	1.0
784000	0.0
784800	1.0
785600	1.0
786400	1.0
787200	0.0
788000	0.0
788800	0.0
789600	0.0
790400	0.0
791200	0.0
792000	0.0
792800	1.0
793600	0.0
794400	1.0
795200	0.0
796000	0.0
796800	0.0
797600	0.0
798400	0.0
799200	1.0
800000	1.0
800800	0.0
801600	0.0
802400	1.0
803200	1.0
804000	0.0
804800	0.0
805600	0.0
806400	0.0
807200	1.0
808000	0.0
808800	0.0
809600	1.0
810400	2.0
811200	2.0
812000	1.0
812800	3.0
813600	1.0
814400	0.0
815200	0.0
816000	0.0
816800	0.0
817600	0.0
818400	0.0
819200	2.0
820000	2.0
820800	3.0
821600	0.0
822400	0.0
823200	0.0
824000	0.0
824800	0.0
825600	0.0
826400	1.0
827200	0.0
828000	0.0
828800	0.0
829600	0.0
830400	0.0
831200	0.0
832000	0.0
832800	0.0
833600	0.0
834400	0.0
835200	0.0
836000	0.0
836800	0.0
837600	0.0
838400	1.0
839200	0.0
840000	0.0
840800	3.0
841600	0.0
842400	1.0
843200	0.0
844000	0.0
844800	0.0
845600	0.0
846400	2.0
847200	0.0
848000	0.0
848800	0.0
849600	1.0
850400	1.0
851200	0.0
852000	2.0
852800	1.0
853600	0.0
854400	2.0
855200	0.0
856000	0.0
856800	0.0
857600	0.0
858400	0.0
859200	0.0
860000	1.0
860800	1.0
861600	1.0
862400	0.0
863200	0.0
864000	0.0
864800	0.0
865600	0.0
866400	1.0
867200	0.0
868000	0.0
868800	0.0
869600	0.0
870400	0.0
871200	0.0
872000	0.0
872800	0.0
873600	0.0
874400	0.0
875200	0.0
876000	0.0
876800	1.0
877600	2.0
878400	1.0
879200	1.0
880000	0.0
880800	0.0
881600	0.0
882400	0.0
883200	0.0
884000	0.0
884800	0.0
885600	0.0
886400	0.0
887200	0.0
888000	0.0
888800	1.0
889600	0.0
890400	0.0
891200	0.0
892000	1.0
892800	0.0
893600	0.0
894400	0.0
895200	0.0
896000	0.0
896800	0.0
897600	0.0
898400	0.0
899200	0.0
900000	0.0
900800	0.0
901600	0.0
902400	0.0
903200	0.0
904000	0.0
904800	0.0
905600	0.0
906400	0.0
907200	0.0
908000	0.0
908800	0.0
909600	1.0
910400	0.0
911200	0.0
912000	0.0
912800	0.0
913600	1.0
914400	1.0
915200	1.0
916000	0.0
916800	0.0
917600	0.0
918400	2.0
919200	1.0
920000	0.0
920800	0.0
921600	0.0
922400	1.0
923200	0.0
924000	2.0
924800	0.0
925600	0.0
926400	0.0
927200	0.0
928000	0.0
928800	1.0
929600	0.0
930400	0.0
931200	0.0
932000	0.0
932800	0.0
933600	0.0
934400	0.0
935200	0.0
936000	0.0
936800	0.0
937600	0.0
938400	0.0
939200	1.0
940000	0.0
940800	0.0
941600	0.0
942400	2.0
943200	0.0
944000	0.0
944800	0.0
945600	0.0
946400	2.0
947200	1.0
948000	1.0
948800	0.0
949600	0.0
950400	0.0
951200	0.0
952000	0.0
952800	1.0
953600	0.0
954400	0.0
955200	0.0
956000	1.0
956800	0.0
957600	1.0
958400	0.0
959200	0.0
960000	0.0
960800	0.0
961600	0.0
962400	0.0
963200	1.0
964000	0.0
964800	2.0
965600	1.0
966400	1.0
967200	1.0
968000	1.0
968800	0.0
969600	0.0
970400	0.0
971200	0.0
972000	0.0
972800	0.0
973600	1.0
974400	1.0
975200	0.0
976000	0.0
976800	1.0
977600	1.0
978400	1.0
979200	0.0
980000	1.0
980800	1.0
981600	1.0
982400	0.0
983200	2.0
984000	0.0
984800	0.0
985600	0.0
986400	0.0
987200	0.0
988000	0.0
988800	1.0
989600	0.0
990400	0.0
991200	0.0
992000	1.0
992800	1.0
993600	0.0
994400	0.0
995200	0.0
996000	0.0
996800	2.0
997600	1.0
998400	0.0
999200	0.0
1000000	0.0
1000800	0.0
1001600	0.0
1002400	0.0
1003200	2.0
1004000	0.0
1004800	0.0
1005600	0.0
1006400	1.0
1007200	1.0
1008000	1.0
1008800	1.0
1009600	1.0
1010400	0.0
1011200	0.0
1012000	1.0
1012800	0.0
1013600	1.0
1014400	0.0
1015200	0.0
1016000	1.0
1016800	0.0
1017600	0.0
1018400	1.0
1019200	0.0
1020000	0.0
1020800	0.0
1021600	0.0
1022400	0.0
1023200	0.0
1024000	0.0
1024800	1.0
1025600	1.0
1026400	0.0
1027200	0.0
1028000	0.0
1028800	0.0
1029600	0.0
1030400	0.0
1031200	0.0
1032000	0.0
1032800	1.0
1033600	0.0
1034400	0.0
1035200	0.0
1036000	0.0
1036800	0.0
1037600	1.0
1038400	0.0
1039200	0.0
1040000	0.0
1040800	1.0
1041600	0.0
1042400	0.0
1043200	1.0
1044000	0.0
1044800	0.0
1045600	1.0
1046400	0.0
1047200	0.0
1048000	0.0
1048800	0.0
1049600	2.0
1050400	0.0
1051200	1.0
1052000	0.0
1052800	0.0
1053600	0.0
1054400	0.0
1055200	0.0
1056000	0.0
1056800	1.0
1057600	1.0
1058400	0.0
1059200	0.0
1060000	0.0
1060800	1.0
1061600	1.0
1062400	1.0
1063200	0.0
1064000	0.0
1064800	0.0
1065600	0.0
1066400	1.0
1067200	0.0
1068000	0.0
1068800	0.0
1069600	0.0
1070400	0.0
1071200	0.0
1072000	1.0
1072800	0.0
1073600	0.0
1074400	0.0
1075200	1.0
1076000	0.0
1076800	0.0
1077600	0.0
1078400	0.0
1079200	0.0
1080000	0.0
1080800	0.0
1081600	1.0
1082400	1.0
1083200	1.0
1084000	0.0
1084800	0.0
1085600	0.0
1086400	0.0
1087200	2.0
1088000	0.0
1088800	0.0
1089600	0.0
1090400	1.0
1091200	0.0
1092000	2.0
1092800	1.0
1093600	0.0
1094400	0.0
1095200	0.0
1096000	0.0
1096800	0.0
1097600	1.0
1098400	1.0
1099200	0.0
1100000	0.0
1100800	0.0
1101600	0.0
1102400	0.0
1103200	0.0
1104000	1.0
1104800	0.0
1105600	0.0
1106400	0.0
1107200	1.0
1108000	2.0
1108800	0.0
1109600	0.0
1110400	0.0
1111200	0.0
1112000	0.0
1112800	0.0
1113600	0.0
1114400	0.0
1115200	0.0
1116000	0.0
1116800	0.0
1117600	0.0
1118400	1.0
1119200	0.0
1120000	1.0
1120800	0.0
1121600	0.0
1122400	0.0
1123200	0.0
1124000	1.0
1124800	1.0
1125600	1.0
1126400	2.0
1127200	0.0
1128000	0.0
1128800	2.0
1129600	1.0
1130400	0.0
1131200	0.0
1132000	0.0
1132800	0.0
1133600	0.0
1134400	1.0
1135200	1.0
1136000	0.0
1136800	1.0
1137600	1.0
1138400	0.0
1139200	0.0
1140000	0.0
1140800	0.0
1141600	0.0
1142400	0.0
1143200	0.0
1144000	0.0
1144800	0.0
1145600	0.0
1146400	0.0
1147200	1.0
1148000	0.0
1148800	0.0
1149600	0.0
1150400	0.0
1151200	0.0
1152000	0.0
1152800	0.0
1153600	0.0
1154400	0.0
1155200	0.0
1156000	0.0
1156800	0.0
1157600	0.0
1158400	0.0
1159200	0.0
1160000	0.0
1160800	0.0
1161600	0.0
1162400	0.0
1163200	1.0
1164000	1.0
1164800	0.0
1165600	0.0
1166400	1.0
1167200	1.0
1168000	0.0
1168800	0.0
1169600	0.0
1170400	1.0
1171200	0.0
1172000	0.0
1172800	0.0
1173600	0.0
1174400	0.0
1175200	0.0
1176000	0.0
1176800	0.0
1177600	0.0
1178400	0.0
1179200	1.0
1180000	1.0
1180800	0.0
1181600	0.0
1182400	0.0
1183200	0.0
1184000	1.0
1184800	1.0
1185600	1.0
1186400	1.0
1187200	0.0
1188000	1.0
1188800	0.0
1189600	0.0
1190400	1.0
1191200	1.0
1192000	0.0
1192800	2.0
1193600	0.0
1194400	0.0
1195200	0.0
1196000	0.0
1196800	0.0
1197600	0.0
1198400	0.0
1199200	1.0
1200000	0.0
1200800	0.0
1201600	1.0
1202400	0.0
1203200	0.0
1204000	0.0
1204800	1.0
1205600	0.0
1206400	0.0
1207200	0.0
1208000	0.0
1208800	0.0
1209600	0.0
1210400	1.0
1211200	1.0
1212000	0.0
1212800	0.0
1213600	2.0
1214400	0.0
1215200	0.0
1216000	0.0
1216800	0.0
1217600	0.0
1218400	1.0
1219200	1.0
1220000	0.0
1220800	0.0
1221600	2.0
1222400	0.0
1223200	0.0
1224000	0.0
1224800	0.0
1225600	1.0
1226400	0.0
1227200	0.0
1228000	0.0
1228800	0.0
1229600	1.0
1230400	0.0
1231200	2.0
1232000	1.0
1232800	1.0
1233600	0.0
1234400	0.0
1235200	1.0
1236000	1.0
1236800	1.0
1237600	2.0
1238400	0.0
1239200	0.0
1240000	1.0
1240800	2.0
1241600	0.0
1242400	0.0
1243200	2.0
1244000	0.0
1244800	0.0
1245600	1.0
1246400	0.0
1247200	0.0
1248000	0.0
1248800	0.0
1249600	0.0
1250400	1.0
1251200	0.0
1252000	2.0
1252800	0.0
1253600	1.0
1254400	0.0
1255200	0.0
1256000	0.0
1256800	0.0
1257600	0.0
1258400	2.0
1259200	0.0
1260000	0.0
1260800	1.0
1261600	1.0
1262400	1.0
1263200	0.0
1264000	0.0
1264800	0.0
1265600	0.0
1266400	1.0
1267200	1.0
1268000	0.0
1268800	0.0
1269600	0.0
1270400	0.0
1271200	0.0
1272000	2.0
1272800	0.0
1273600	1.0
1274400	0.0
1275200	1.0
1276000	0.0
1276800	0.0
1277600	0.0
1278400	0.0
1279200	1.0
1280000	0.0
1280800	1.0
1281600	0.0
1282400	0.0
1283200	0.0
1284000	0.0
1284800	0.0
1285600	1.0
1286400	0.0
1287200	0.0
1288000	0.0
1288800	1.0
1289600	0.0
1290400	0.0
1291200	0.0
1292000	3.0
1292800	0.0
1293600	2.0
1294400	1.0
1295200	1.0
1296000	0.0
1296800	0.0
1297600	1.0
1298400	1.0
1299200	1.0
1300000	0.0
1300800	0.0
1301600	0.0
1302400	2.0
1303200	1.0
1304000	1.0
1304800	1.0
1305600	1.0
1306400	0.0
1307200	0.0
1308000	0.0
1308800	0.0
1309600	0.0
1310400	2.0
1311200	0.0
1312000	0.0
1312800	0.0
1313600	0.0
1314400	0.0
1315200	0.0
1316000	1.0
1316800	0.0
1317600	0.0
1318400	0.0
1319200	1.0
1320000	0.0
1320800	0.0
1321600	0.0
1322400	1.0
1323200	1.0
1324000	1.0
1324800	0.0
1325600	0.0
1326400	0.0
1327200	0.0
1328000	1.0
1328800	1.0
1329600	0.0
1330400	2.0
1331200	0.0
1332000	1.0
1332800	0.0
1333600	1.0
1334400	1.0
1335200	0.0
1336000	1.0
1336800	2.0
1337600	1.0
1338400	0.0
1339200	0.0
1340000	0.0
1340800	0.0
1341600	0.0
1342400	1.0
1343200	0.0
1344000	0.0
1344800	0.0
1345600	0.0
1346400	0.0
1347200	0.0
1348000	0.0
1348800	0.0
1349600	0.0
1350400	0.0
1351200	0.0
1352000	1.0
1352800	0.0
1353600	0.0
1354400	0.0
1355200	0.0
1356000	0.0
1356800	0.0
1357600	2.0
1358400	1.0
1359200	0.0
1360000	0.0
1360800	1.0
1361600	0.0
1362400	0.0
1363200	0.0
1364000	0.0
1364800	1.0
1365600	2.0
1366400	0.0
1367200	0.0
1368000	1.0
1368800	0.0
1369600	1.0
1370400	0.0
1371200	0.0
1372000	0.0
1372800	0.0
1373600	0.0
1374400	0.0
1375200	0.0
1376000	0.0
1376800	0.0
1377600	0.0
1378400	0.0
1379200	0.0
1380000	0.0
1380800	1.0
1381600	1.0
1382400	0.0
1383200	0.0
1384000	1.0
1384800	1.0
1385600	2.0
1386400	2.0
1387200	0.0
1388000	0.0
1388800	0.0
1389600	2.0
1390400	0.0
1391200	0.0
1392000	0.0
1392800	2.0
1393600	0.0
1394400	0.0
1395200	0.0
1396000	0.0
1396800	0.0
1397600	0.0
1398400	1.0
1399200	0.0
1400000	0.0
1400800	0.0
1401600	0.0
1402400	0.0
1403200	0.0
1404000	0.0
1404800	0.0
1405600	1.0
1406400	1.0
1407200	1.0
1408000	1.0
1408800	1.0
1409600	2.0
1410400	1.0
1411200	0.0
1412000	0.0
1412800	0.0
1413600	0.0
1414400	0.0
1415200	0.0
1416000	0.0
1416800	0.0
1417600	0.0
1418400	1.0
1419200	1.0
1420000	0.0
1420800	1.0
1421600	0.0
1422400	0.0
1423200	0.0
1424000	0.0
1424800	0.0
1425600	1.0
1426400	0.0
1427200	0.0
1428000	0.0
1428800	1.0
1429600	0.0
1430400	0.0
1431200	0.0
1432000	1.0
1432800	0.0
1433600	1.0
1434400	0.0
1435200	0.0
1436000	1.0
1436800	0.0
1437600	0.0
1438400	0.0
1439200	3.0
1440000	1.0
1440800	0.0
1441600	0.0
1442400	0.0
1443200	0.0
1444000	0.0
1444800	0.0
1445600	0.0
1446400	1.0
1447200	1.0
1448000	0.0
1448800	0.0
1449600	0.0
1450400	0.0
1451200	0.0
1452000	1.0
1452800	1.0
1453600	0.0
1454400	0.0
1455200	0.0
1456000	0.0
1456800	0.0
1457600	0.0
1458400	0.0
1459200	1.0
1460000	0.0
1460800	0.0
1461600	0.0
1462400	0.0
1463200	0.0
1464000	0.0
1464800	0.0
1465600	0.0
1466400	0.0
1467200	0.0
1468000	1.0
1468800	0.0
1469600	0.0
1470400	0.0
1471200	2.0
1472000	1.0
1472800	0.0
1473600	0.0
1474400	0.0
1475200	0.0
1476000	0.0
1476800	0.0
1477600	0.0
1478400	0.0
1479200	1.0
1480000	0.0
1480800	1.0
1481600	0.0
1482400	0.0
1483200	0.0
1484000	1.0
1484800	0.0
1485600	0.0
1486400	0.0
1487200	0.0
1488000	0.0
1488800	0.0
1489600	1.0
1490400	1.0
1491200	0.0
1492000	0.0
1492800	1.0
1493600	0.0
1494400	0.0
1495200	0.0
1496000	0.0
1496800	1.0
1497600	0.0
1498400	0.0
1499200	1.0
1500000	0.0
1500800	0.0
1501600	0.0
1502400	0.0
1503200	1.0
1504000	1.0
1504800	0.0
1505600	0.0
1506400	0.0
1507200	1.0
1508000	0.0
1508800	1.0
1509600	1.0
1510400	1.0
1511200	0.0
1512000	1.0
1512800	0.0
1513600	1.0
1514400	0.0
1515200	1.0
1516000	1.0
1516800	0.0
1517600	0.0
1518400	0.0
1519200	0.0
1520000	0.0
1520800	0.0
1521600	0.0
1522400	0.0
1523200	1.0
1524000	1.0
1524800	0.0
1525600	0.0
1526400	0.0
1527200	1.0
1528000	0.0
1528800	0.0
1529600	0.0
1530400	0.0
1531200	0.0
1532000	0.0
1532800	0.0
1533600	0.0
1534400	0.0
1535200	0.0
1536000	2.0
1536800	2.0
1537600	1.0
1538400	0.0
1539200	0.0
1540000	1.0
1540800	0.0
1541600	2.0
1542400	2.0
1543200	0.0
1544000	0.0
1544800	0.0
1545600	0.0
1546400	0.0
1547200	0.0
1548000	1.0
1548800	0.0
1549600	0.0
1550400	1.0
1551200	0.0
1552000	2.0
1552800	2.0
1553600	0.0
1554400	0.0
1555200	0.0
1556000	2.0
1556800	0.0
1557600	0.0
1558400	0.0
1559200	1.0
1560000	1.0
1560800	2.0
1561600	0.0
1562400	0.0
1563200	0.0
1564000	0.0
1564800	0.0
1565600	0.0
1566400	0.0
1567200	0.0
1568000	0.0
1568800	1.0
1569600	0.0
1570400	0.0
1571200	0.0
1572000	2.0
1572800	1.0
1573600	0.0
1574400	0.0
1575200	0.0
1576000	0.0
1576800	0.0
1577600	0.0
1578400	1.0
1579200	1.0
1580000	1.0
1580800	0.0
1581600	0.0
1582400	1.0
1583200	1.0
1584000	0.0
1584800	0.0
1585600	1.0
1586400	0.0
1587200	0.0
1588000	1.0
1588800	0.0
1589600	0.0
1590400	0.0
1591200	1.0
1592000	0.0
1592800	1.0
1593600	1.0
1594400	1.0
1595200	1.0
1596000	0.0
1596800	1.0
1597600	0.0
1598400	0.0
1599200	0.0
1600000	1.0
1600800	0.0
1601600	0.0
1602400	0.0
1603200	2.0
1604000	0.0
1604800	0.0
1605600	0.0
1606400	0.0
1607200	2.0
1608000	1.0
1608800	0.0
1609600	0.0
1610400	0.0
1611200	0.0
1612000	0.0
1612800	1.0
1613600	0.0
1614400	0.0
1615200	0.0
1616000	0.0
1616800	0.0
1617600	0.0
1618400	0.0
1619200	0.0
1620000	0.0
1620800	1.0
1621600	2.0
1622400	0.0
1623200	0.0
1624000	1.0
1624800	1.0
1625600	1.0
1626400	1.0
1627200	0.0
1628000	0.0
1628800	0.0
1629600	1.0
1630400	0.0
1631200	0.0
1632000	0.0
1632800	0.0
1633600	0.0
1634400	0.0
1635200	0.0
1636000	0.0
1636800	1.0
1637600	0.0
1638400	1.0
1639200	0.0
1640000	0.0
1640800	0.0
1641600	0.0
1642400	0.0
1643200	0.0
1644000	1.0
1644800	1.0
1645600	1.0
1646400	0.0
1647200	0.0
1648000	0.0
1648800	2.0
1649600	1.0
1650400	1.0
1651200	0.0
1652000	0.0
1652800	1.0
1653600	0.0
1654400	1.0
1655200	0.0
1656000	0.0
1656800	0.0
1657600	0.0
1658400	0.0
1659200	0.0
1660000	1.0
1660800	0.0
1661600	0.0
1662400	0.0
1663200	1.0
1664000	1.0
1664800	0.0
1665600	1.0
1666400	0.0
1667200	0.0
1668000	1.0
1668800	0.0
1669600	1.0
1670400	0.0
1671200	0.0
1672000	0.0
1672800	0.0
1673600	1.0
1674400	0.0
1675200	0.0
1676000	0.0
1676800	0.0
1677600	0.0
1678400	0.0
1679200	0.0
1680000	0.0
1680800	0.0
1681600	0.0
1682400	0.0
1683200	0.0
1684000	0.0
1684800	2.0
1685600	0.0
1686400	0.0
1687200	0.0
1688000	0.0
1688800	0.0
1689600	0.0
1690400	0.0
1691200	0.0
1692000	1.0
1692800	0.0
1693600	1.0
1694400	0.0
1695200	0.0
1696000	1.0
1696800	1.0
1697600	1.0
1698400	0.0
1699200	0.0
1700000	1.0
1700800	0.0
1701600	1.0
1702400	1.0
1703200	0.0
1704000	0.0
1704800	1.0
1705600	1.0
1706400	1.0
1707200	2.0
1708000	0.0
1708800	0.0
1709600	0.0
1710400	1.0
1711200	0.0
1712000	0.0
1712800	0.0
1713600	1.0
1714400	0.0
1715200	1.0
1716000	1.0
1716800	2.0
1717600	1.0
1718400	1.0
1719200	1.0
1720000	0.0
1720800	1.0
1721600	1.0
1722400	0.0
1723200	2.0
1724000	1.0
1724800	0.0
1725600	0.0
1726400	0.0
1727200	0.0
1728000	2.0
1728800	1.0
1729600	0.0
1730400	0.0
1731200	0.0
1732000	0.0
1732800	0.0
1733600	0.0
1734400	1.0
1735200	0.0
1736000	1.0
1736800	0.0
1737600	1.0
1738400	0.0
1739200	1.0
1740000	0.0
1740800	0.0
1741600	0.0
1742400	0.0
1743200	0.0
1744000	0.0
1744800	0.0
1745600	0.0
1746400	1.0
1747200	0.0
1748000	1.0
1748800	0.0
1749600	0.0
1750400	0.0
1751200	1.0
1752000	0.0
1752800	0.0
1753600	1.0
1754400	0.0
1755200	0.0
1756000	0.0
1756800	0.0
1757600	1.0
1758400	0.0
1759200	1.0
1760000	0.0
1760800	0.0
1761600	1.0
1762400	1.0
1763200	0.0
1764000	1.0
1764800	1.0
1765600	2.0
1766400	0.0
1767200	0.0
1768000	0.0
1768800	0.0
1769600	2.0
1770400	1.0
1771200	0.0
1772000	1.0
1772800	0.0
1773600	0.0
1774400	0.0
1775200	0.0
1776000	0.0
1776800	1.0
1777600	0.0
1778400	0.0
1779200	1.0
1780000	0.0
1780800	0.0
1781600	0.0
1782400	0.0
1783200	0.0
1784000	0.0
1784800	0.0
1785600	0.0
1786400	0.0
1787200	0.0
1788000	0.0
1788800	1.0
1789600	0.0
1790400	0.0
1791200	0.0
1792000	0.0
1792800	0.0
1793600	0.0
1794400	0.0
1795200	2.0
1796000	1.0
1796800	1.0
1797600	0.0
1798400	0.0
1799200	0.0
1800000	0.0
1800800	0.0
1801600	1.0
1802400	0.0
1803200	0.0
1804000	0.0
1804800	0.0
1805600	0.0
1806400	0.0
1807200	0.0
1808000	0.0
1808800	0.0
1809600	2.0
1810400	0.0
1811200	0.0
1812000	0.0
1812800	0.0
1813600	1.0
1814400	1.0
1815200	1.0
1816000	1.0
1816800	1.0
1817600	0.0
1818400	1.0
1819200	0.0
1820000	0.0
1820800	0.0
1821600	0.0
1822400	0.0
1823200	0.0
1824000	0.0
1824800	0.0
1825600	2.0
1826400	1.0
1827200	0.0
1828000	0.0
1828800	0.0
1829600	0.0
1830400	0.0
1831200	0.0
1832000	0.0
1832800	0.0
1833600	0.0
1834400	0.0
1835200	1.0
1836000	0.0
1836800	0.0
1837600	0.0
1838400	1.0
1839200	0.0
1840000	0.0
1840800	0.0
1841600	0.0
1842400	0.0
1843200	0.0
1844000	0.0
1844800	1.0
1845600	1.0
1846400	1.0
1847200	0.0
1848000	0.0
1848800	0.0
1849600	0.0
1850400	0.0
1851200	1.0
1852000	0.0
1852800	0.0
1853600	0.0
1854400	0.0
1855200	0.0
1856000	0.0
1856800	0.0
1857600	0.0
1858400	1.0
1859200	1.0
1860000	0.0
1860800	0.0
1861600	0.0
1862400	0.0
1863200	0.0
1864000	0.0
1864800	1.0
1865600	0.0
1866400	0.0
1867200	0.0
1868000	0.0
1868800	0.0
1869600	1.0
1870400	0.0
1871200	1.0
1872000	2.0
1872800	0.0
1873600	0.0
1874400	2.0
1875200	0.0
1876000	0.0
1876800	0.0
1877600	1.0
1878400	0.0
1879200	1.0
1880000	0.0
1880800	1.0
1881600	1.0
1882400	1.0
1883200	1.0
1884000	1.0
1884800	0.0
1885600	1.0
1886400	0.0
1887200	0.0
1888000	0.0
1888800	0.0
1889600	0.0
1890400	0.0
1891200	1.0
1892000	0.0
1892800	0.0
1893600	0.0
1894400	1.0
1895200	0.0
1896000	1.0
1896800	0.0
1897600	0.0
1898400	2.0
1899200	1.0
1900000	0.0
1900800	0.0
1901600	1.0
1902400	1.0
1903200	1.0
1904000	1.0
1904800	2.0
1905600	0.0
1906400	0.0
1907200	0.0
1908000	1.0
1908800	1.0
1909600	0.0
1910400	0.0
1911200	0.0
1912000	0.0
1912800	2.0
1913600	1.0
1914400	0.0
1915200	0.0
1916000	0.0
1916800	0.0
1917600	0.0
1918400	1.0
1919200	0.0
1920000	0.0
1920800	0.0
1921600	1.0
1922400	0.0
1923200	0.0
1924000	0.0
1924800	0.0
1925600	0.0
1926400	0.0
1927200	0.0
1928000	0.0
1928800	1.0
1929600	1.0
1930400	1.0
1931200	0.0
1932000	1.0
1932800	1.0
1933600	1.0
1934400	1.0
1935200	2.0
1936000	0.0
1936800	1.0
1937600	0.0
1938400	2.0
1939200	1.0
1940000	1.0
1940800	0.0
1941600	0.0
1942400	0.0
1943200	1.0
1944000	2.0
1944800	0.0
1945600	0.0
1946400	0.0
1947200	1.0
1948000	0.0
1948800	0.0
1949600	0.0
1950400	2.0
1951200	0.0
1952000	0.0
1952800	0.0
1953600	0.0
1954400	1.0
1955200	0.0
1956000	1.0
1956800	0.0
1957600	0.0
1958400	1.0
1959200	0.0
1960000	0.0
1960800	0.0
1961600	0.0
1962400	0.0
1963200	0.0
1964000	1.0
1964800	0.0
1965600	0.0
1966400	0.0
1967200	0.0
1968000	1.0
1968800	0.0
1969600	0.0
1970400	3.0
1971200	0.0
1972000	0.0
1972800	1.0
1973600	0.0
1974400	0.0
1975200	1.0
1976000	0.0
1976800	0.0
1977600	0.0
1978400	0.0
1979200	0.0
1980000	1.0
1980800	1.0
1981600	1.0
1982400	0.0
1983200	1.0
1984000	1.0
1984800	1.0
1985600	1.0
1986400	1.0
1987200	0.0
1988000	0.0
1988800	0.0
1989600	0.0
1990400	0.0
1991200	0.0
1992000	0.0
1992800	1.0
1993600	0.0
1994400	1.0
1995200	1.0
1996000	0.0
1996800	0.0
1997600	0.0
1998400	0.0
1999200	0.0
2000000	0.0
2000800	0.0
2001600	0.0
2002400	0.0
2003200	0.0
2004000	0.0
2004800	1.0
2005600	1.0
2006400	1.0
2007200	1.0
2008000	2.0
2008800	1.0
2009600	0.0
2010400	0.0
2011200	0.0
2012000	0.0
2012800	0.0
2013600	0.0
2014400	1.0
2015200	0.0
2016000	1.0
2016800	0.0
2017600	0.0
2018400	1.0
2019200	0.0
2020000	1.0
2020800	0.0
2021600	0.0
2022400	0.0
2023200	0.0
2024000	1.0
2024800	2.0
2025600	0.0
2026400	1.0
2027200	0.0
2028000	1.0
2028800	1.0
2029600	0.0
2030400	0.0
2031200	0.0
2032000	0.0
2032800	0.0
2033600	0.0
2034400	1.0
2035200	0.0
2036000	0.0
2036800	1.0
2037600	1.0
2038400	0.0
2039200	0.0
2040000	1.0
2040800	2.0
2041600	0.0
2042400	1.0
2043200	1.0
2044000	0.0
2044800	0.0
2045600	1.0
2046400	2.0
2047200	1.0
2048000	0.0
2048800	0.0
2049600	1.0
2050400	0.0
2051200	1.0
2052000	1.0
2052800	0.0
2053600	0.0
2054400	0.0
2055200	1.0
2056000	1.0
2056800	0.0
2057600	0.0
2058400	0.0
2059200	0.0
2060000	0.0
2060800	1.0
2061600	0.0
2062400	0.0
2063200	0.0
2064000	0.0
2064800	0.0
2065600	1.0
2066400	1.0
2067200	0.0
2068000	0.0
2068800	1.0
2069600	0.0
2070400	1.0
2071200	0.0
2072000	1.0
2072800	0.0
2073600	0.0
2074400	1.0
2075200	0.0
2076000	0.0
2076800	0.0
2077600	0.0
2078400	0.0
2079200	0.0
2080000	1.0
2080800	1.0
2081600	1.0
2082400	1.0
2083200	1.0
2084000	0.0
2084800	0.0
2085600	0.0
2086400	0.0
2087200	0.0
2088000	0.0
2088800	2.0
2089600	0.0
2090400	1.0
2091200	0.0
2092000	0.0
2092800	1.0
2093600	0.0
2094400	0.0
2095200	0.0
2096000	0.0
2096800	2.0
2097600	1.0
2098400	1.0
2099200	1.0
2100000	0.0
2100800	0.0
2101600	0.0
2102400	1.0
2103200	0.0
2104000	1.0
2104800	1.0
2105600	0.0
2106400	0.0
2107200	0.0
2108000	2.0
2108800	1.0
2109600	0.0
2110400	0.0
2111200	0.0
2112000	0.0
2112800	0.0
2113600	0.0
2114400	0.0
2115200	0.0
2116000	0.0
2116800	0.0
2117600	0.0
2118400	0.0
2119200	0.0
2120000	0.0
2120800	0.0
2121600	0.0
2122400	0.0
2123200	0.0
2124000	0.0
2124800	0.0
2125600	0.0
2126400	1.0
2127200	0.0
2128000	0.0
2128800	0.0
2129600	0.0
2130400	0.0
2131200	0.0
2132000	1.0
2132800	0.0
2133600	0.0
2134400	2.0
2135200	1.0
2136000	0.0
2136800	1.0
2137600	0.0
2138400	0.0
2139200	0.0
2140000	0.0
2140800	0.0
2141600	0.0
2142400	0.0
2143200	0.0
2144000	1.0
2144800	0.0
2145600	1.0
2146400	0.0
2147200	0.0
2148000	0.0
2148800	0.0
2149600	0.0
2150400	0.0
2151200	0.0
2152000	1.0
2152800	0.0
2153600	0.0
2154400	0.0
2155200	0.0
2156000	1.0
2156800	0.0
2157600	1.0
2158400	1.0
2159200	1.0
2160000	0.0
2160800	0.0
2161600	2.0
2162400	1.0
2163200	2.0
2164000	1.0
2164800	0.0
2165600	0.0
2166400	0.0
2167200	0.0
2168000	0.0
2168800	1.0
2169600	0.0
2170400	0.0
2171200	0.0
2172000	0.0
2172800	0.0
2173600	0.0
2174400	0.0
2175200	0.0
2176000	0.0
2176800	0.0
2177600	0.0
2178400	1.0
2179200	0.0
2180000	0.0
2180800	1.0
2181600	0.0
2182400	0.0
2183200	0.0
2184000	1.0
2184800	0.0
2185600	2.0
2186400	2.0
2187200	1.0
2188000	0.0
2188800	0.0
2189600	1.0
2190400	1.0
2191200	0.0
2192000	1.0
2192800	0.0
2193600	0.0
2194400	0.0
2195200	0.0
2196000	0.0
2196800	0.0
2197600	0.0
2198400	0.0
2199200	0.0
2200000	0.0
2200800	1.0
2201600	1.0
2202400	0.0
2203200	0.0
2204000	0.0
2204800	0.0
2205600	0.0
2206400	0.0
2207200	2.0
2208000	2.0
2208800	0.0
2209600	0.0
2210400	0.0
2211200	0.0
2212000	1.0
2212800	1.0
2213600	1.0
2214400	0.0
2215200	2.0
2216000	2.0
2216800	2.0
2217600	0.0
2218400	0.0
2219200	0.0
2220000	0.0
2220800	0.0
2221600	0.0
2222400	0.0
2223200	0.0
2224000	0.0
2224800	0.0
2225600	1.0
2226400	0.0
2227200	1.0
2228000	1.0
2228800	0.0
2229600	0.0
2230400	1.0
2231200	0.0
2232000	0.0
2232800	0.0
2233600	1.0
2234400	1.0
2235200	0.0
2236000	0.0
2236800	0.0
2237600	2.0
2238400	1.0
2239200	0.0
2240000	0.0
2240800	0.0
2241600	0.0
2242400	0.0
2243200	1.0
2244000	0.0
2244800	1.0
2245600	0.0
2246400	0.0
2247200	0.0
2248000	0.0
2248800	0.0
2249600	0.0
2250400	0.0
2251200	0.0
2252000	1.0
2252800	0.0
2253600	0.0
2254400	0.0
2255200	0.0
2256000	0.0
2256800	0.0
2257600	1.0
2258400	0.0
2259200	0.0
2260000	0.0
2260800	0.0
2261600	0.0
2262400	0.0
2263200	0.0
2264000	0.0
2264800	0.0
2265600	0.0
2266400	1.0
2267200	1.0
2268000	0.0
2268800	0.0
2269600	0.0
2270400	0.0
2271200	0.0
2272000	1.0
2272800	1.0
2273600	0.0
2274400	0.0
2275200	0.0
2276000	0.0
2276800	0.0
2277600	0.0
2278400	0.0
2279200	0.0
2280000	2.0
2280800	1.0
2281600	0.0
2282400	0.0
2283200	2.0
2284000	0.0
2284800	0.0
2285600	0.0
2286400	0.0
2287200	0.0
2288000	0.0
2288800	0.0
2289600	0.0
2290400	1.0
2291200	0.0
2292000	0.0
2292800	0.0
2293600	0.0
2294400	2.0
2295200	0.0
2296000	1.0
2296800	0.0
2297600	1.0
2298400	0.0
2299200	0.0
2300000	0.0
2300800	0.0
2301600	0.0
2302400	0.0
2303200	0.0
2304000	1.0
2304800	0.0
2305600	0.0
2306400	0.0
2307200	0.0
2308000	0.0
2308800	0.0
2309600	0.0
2310400	0.0
2311200	0.0
2312000	0.0
2312800	1.0
2313600	0.0
2314400	1.0
2315200	0.0
2316000	0.0
2316800	0.0
2317600	0.0
2318400	0.0
2319200	0.0
2320000	1.0
2320800	1.0
2321600	1.0
2322400	0.0
2323200	0.0
2324000	0.0
2324800	0.0
2325600	1.0
2326400	0.0
2327200	0.0
2328000	0.0
2328800	2.0
2329600	0.0
2330400	0.0
2331200	0.0
2332000	1.0
2332800	0.0
2333600	0.0
2334400	0.0
2335200	0.0
2336000	0.0
2336800	1.0
2337600	0.0
2338400	0.0
2339200	1.0
2340000	0.0
2340800	0.0
2341600	0.0
2342400	2.0
2343200	0.0
2344000	1.0
2344800	0.0
2345600	0.0
2346400	2.0
2347200	0.0
2348000	0.0
2348800	0.0
2349600	0.0
2350400	1.0
2351200	0.0
2352000	0.0
2352800	0.0
2353600	0.0
2354400	0.0
2355200	0.0
2356000	0.0
2356800	0.0
2357600	0.0
2358400	0.0
2359200	0.0
2360000	0.0
2360800	0.0
2361600	0.0
2362400	1.0
2363200	0.0
2364000	2.0
2364800	0.0
2365600	0.0
2366400	1.0
2367200	1.0
2368000	1.0
2368800	0.0
2369600	0.0
2370400	0.0
2371200	1.0
2372000	1.0
2372800	1.0
2373600	1.0
2374400	2.0
2375200	0.0
2376000	0.0
2376800	1.0
2377600	0.0
2378400	1.0
2379200	1.0
2380000	0.0
2380800	0.0
2381600	0.0
2382400	1.0
2383200	0.0
2384000	0.0
2384800	0.0
2385600	1.0
2386400	0.0
2387200	1.0
2388000	0.0
2388800	0.0
2389600	1.0
2390400	2.0
2391200	0.0
2392000	0.0
2392800	1.0
2393600	0.0
2394400	0.0
2395200	1.0
2396000	0.0
2396800	0.0
2397600	1.0
2398400	0.0
2399200	0.0
2400000	0.0
2400800	0.0
2401600	0.0
2402400	0.0
2403200	0.0
2404000	2.0
2404800	1.0
2405600	0.0
2406400	1.0
2407200	0.0
2408000	1.0
2408800	0.0
2409600	0.0
2410400	0.0
2411200	0.0
2412000	0.0
2412800	0.0
2413600	0.0
2414400	1.0
2415200	0.0
2416000	0.0
2416800	0.0
2417600	0.0
2418400	0.0
2419200	0.0
2420000	0.0
2420800	0.0
2421600	1.0
2422400	2.0
2423200	1.0
2424000	0.0
2424800	0.0
2425600	1.0
2426400	0.0
2427200	0.0
2428000	0.0
2428800	1.0
2429600	1.0
2430400	0.0
2431200	0.0
2432000	0.0
2432800	0.0
2433600	1.0
2434400	0.0
2435200	1.0
2436000	0.0
2436800	0.0
2437600	0.0
2438400	0.0
2439200	0.0
2440000	1.0
2440800	2.0
2441600	1.0
2442400	0.0
2443200	0.0
2444000	0.0
2444800	0.0
2445600	0.0
2446400	0.0
2447200	2.0
2448000	0.0
2448800	0.0
2449600	0.0
2450400	0.0
2451200	2.0
2452000	0.0
2452800	0.0
2453600	0.0
2454400	0.0
2455200	0.0
2456000	0.0
2456800	1.0
2457600	0.0
2458400	0.0
2459200	0.0
2460000	0.0
2460800	2.0
2461600	0.0
2462400	0.0
2463200	0.0
2464000	1.0
2464800	0.0
2465600	0.0
2466400	1.0
2467200	0.0
2468000	1.0
2468800	1.0
2469600	0.0
2470400	1.0
2471200	1.0
2472000	0.0
2472800	0.0
2473600	1.0
2474400	0.0
2475200	2.0
2476000	1.0
2476800	0.0
2477600	0.0
2478400	0.0
2479200	1.0
2480000	0.0
2480800	1.0
2481600	0.0
2482400	0.0
2483200	0.0
2484000	1.0
2484800	1.0
2485600	1.0
2486400	0.0
2487200	1.0
2488000	0.0
2488800	0.0
2489600	0.0
2490400	1.0
2491200	0.0
2492000	1.0
2492800	1.0
2493600	0.0
2494400	0.0
2495200	1.0
2496000	0.0
2496800	2.0
2497600	1.0
2498400	0.0
2499200	0.0
2500000	0.0
2500800	0.0
2501600	0.0
2502400	0.0
2503200	1.0
2504000	1.0
2504800	1.0
2505600	0.0
2506400	0.0
2507200	0.0
2508000	2.0
2508800	1.0
2509600	0.0
2510400	0.0
2511200	0.0
2512000	0.0
2512800	0.0
2513600	2.0
2514400	0.0
2515200	0.0
2516000	1.0
2516800	1.0
2517600	1.0
2518400	0.0
2519200	1.0
2520000	2.0
2520800	0.0
2521600	1.0
2522400	2.0
2523200	1.0
2524000	0.0
2524800	0.0
2525600	0.0
2526400	0.0
2527200	0.0
2528000	1.0
2528800	0.0
2529600	1.0
2530400	0.0
2531200	1.0
2532000	0.0
2532800	2.0
2533600	0.0
2534400	0.0
2535200	0.0
2536000	1.0
2536800	1.0
2537600	0.0
2538400	0.0
2539200	0.0
2540000	1.0
2540800	0.0
2541600	0.0
2542400	0.0
2543200	0.0
2544000	0.0
2544800	0.0
2545600	0.0
2546400	0.0
2547200	0.0
2548000	1.0
2548800	1.0
2549600	0.0
2550400	0.0
2551200	0.0
2552000	1.0
2552800	0.0
2553600	0.0
2554400	0.0
2555200	0.0
2556000	0.0
2556800	0.0
2557600	1.0
2558400	0.0
2559200	0.0
2560000	0.0
2560800	0.0
2561600	0.0
2562400	0.0
2563200	1.0
2564000	1.0
2564800	1.0
2565600	0.0
2566400	0.0
2567200	0.0
2568000	0.0
2568800	0.0
2569600	0.0
2570400	0.0
2571200	0.0
2572000	1.0
2572800	1.0
2573600	1.0
2574400	1.0
2575200	0.0
2576000	0.0
2576800	1.0
2577600	1.0
2578400	0.0
2579200	0.0
2580000	0.0
2580800	0.0
2581600	0.0
2582400	2.0
2583200	0.0
2584000	2.0
2584800	0.0
2585600	0.0
2586400	0.0
2587200	0.0
2588000	0.0
2588800	0.0
2589600	0.0
2590400	1.0
2591200	0.0
2592000	0.0
2592800	0.0
2593600	0.0
2594400	0.0
2595200	0.0
2596000	1.0
2596800	0.0
2597600	0.0
2598400	1.0
2599200	1.0
2600000	0.0
2600800	0.0
2601600	0.0
2602400	2.0
2603200	1.0
2604000	1.0
2604800	0.0
2605600	2.0
2606400	0.0
2607200	0.0
2608000	0.0
2608800	0.0
2609600	0.0
2610400	0.0
2611200	0.0
2612000	0.0
2612800	0.0
2613600	0.0
2614400	0.0
2615200	0.0
2616000	0.0
2616800	0.0
2617600	0.0
2618400	2.0
2619200	0.0
2620000	0.0
2620800	0.0
2621600	0.0
2622400	0.0
2623200	0.0
2624000	0.0
2624800	0.0
2625600	1.0
2626400	0.0
2627200	1.0
2628000	0.0
2628800	0.0
2629600	0.0
2630400	1.0
2631200	0.0
2632000	1.0
2632800	0.0
2633600	0.0
2634400	0.0
2635200	1.0
2636000	0.0
2636800	0.0
2637600	1.0
2638400	1.0
2639200	0.0
2640000	0.0
2640800	0.0
2641600	0.0
2642400	0.0
2643200	0.0
2644000	2.0
2644800	1.0
2645600	0.0
2646400	1.0
2647200	0.0
2648000	0.0
2648800	1.0
2649600	1.0
2650400	0.0
2651200	0.0
2652000	1.0
2652800	0.0
2653600	0.0
2654400	2.0
2655200	1.0
2656000	1.0
2656800	0.0
2657600	1.0
2658400	0.0
2659200	0.0
2660000	0.0
2660800	0.0
2661600	1.0
2662400	2.0
2663200	0.0
2664000	0.0
2664800	1.0
2665600	1.0
2666400	0.0
2667200	1.0
2668000	1.0
2668800	1.0
2669600	1.0
2670400	0.0
2671200	0.0
2672000	1.0
2672800	0.0
2673600	0.0
2674400	0.0
2675200	1.0
2676000	0.0
2676800	0.0
2677600	1.0
2678400	0.0
2679200	1.0
2680000	1.0
2680800	1.0
2681600	2.0
2682400	0.0
2683200	0.0
2684000	1.0
2684800	1.0
2685600	1.0
2686400	0.0
2687200	0.0
2688000	0.0
2688800	0.0
2689600	0.0
2690400	0.0
2691200	0.0
2692000	0.0
2692800	0.0
2693600	0.0
2694400	0.0
2695200	0.0
2696000	1.0
2696800	0.0
2697600	0.0
2698400	0.0
2699200	0.0
2700000	0.0
2700800	0.0
2701600	1.0
2702400	0.0
2703200	0.0
2704000	0.0
2704800	0.0
2705600	0.0
2706400	1.0
2707200	0.0
2708000	0.0
2708800	0.0
2709600	0.0
2710400	0.0
2711200	0.0
2712000	0.0
2712800	1.0
2713600	0.0
2714400	0.0
2715200	0.0
2716000	0.0
2716800	0.0
2717600	1.0
2718400	1.0
2719200	0.0
2720000	1.0
2720800	1.0
2721600	1.0
2722400	0.0
2723200	0.0
2724000	0.0
2724800	1.0
2725600	0.0
2726400	0.0
2727200	0.0
2728000	0.0
2728800	0.0
2729600	0.0
2730400	0.0
2731200	0.0
2732000	1.0
2732800	0.0
2733600	0.0
2734400	0.0
2735200	0.0
2736000	1.0
2736800	1.0
2737600	0.0
2738400	0.0
2739200	1.0
2740000	0.0
2740800	0.0
2741600	0.0
2742400	1.0
2743200	0.0
2744000	0.0
2744800	1.0
2745600	0.0
2746400	1.0
2747200	0.0
2748000	0.0
2748800	0.0
2749600	1.0
2750400	0.0
2751200	0.0
2752000	1.0
2752800	0.0
2753600	0.0
2754400	1.0
2755200	0.0
2756000	1.0
2756800	0.0
2757600	1.0
2758400	0.0
2759200	0.0
2760000	0.0
2760800	1.0
2761600	0.0
2762400	0.0
2763200	1.0
2764000	1.0
2764800	1.0
2765600	0.0
2766400	0.0
2767200	0.0
2768000	0.0
2768800	1.0
2769600	0.0
2770400	0.0
2771200	0.0
2772000	0.0
2772800	0.0
2773600	0.0
2774400	0.0
2775200	0.0
2776000	0.0
2776800	0.0
2777600	0.0
2778400	1.0
2779200	0.0
2780000	1.0
2780800	0.0
2781600	1.0
2782400	0.0
2783200	0.0
2784000	0.0
2784800	1.0
2785600	1.0
2786400	0.0
2787200	0.0
2788000	0.0
2788800	0.0
2789600	1.0
2790400	1.0
2791200	1.0
2792000	1.0
2792800	0.0
2793600	1.0
2794400	1.0
2795200	0.0
2796000	0.0
2796800	0.0
2797600	0.0
2798400	0.0
2799200	0.0
2800000	0.0
2800800	0.0
2801600	0.0
2802400	0.0
2803200	0.0
2804000	0.0
2804800	0.0
2805600	0.0
2806400	1.0
2807200	0.0
2808000	1.0
2808800	0.0
2809600	1.0
2810400	0.0
2811200	0.0
2812000	0.0
2812800	0.0
2813600	0.0
2814400	1.0
2815200	0.0
2816000	0.0
2816800	0.0
2817600	1.0
2818400	0.0
2819200	0.0
2820000	0.0
2820800	0.0
2821600	0.0
2822400	1.0
2823200	1.0
2824000	1.0
2824800	2.0
2825600	0.0
2826400	0.0
2827200	0.0
2828000	0.0
2828800	1.0
2829600	0.0
2830400	0.0
2831200	0.0
2832000	0.0
2832800	0.0
2833600	0.0
2834400	0.0
2835200	0.0
2836000	0.0
2836800	0.0
2837600	0.0
2838400	0.0
2839200	1.0
2840000	0.0
2840800	1.0
2841600	0.0
2842400	0.0
2843200	0.0
2844000	0.0
2844800	0.0
2845600	0.0
2846400	0.0
2847200	0.0
2848000	0.0
2848800	0.0
2849600	0.0
2850400	0.0
2851200	0.0
2852000	1.0
2852800	0.0
2853600	1.0
2854400	0.0
2855200	0.0
2856000	0.0
2856800	0.0
2857600	0.0
2858400	0.0
2859200	0.0
2860000	0.0
2860800	0.0
2861600	0.0
2862400	0.0
2863200	0.0
2864000	0.0
2864800	0.0
2865600	0.0
2866400	0.0
2867200	1.0
2868000	0.0
2868800	1.0
2869600	0.0
2870400	1.0
2871200	1.0
2872000	1.0
2872800	1.0
2873600	0.0
2874400	0.0
2875200	1.0
2876000	1.0
2876800	1.0
2877600	0.0
2878400	1.0
2879200	2.0
2880000	0.0
2880800	0.0
2881600	0.0
2882400	0.0
2883200	0.0
2884000	0.0
2884800	0.0
2885600	0.0
2886400	0.0
2887200	0.0
2888000	2.0
2888800	1.0
2889600	0.0
2890400	0.0
2891200	0.0
2892000	0.0
2892800	1.0
2893600	1.0
2894400	0.0
2895200	2.0
2896000	0.0
2896800	0.0
2897600	2.0
2898400	1.0
2899200	1.0
2900000	0.0
2900800	0.0
2901600	0.0
2902400	0.0
2903200	0.0
2904000	0.0
2904800	1.0
2905600	1.0
2906400	1.0
2907200	2.0
2908000	1.0
2908800	1.0
2909600	1.0
2910400	1.0
2911200	0.0
2912000	0.0
2912800	0.0
2913600	1.0
2914400	0.0
2915200	2.0
2916000	0.0
2916800	0.0
2917600	1.0
2918400	0.0
2919200	0.0
2920000	2.0
2920800	0.0
2921600	1.0
2922400	0.0
2923200	0.0
2924000	0.0
2924800	0.0
2925600	0.0
2926400	1.0
2927200	0.0
2928000	1.0
2928800	0.0
2929600	0.0
2930400	1.0
2931200	1.0
2932000	0.0
2932800	0.0
2933600	1.0
2934400	0.0
2935200	2.0
2936000	1.0
2936800	0.0
2937600	0.0
2938400	0.0
2939200	0.0
2940000	0.0
2940800	0.0
2941600	0.0
2942400	0.0
2943200	0.0
2944000	0.0
2944800	0.0
2945600	0.0
2946400	1.0
2947200	0.0
2948000	0.0
2948800	0.0
2949600	0.0
2950400	1.0
2951200	1.0
2952000	1.0
2952800	2.0
2953600	1.0
2954400	2.0
2955200	1.0
2956000	1.0
2956800	0.0
2957600	0.0
2958400	0.0
2959200	0.0
2960000	0.0
2960800	0.0
2961600	0.0
2962400	0.0
2963200	0.0
2964000	0.0
2964800	0.0
2965600	0.0
2966400	0.0
2967200	0.0
2968000	1.0
2968800	0.0
2969600	0.0
2970400	1.0
2971200	0.0
2972000	0.0
2972800	0.0
2973600	1.0
2974400	0.0
2975200	0.0
2976000	0.0
2976800	0.0
2977600	0.0
2978400	0.0
2979200	0.0
2980000	0.0
2980800	0.0
2981600	0.0
2982400	0.0
2983200	0.0
2984000	1.0
2984800	0.0
2985600	0.0
2986400	0.0
2987200	0.0
2988000	0.0
2988800	0.0
2989600	1.0
2990400	2.0
2991200	0.0
2992000	0.0
2992800	0.0
2993600	0.0
2994400	0.0
2995200	0.0
2996000	1.0
2996800	1.0
2997600	0.0
2998400	1.0
2999200	0.0
3000000	0.0
3000800	0.0
3001600	0.0
3002400	0.0
3003200	0.0
3004000	0.0
3004800	0.0
3005600	2.0
3006400	0.0
3007200	0.0
3008000	0.0
3008800	0.0
3009600	0.0
3010400	1.0
3011200	0.0
3012000	0.0
3012800	0.0
3013600	0.0
3014400	0.0
3015200	0.0
3016000	0.0
3016800	0.0
3017600	0.0
3018400	0.0
3019200	0.0
3020000	0.0
3020800	1.0
3021600	0.0
3022400	0.0
3023200	0.0
3024000	0.0
3024800	0.0
3025600	0.0
3026400	0.0
3027200	0.0
3028000	0.0
3028800	1.0
3029600	0.0
3030400	1.0
3031200	0.0
3032000	0.0
3032800	0.0
3033600	0.0
3034400	0.0
3035200	1.0
3036000	0.0
3036800	1.0
3037600	0.0
3038400	0.0
3039200	0.0
3040000	0.0
3040800	0.0
3041600	0.0
3042400	1.0
3043200	0.0
3044000	0.0
3044800	0.0
3045600	1.0
3046400	0.0
3047200	2.0
3048000	0.0
3048800	0.0
3049600	1.0
3050400	0.0
3051200	0.0
3052000	0.0
3052800	1.0
3053600	0.0
3054400	0.0
3055200	0.0
3056000	0.0
3056800	0.0
3057600	0.0
3058400	1.0
3059200	0.0
3060000	0.0
3060800	2.0
3061600	1.0
3062400	0.0
3063200	0.0
3064000	0.0
3064800	0.0
3065600	0.0
3066400	1.0
3067200	0.0
3068000	0.0
3068800	0.0
3069600	0.0
3070400	0.0
3071200	0.0
3072000	0.0
3072800	1.0
3073600	0.0
3074400	0.0
3075200	1.0
3076000	1.0
3076800	0.0
3077600	1.0
3078400	0.0
3079200	0.0
3080000	0.0
3080800	0.0
3081600	0.0
3082400	1.0
3083200	0.0
3084000	0.0
3084800	0.0
3085600	0.0
3086400	0.0
3087200	1.0
3088000	0.0
3088800	0.0
3089600	0.0
3090400	0.0
3091200	0.0
3092000	0.0
3092800	1.0
3093600	1.0
3094400	0.0
3095200	0.0
3096000	0.0
3096800	0.0
3097600	1.0
3098400	0.0
3099200	0.0
3100000	0.0
3100800	0.0
3101600	2.0
3102400	0.0
3103200	1.0
3104000	1.0
3104800	1.0
3105600	2.0
3106400	2.0
3107200	2.0
3108000	0.0
3108800	1.0
3109600	1.0
3110400	1.0
3111200	0.0
3112000	0.0
3112800	0.0
3113600	1.0
3114400	0.0
3115200	0.0
3116000	0.0
3116800	1.0
3117600	0.0
3118400	1.0
3119200	0.0
3120000	0.0
3120800	0.0
3121600	0.0
3122400	0.0
3123200	0.0
3124000	0.0
3124800	1.0
3125600	2.0
3126400	0.0
3127200	0.0
3128000	1.0
3128800	0.0
3129600	1.0
3130400	0.0
3131200	0.0
3132000	0.0
3132800	0.0
3133600	0.0
3134400	1.0
3135200	1.0
3136000	0.0
3136800	0.0
3137600	0.0
3138400	0.0
3139200	0.0
3140000	0.0
3140800	0.0
3141600	2.0
3142400	0.0
3143200	0.0
3144000	0.0
3144800	1.0
3145600	0.0
3146400	1.0
3147200	1.0
3148000	0.0
3148800	0.0
3149600	1.0
3150400	0.0
3151200	0.0
3152000	0.0
3152800	2.0
3153600	0.0
3154400	1.0
3155200	0.0
3156000	2.0
3156800	2.0
3157600	1.0
3158400	2.0
3159200	0.0
3160000	0.0
3160800	2.0
3161600	1.0
3162400	0.0
3163200	0.0
3164000	0.0
3164800	0.0
3165600	0.0
3166400	0.0
3167200	0.0
3168000	0.0
3168800	0.0
3169600	0.0
3170400	2.0
3171200	2.0
3172000	0.0
3172800	1.0
3173600	0.0
3174400	0.0
3175200	0.0
3176000	0.0
3176800	1.0
3177600	1.0
3178400	1.0
3179200	0.0
3180000	2.0
3180800	1.0
3181600	0.0
3182400	0.0
3183200	0.0
3184000	0.0
3184800	1.0
3185600	0.0
3186400	0.0
3187200	0.0
3188000	0.0
3188800	0.0
3189600	0.0
3190400	0.0
3191200	1.0
3192000	0.0
3192800	0.0
3193600	0.0
3194400	1.0
3195200	1.0
3196000	1.0
3196800	0.0
3197600	0.0
3198400	1.0
3199200	1.0
3200000	0.0
3200800	0.0
3201600	0.0
3202400	1.0
3203200	0.0
3204000	0.0
3204800	0.0
3205600	0.0
3206400	0.0
3207200	0.0
3208000	1.0
3208800	3.0
3209600	0.0
3210400	0.0
3211200	0.0
3212000	0.0
3212800	0.0
3213600	0.0
3214400	0.0
3215200	0.0
3216000	0.0
3216800	0.0
3217600	0.0
3218400	1.0
3219200	2.0
3220000	0.0
3220800	1.0
3221600	2.0
3222400	1.0
3223200	1.0
3224000	0.0
3224800	0.0
3225600	0.0
3226400	0.0
3227200	0.0
3228000	0.0
3228800	1.0
3229600	0.0
3230400	1.0
3231200	0.0
3232000	0.0
3232800	0.0
3233600	0.0
3234400	0.0
3235200	0.0
3236000	2.0
3236800	0.0
3237600	1.0
3238400	0.0
3239200	0.0
3240000	0.0
3240800	0.0
3241600	0.0
3242400	1.0
3243200	0.0
3244000	0.0
3244800	0.0
3245600	0.0
3246400	0.0
3247200	0.0
3248000	1.0
3248800	0.0
3249600	1.0
3250400	0.0
3251200	0.0
3252000	0.0
3252800	1.0
3253600	0.0
3254400	0.0
3255200	0.0
3256000	0.0
3256800	0.0
3257600	0.0
3258400	1.0
3259200	0.0
3260000	0.0
3260800	0.0
3261600	0.0
3262400	2.0
3263200	1.0
3264000	0.0
3264800	0.0
3265600	0.0
3266400	0.0
3267200	0.0
3268000	1.0
3268800	0.0
3269600	1.0
3270400	0.0
3271200	0.0
3272000	0.0
3272800	0.0
3273600	1.0
3274400	0.0
3275200	0.0
3276000	2.0
3276800	0.0
3277600	0.0
3278400	0.0
3279200	1.0
3280000	1.0
3280800	0.0
3281600	2.0
3282400	1.0
3283200	0.0
3284000	1.0
3284800	0.0
3285600	0.0
3286400	0.0
3287200	0.0
3288000	0.0
3288800	0.0
3289600	1.0
3290400	0.0
3291200	0.0
3292000	0.0
3292800	0.0
3293600	0.0
3294400	1.0
3295200	1.0
3296000	0.0
3296800	0.0
3297600	0.0
3298400	0.0
3299200	0.0
3300000	1.0
3300800	0.0
3301600	1.0
3302400	0.0
3303200	0.0
3304000	0.0
3304800	0.0
3305600	0.0
3306400	0.0
3307200	0.0
3308000	1.0
3308800	0.0
3309600	1.0
3310400	0.0
3311200	0.0
3312000	0.0
3312800	0.0
3313600	0.0
3314400	0.0
3315200	0.0
3316000	0.0
3316800	0.0
3317600	0.0
3318400	0.0
3319200	0.0
3320000	0.0
3320800	0.0
3321600	0.0
3322400	0.0
3323200	2.0
3324000	0.0
3324800	0.0
3325600	0.0
3326400	0.0
3327200	0.0
3328000	0.0
3328800	0.0
3329600	0.0
3330400	0.0
3331200	0.0
3332000	0.0
3332800	0.0
3333600	0.0
3334400	0.0
3335200	1.0
3336000	0.0
3336800	1.0
3337600	0.0
3338400	1.0
3339200	0.0
3340000	0.0
3340800	1.0
3341600	0.0
3342400	0.0
3343200	0.0
3344000	0.0
3344800	1.0
3345600	0.0
3346400	1.0
3347200	1.0
3348000	1.0
3348800	0.0
3349600	1.0
3350400	1.0
3351200	0.0
3352000	0.0
3352800	0.0
3353600	0.0
3354400	0.0
3355200	0.0
3356000	1.0
3356800	0.0
3357600	0.0
3358400	1.0
3359200	0.0
3360000	0.0
3360800	1.0
3361600	1.0
3362400	1.0
3363200	1.0
3364000	0.0
3364800	0.0
3365600	0.0
3366400	0.0
3367200	1.0
3368000	0.0
3368800	0.0
3369600	0.0
3370400	1.0
3371200	1.0
3372000	0.0
3372800	0.0
3373600	1.0
3374400	0.0
3375200	1.0
3376000	0.0
3376800	1.0
3377600	0.0
3378400	0.0
3379200	0.0
3380000	0.0
3380800	0.0
3381600	0.0
3382400	0.0
3383200	0.0
3384000	1.0
3384800	0.0
3385600	0.0
3386400	0.0
3387200	0.0
3388000	0.0
3388800	0.0
3389600	0.0
3390400	0.0
3391200	0.0
3392000	0.0
3392800	0.0
3393600	1.0
3394400	0.0
3395200	0.0
3396000	0.0
3396800	0.0
3397600	0.0
3398400	1.0
3399200	0.0
3400000	1.0
3400800	0.0
3401600	0.0
3402400	1.0
3403200	1.0
3404000	0.0
3404800	0.0
3405600	0.0
3406400	0.0
3407200	0.0
3408000	0.0
3408800	1.0
3409600	0.0
3410400	0.0
3411200	2.0
3412000	0.0
3412800	0.0
3413600	1.0
3414400	0.0
3415200	0.0
3416000	0.0
3416800	1.0
3417600	1.0
3418400	0.0
3419200	0.0
3420000	0.0
3420800	0.0
3421600	0.0
3422400	0.0
3423200	2.0
3424000	0.0
3424800	1.0
3425600	0.0
3426400	0.0
3427200	1.0
3428000	0.0
3428800	0.0
3429600	2.0
3430400	0.0
3431200	0.0
3432000	0.0
3432800	0.0
3433600	0.0
3434400	0.0
3435200	2.0
3436000	0.0
3436800	0.0
3437600	0.0
3438400	0.0
3439200	1.0
3440000	0.0
3440800	0.0
3441600	0.0
3442400	0.0
3443200	0.0
3444000	0.0
3444800	0.0
3445600	0.0
3446400	1.0
3447200	0.0
3448000	0.0
3448800	2.0
3449600	0.0
3450400	0.0
3451200	0.0
3452000	0.0
3452800	0.0
3453600	0.0
3454400	0.0
3455200	0.0
3456000	0.0
3456800	0.0
3457600	1.0
3458400	0.0
3459200	0.0
3460000	0.0
3460800	0.0
3461600	0.0
3462400	0.0
3463200	1.0
3464000	1.0
3464800	0.0
3465600	0.0
3466400	0.0
3467200	0.0
3468000	0.0
3468800	0.0
3469600	0.0
3470400	0.0
3471200	0.0
3472000	0.0
3472800	0.0
3473600	0.0
3474400	0.0
3475200	0.0
3476000	0.0
3476800	1.0
3477600	0.0
3478400	0.0
3479200	0.0
3480000	1.0
3480800	0.0
3481600	0.0
3482400	0.0
3483200	0.0
3484000	0.0
3484800	0.0
3485600	0.0
3486400	0.0
3487200	0.0
3488000	0.0
3488800	0.0
3489600	0.0
3490400	0.0
3491200	0.0
3492000	1.0
3492800	0.0
3493600	0.0
3494400	0.0
3495200	1.0
3496000	0.0
3496800	0.0
3497600	0.0
3498400	0.0
3499200	0.0
3500000	0.0
3500800	1.0
3501600	0.0
3502400	0.0
3503200	2.0
3504000	1.0
3504800	0.0
3505600	0.0
3506400	0.0
3507200	0.0
3508000	0.0
3508800	0.0
3509600	0.0
3510400	0.0
3511200	1.0
3512000	0.0
3512800	1.0
3513600	0.0
3514400	0.0
3515200	0.0
3516000	0.0
3516800	1.0
3517600	1.0
3518400	0.0
3519200	0.0
3520000	0.0
3520800	1.0
3521600	0.0
3522400	1.0
3523200	1.0
3524000	1.0
3524800	1.0
3525600	0.0
3526400	0.0
3527200	0.0
3528000	0.0
3528800	0.0
3529600	0.0
3530400	1.0
3531200	0.0
3532000	0.0
3532800	0.0
3533600	0.0
3534400	1.0
3535200	2.0
3536000	0.0
3536800	1.0
3537600	0.0
3538400	0.0
3539200	1.0
3540000	1.0
3540800	1.0
3541600	0.0
3542400	1.0
3543200	0.0
3544000	1.0
3544800	1.0
3545600	0.0
3546400	0.0
3547200	0.0
3548000	0.0
3548800	0.0
3549600	1.0
3550400	1.0
3551200	0.0
3552000	0.0
3552800	0.0
3553600	1.0
3554400	0.0
3555200	0.0
3556000	0.0
3556800	0.0
3557600	0.0
3558400	1.0
3559200	0.0
3560000	0.0
3560800	1.0
3561600	0.0
3562400	1.0
3563200	0.0
3564000	0.0
3564800	1.0
3565600	0.0
3566400	0.0
3567200	0.0
3568000	0.0
3568800	1.0
3569600	0.0
3570400	0.0
3571200	0.0
3572000	2.0
3572800	0.0
3573600	0.0
3574400	0.0
3575200	0.0
3576000	0.0
3576800	0.0
3577600	0.0
3578400	1.0
3579200	0.0
3580000	0.0
3580800	1.0
3581600	1.0
3582400	0.0
3583200	0.0
3584000	0.0
3584800	0.0
3585600	0.0
3586400	0.0
3587200	1.0
3588000	0.0
3588800	0.0
3589600	0.0
3590400	0.0
3591200	1.0
3592000	0.0
3592800	0.0
3593600	0.0
3594400	2.0
3595200	0.0
3596000	1.0
3596800	0.0
3597600	0.0
3598400	0.0
3599200	0.0
3600000	0.0
3600800	0.0
3601600	0.0
3602400	1.0
3603200	1.0
3604000	0.0
3604800	0.0
3605600	1.0
3606400	0.0
3607200	0.0
3608000	0.0
3608800	1.0
3609600	0.0
3610400	1.0
3611200	0.0
3612000	0.0
3612800	0.0
3613600	0.0
3614400	0.0
3615200	0.0
3616000	0.0
3616800	0.0
3617600	0.0
3618400	0.0
3619200	2.0
3620000	1.0
3620800	0.0
3621600	0.0
3622400	0.0
3623200	0.0
3624000	0.0
3624800	0.0
3625600	0.0
3626400	0.0
3627200	0.0
3628000	0.0
3628800	0.0
3629600	0.0
3630400	1.0
3631200	0.0
3632000	0.0
3632800	1.0
3633600	1.0
3634400	0.0
3635200	0.0
3636000	0.0
3636800	0.0
3637600	0.0
3638400	0.0
3639200	0.0
3640000	0.0
3640800	0.0
3641600	0.0
3642400	0.0
3643200	0.0
3644000	1.0
3644800	0.0
3645600	0.0
3646400	0.0
3647200	1.0
3648000	0.0
3648800	0.0
3649600	0.0
3650400	0.0
3651200	0.0
3652000	0.0
3652800	0.0
3653600	0.0
3654400	0.0
3655200	0.0
3656000	1.0
3656800	0.0
3657600	0.0
3658400	0.0
3659200	0.0
3660000	0.0
3660800	0.0
3661600	0.0
3662400	1.0
3663200	0.0
3664000	0.0
3664800	0.0
3665600	0.0
3666400	1.0
3667200	2.0
3668000	0.0
3668800	0.0
3669600	0.0
3670400	0.0
3671200	2.0
3672000	0.0
3672800	0.0
3673600	0.0
3674400	0.0
3675200	0.0
3676000	1.0
3676800	0.0
3677600	0.0
3678400	0.0
3679200	0.0
3680000	0.0
3680800	0.0
3681600	1.0
3682400	2.0
3683200	2.0
3684000	0.0
3684800	1.0
3685600	0.0
3686400	0.0
3687200	1.0
3688000	0.0
3688800	0.0
3689600	1.0
3690400	0.0
3691200	0.0
3692000	0.0
3692800	1.0
3693600	0.0
3694400	0.0
3695200	0.0
3696000	0.0
3696800	0.0
3697600	0.0
3698400	0.0
3699200	1.0
3700000	3.0
3700800	0.0
3701600	0.0
3702400	1.0
3703200	0.0
3704000	1.0
3704800	1.0
3705600	1.0
3706400	0.0
3707200	0.0
3708000	0.0
3708800	0.0
3709600	0.0
3710400	1.0
3711200	0.0
3712000	0.0
3712800	1.0
3713600	0.0
3714400	0.0
3715200	0.0
3716000	0.0
3716800	1.0
3717600	1.0
3718400	0.0
3719200	0.0
3720000	0.0
3720800	0.0
3721600	0.0
3722400	0.0
3723200	0.0
3724000	0.0
3724800	0.0
3725600	0.0
3726400	0.0
3727200	0.0
3728000	0.0
3728800	1.0
3729600	1.0
3730400	1.0
3731200	1.0
3732000	0.0
3732800	0.0
3733600	0.0
3734400	1.0
3735200	1.0
3736000	0.0
3736800	1.0
3737600	0.0
3738400	1.0
3739200	1.0
3740000	0.0
3740800	0.0
3741600	0.0
3742400	0.0
3743200	1.0
3744000	1.0
3744800	0.0
3745600	0.0
3746400	0.0
3747200	0.0
3748000	0.0
3748800	1.0
3749600	0.0
3750400	0.0
3751200	0.0
3752000	1.0
3752800	0.0
3753600	0.0
3754400	0.0
3755200	0.0
3756000	0.0
3756800	0.0
3757600	2.0
3758400	1.0
3759200	0.0
3760000	0.0
3760800	1.0
3761600	0.0
3762400	0.0
3763200	0.0
3764000	0.0
3764800	1.0
3765600	0.0
3766400	0.0
3767200	0.0
3768000	0.0
3768800	1.0
3769600	0.0
3770400	0.0
3771200	0.0
3772000	0.0
3772800	0.0
3773600	0.0
3774400	1.0
3775200	1.0
3776000	0.0
3776800	0.0
3777600	0.0
3778400	0.0
3779200	0.0
3780000	0.0
3780800	0.0
3781600	1.0
3782400	0.0
3783200	0.0
3784000	0.0
3784800	0.0
3785600	0.0
3786400	0.0
3787200	0.0
3788000	0.0
3788800	0.0
3789600	0.0
3790400	1.0
3791200	0.0
3792000	0.0
3792800	0.0
3793600	0.0
3794400	0.0
3795200	1.0
3796000	0.0
3796800	1.0
3797600	0.0
3798400	0.0
3799200	1.0
3800000	2.0
3800800	0.0
3801600	0.0
3802400	0.0
3803200	0.0
3804000	0.0
3804800	2.0
3805600	0.0
3806400	0.0
3807200	0.0
3808000	0.0
3808800	0.0
3809600	1.0
3810400	1.0
3811200	0.0
3812000	1.0
3812800	0.0
3813600	0.0
3814400	0.0
3815200	0.0
3816000	0.0
3816800	0.0
3817600	0.0
3818400	0.0
3819200	0.0
3820000	0.0
3820800	0.0
3821600	0.0
3822400	0.0
3823200	0.0
3824000	0.0
3824800	1.0
3825600	0.0
3826400	1.0
3827200	0.0
3828000	0.0
3828800	0.0
3829600	2.0
3830400	0.0
3831200	0.0
3832000	1.0
3832800	0.0
3833600	0.0
3834400	0.0
3835200	1.0
3836000	0.0
3836800	0.0
3837600	1.0
3838400	0.0
3839200	1.0
3840000	1.0
3840800	0.0
3841600	0.0
3842400	0.0
3843200	1.0
3844000	0.0
3844800	0.0
3845600	1.0
3846400	0.0
3847200	0.0
3848000	0.0
3848800	1.0
3849600	0.0
3850400	1.0
3851200	0.0
3852000	0.0
3852800	0.0
3853600	0.0
3854400	0.0
3855200	0.0
3856000	1.0
3856800	0.0
3857600	2.0
3858400	1.0
3859200	0.0
3860000	0.0
3860800	0.0
3861600	0.0
3862400	0.0
3863200	0.0
3864000	2.0
3864800	0.0
3865600	1.0
3866400	0.0
3867200	0.0
3868000	0.0
3868800	0.0
3869600	0.0
3870400	0.0
3871200	1.0
3872000	1.0
3872800	2.0
3873600	1.0
3874400	0.0
3875200	0.0
3876000	0.0
3876800	0.0
3877600	1.0
3878400	1.0
3879200	0.0
3880000	0.0
3880800	0.0
3881600	0.0
3882400	0.0
3883200	2.0
3884000	0.0
3884800	0.0
3885600	2.0
3886400	2.0
3887200	0.0
3888000	0.0
3888800	0.0
3889600	0.0
3890400	2.0
3891200	0.0
3892000	0.0
3892800	0.0
3893600	0.0
3894400	0.0
3895200	0.0
3896000	0.0
3896800	0.0
3897600	0.0
3898400	1.0
3899200	0.0
3900000	0.0
3900800	0.0
3901600	0.0
3902400	0.0
3903200	1.0
3904000	0.0
3904800	0.0
3905600	1.0
3906400	0.0
3907200	0.0
3908000	0.0
3908800	0.0
3909600	0.0
3910400	0.0
3911200	0.0
3912000	0.0
3912800	0.0
3913600	1.0
3914400	0.0
3915200	0.0
3916000	0.0
3916800	0.0
3917600	0.0
3918400	0.0
3919200	0.0
3920000	0.0
3920800	0.0
3921600	0.0
3922400	0.0
3923200	1.0
3924000	0.0
3924800	0.0
3925600	0.0
3926400	2.0
3927200	1.0
3928000	0.0
3928800	0.0
3929600	0.0
3930400	0.0
3931200	0.0
3932000	0.0
3932800	1.0
3933600	1.0
3934400	0.0
3935200	0.0
3936000	0.0
3936800	0.0
3937600	0.0
3938400	1.0
3939200	0.0
3940000	0.0
3940800	0.0
3941600	0.0
3942400	0.0
3943200	1.0
3944000	0.0
3944800	0.0
3945600	0.0
3946400	1.0
3947200	0.0
3948000	0.0
3948800	0.0
3949600	1.0
3950400	0.0
3951200	0.0
3952000	0.0
3952800	1.0
3953600	0.0
3954400	1.0
3955200	0.0
3956000	0.0
3956800	0.0
3957600	0.0
3958400	0.0
3959200	0.0
3960000	0.0
3960800	0.0
3961600	0.0
3962400	0.0
3963200	0.0
3964000	0.0
3964800	0.0
3965600	0.0
3966400	0.0
3967200	1.0
3968000	0.0
3968800	0.0
3969600	0.0
3970400	0.0
3971200	0.0
3972000	0.0
3972800	1.0
3973600	2.0
3974400	0.0
3975200	0.0
3976000	1.0
3976800	0.0
3977600	0.0
3978400	0.0
3979200	0.0
3980000	0.0
3980800	0.0
3981600	0.0
3982400	0.0
3983200	0.0
3984000	1.0
3984800	1.0
3985600	0.0
3986400	2.0
3987200	0.0
3988000	0.0
3988800	0.0
3989600	0.0
3990400	0.0
3991200	2.0
3992000	1.0
3992800	0.0
3993600	0.0
3994400	0.0
3995200	0.0
3996000	1.0
3996800	0.0
3997600	0.0
3998400	0.0
3999200	0.0
4000000	0.0
4000800	1.0
4001600	0.0
4002400	1.0
4003200	0.0
4004000	0.0
4004800	1.0
4005600	0.0
4006400	0.0
4007200	0.0
4008000	0.0
4008800	0.0
4009600	0.0
4010400	0.0
4011200	0.0
4012000	0.0
4012800	0.0
4013600	0.0
4014400	1.0
4015200	0.0
4016000	0.0
4016800	0.0
4017600	0.0
4018400	0.0
4019200	1.0
4020000	0.0
4020800	0.0
4021600	0.0
4022400	0.0
4023200	0.0
4024000	1.0
4024800	0.0
4025600	0.0
4026400	1.0
4027200	0.0
4028000	0.0
4028800	0.0
4029600	0.0
4030400	0.0
4031200	0.0
4032000	0.0
4032800	1.0
4033600	0.0
4034400	0.0
4035200	0.0
4036000	0.0
4036800	0.0
4037600	0.0
4038400	0.0
4039200	0.0
4040000	0.0
4040800	0.0
4041600	0.0
4042400	1.0
4043200	0.0
4044000	0.0
4044800	1.0
4045600	1.0
4046400	1.0
4047200	0.0
4048000	0.0
4048800	0.0
4049600	0.0
4050400	0.0
4051200	0.0
4052000	0.0
4052800	0.0
4053600	1.0
4054400	1.0
4055200	0.0
4056000	0.0
4056800	0.0
4057600	1.0
4058400	1.0
4059200	0.0
4060000	0.0
4060800	1.0
4061600	0.0
4062400	1.0
4063200	0.0
4064000	0.0
4064800	0.0
4065600	0.0
4066400	1.0
4067200	0.0
4068000	0.0
4068800	1.0
4069600	0.0
4070400	0.0
4071200	0.0
4072000	0.0
4072800	0.0
4073600	0.0
4074400	1.0
4075200	1.0
4076000	1.0
4076800	0.0
4077600	0.0
4078400	1.0
4079200	0.0
4080000	0.0
4080800	0.0
4081600	1.0
4082400	0.0
4083200	1.0
4084000	0.0
4084800	1.0
4085600	1.0
4086400	0.0
4087200	0.0
4088000	0.0
4088800	0.0
4089600	0.0
4090400	0.0
4091200	0.0
4092000	2.0
4092800	0.0
4093600	0.0
4094400	0.0
4095200	1.0
4096000	0.0
4096800	1.0
4097600	1.0
4098400	0.0
4099200	1.0
4100000	0.0
4100800	1.0
4101600	0.0
4102400	0.0
4103200	2.0
4104000	1.0
4104800	1.0
4105600	0.0
4106400	0.0
4107200	2.0
4108000	0.0
4108800	1.0
4109600	0.0
4110400	0.0
4111200	0.0
4112000	0.0
4112800	0.0
4113600	1.0
4114400	0.0
4115200	0.0
4116000	0.0
4116800	0.0
4117600	0.0
4118400	0.0
4119200	1.0
4120000	1.0
4120800	0.0
4121600	1.0
4122400	0.0
4123200	1.0
4124000	1.0
4124800	0.0
4125600	0.0
4126400	0.0
4127200	0.0
4128000	1.0
4128800	0.0
4129600	0.0
4130400	0.0
4131200	0.0
4132000	0.0
4132800	0.0
4133600	0.0
4134400	0.0
4135200	0.0
4136000	0.0
4136800	0.0
4137600	0.0
4138400	1.0
4139200	0.0
4140000	0.0
4140800	0.0
4141600	0.0
4142400	1.0
4143200	0.0
4144000	0.0
4144800	0.0
4145600	1.0
4146400	0.0
4147200	0.0
4148000	1.0
4148800	1.0
4149600	0.0
4150400	0.0
4151200	1.0
4152000	0.0
4152800	0.0
4153600	1.0
4154400	0.0
4155200	0.0
4156000	0.0
4156800	1.0
4157600	0.0
4158400	0.0
4159200	0.0
4160000	0.0
4160800	1.0
4161600	0.0
4162400	0.0
4163200	0.0
4164000	0.0
4164800	0.0
4165600	0.0
4166400	0.0
4167200	1.0
4168000	0.0
4168800	0.0
4169600	0.0
4170400	0.0
4171200	0.0
4172000	0.0
4172800	0.0
4173600	0.0
4174400	1.0
4175200	0.0
4176000	0.0
4176800	0.0
4177600	0.0
4178400	0.0
4179200	0.0
4180000	1.0
4180800	0.0
4181600	0.0
4182400	0.0
4183200	1.0
4184000	0.0
4184800	0.0
4185600	0.0
4186400	0.0
4187200	0.0
4188000	0.0
4188800	0.0
4189600	0.0
4190400	0.0
4191200	0.0
4192000	0.0
4192800	1.0
4193600	0.0
4194400	0.0
4195200	2.0
4196000	0.0
4196800	0.0
4197600	0.0
4198400	0.0
4199200	0.0
4200000	0.0
4200800	1.0
4201600	1.0
4202400	0.0
4203200	0.0
4204000	0.0
4204800	0.0
4205600	0.0
4206400	0.0
4207200	0.0
4208000	0.0
4208800	0.0
4209600	0.0
4210400	1.0
4211200	0.0
4212000	0.0
4212800	0.0
4213600	0.0
4214400	0.0
4215200	0.0
4216000	0.0
4216800	0.0
4217600	0.0
4218400	0.0
4219200	0.0
4220000	0.0
4220800	0.0
4221600	0.0
4222400	0.0
4223200	0.0
4224000	0.0
4224800	0.0
4225600	0.0
4226400	0.0
4227200	0.0
4228000	0.0
4228800	0.0
4229600	0.0
4230400	0.0
4231200	0.0
4232000	1.0
4232800	2.0
4233600	0.0
4234400	0.0
4235200	0.0
4236000	0.0
4236800	0.0
4237600	2.0
4238400	0.0
4239200	0.0
4240000	0.0
4240800	0.0
4241600	0.0
4242400	0.0
4243200	1.0
4244000	0.0
4244800	0.0
4245600	1.0
4246400	1.0
4247200	0.0
4248000	0.0
4248800	1.0
4249600	0.0
4250400	0.0
4251200	0.0
4252000	0.0
4252800	1.0
4253600	0.0
4254400	0.0
4255200	1.0
4256000	0.0
4256800	0.0
4257600	1.0
4258400	1.0
4259200	0.0
4260000	0.0
4260800	0.0
4261600	1.0
4262400	0.0
4263200	0.0
4264000	0.0
4264800	0.0
4265600	0.0
4266400	0.0
4267200	0.0
4268000	0.0
4268800	1.0
4269600	0.0
4270400	0.0
4271200	1.0
4272000	0.0
4272800	0.0
4273600	0.0
4274400	0.0
4275200	1.0
4276000	0.0
4276800	0.0
4277600	0.0
4278400	0.0
4279200	0.0
4280000	1.0
4280800	1.0
4281600	0.0
4282400	1.0
4283200	1.0
4284000	0.0
4284800	0.0
4285600	0.0
4286400	1.0
4287200	0.0
4288000	0.0
4288800	0.0
4289600	0.0
4290400	0.0
4291200	0.0
4292000	0.0
4292800	1.0
4293600	0.0
4294400	0.0
4295200	0.0
4296000	0.0
4296800	0.0
4297600	1.0
4298400	3.0
4299200	0.0
4300000	0.0
4300800	0.0
4301600	0.0
4302400	0.0
4303200	0.0
4304000	0.0
4304800	0.0
4305600	0.0
4306400	0.0
4307200	0.0
4308000	0.0
4308800	0.0
4309600	0.0
4310400	0.0
4311200	1.0
4312000	2.0
4312800	0.0
4313600	1.0
4314400	0.0
4315200	0.0
4316000	0.0
4316800	1.0
4317600	2.0
4318400	0.0
4319200	0.0
4320000	1.0
4320800	0.0
4321600	1.0
4322400	2.0
4323200	1.0
4324000	0.0
4324800	0.0
4325600	0.0
4326400	0.0
4327200	0.0
4328000	0.0
4328800	0.0
4329600	0.0
4330400	0.0
4331200	1.0
4332000	0.0
4332800	0.0
4333600	0.0
4334400	0.0
4335200	0.0
4336000	2.0
4336800	0.0
4337600	1.0
4338400	0.0
4339200	1.0
4340000	0.0
4340800	2.0
4341600	0.0
4342400	0.0
4343200	0.0
4344000	0.0
4344800	0.0
4345600	1.0
4346400	0.0
4347200	0.0
4348000	0.0
4348800	0.0
4349600	0.0
4350400	1.0
4351200	0.0
4352000	1.0
4352800	0.0
4353600	1.0
4354400	1.0
4355200	0.0
4356000	0.0
4356800	0.0
4357600	0.0
4358400	0.0
4359200	0.0
4360000	1.0
4360800	1.0
4361600	1.0
4362400	1.0
4363200	0.0
4364000	0.0
4364800	1.0
4365600	0.0
4366400	0.0
4367200	0.0
4368000	0.0
4368800	0.0
4369600	0.0
4370400	0.0
4371200	0.0
4372000	0.0
4372800	0.0
4373600	0.0
4374400	0.0
4375200	0.0
4376000	0.0
4376800	1.0
4377600	0.0
4378400	1.0
4379200	1.0
4380000	0.0
4380800	1.0
4381600	0.0
4382400	0.0
4383200	1.0
4384000	0.0
4384800	0.0
4385600	0.0
4386400	0.0
4387200	2.0
4388000	0.0
4388800	0.0
4389600	0.0
4390400	1.0
4391200	0.0
4392000	0.0
4392800	0.0
4393600	0.0
4394400	1.0
4395200	0.0
4396000	0.0
4396800	0.0
4397600	0.0
4398400	0.0
4399200	1.0
4400000	1.0
4400800	1.0
4401600	0.0
4402400	1.0
4403200	0.0
4404000	0.0
4404800	1.0
4405600	0.0
4406400	0.0
4407200	0.0
4408000	0.0
4408800	0.0
4409600	0.0
4410400	0.0
4411200	1.0
4412000	2.0
4412800	0.0
4413600	0.0
4414400	0.0
4415200	1.0
4416000	0.0
4416800	0.0
4417600	0.0
4418400	1.0
4419200	0.0
4420000	0.0
4420800	0.0
4421600	0.0
4422400	0.0
4423200	0.0
4424000	0.0
4424800	0.0
4425600	0.0
4426400	0.0
4427200	0.0
4428000	0.0
4428800	1.0
4429600	0.0
4430400	1.0
4431200	0.0
4432000	0.0
4432800	0.0
4433600	0.0
4434400	2.0
4435200	0.0
4436000	1.0
4436800	0.0
4437600	0.0
4438400	0.0
4439200	0.0
4440000	0.0
4440800	0.0
4441600	0.0
4442400	0.0
4443200	0.0
4444000	1.0
4444800	0.0
4445600	1.0
4446400	1.0
4447200	0.0
4448000	0.0
4448800	1.0
4449600	0.0
4450400	0.0
4451200	0.0
4452000	1.0
4452800	1.0
4453600	0.0
4454400	0.0
4455200	1.0
4456000	0.0
4456800	0.0
4457600	0.0
4458400	0.0
4459200	2.0
4460000	0.0
4460800	0.0
4461600	1.0
4462400	0.0
4463200	0.0
4464000	0.0
4464800	1.0
4465600	0.0
4466400	0.0
4467200	0.0
4468000	0.0
4468800	0.0
4469600	0.0
4470400	0.0
4471200	0.0
4472000	0.0
4472800	0.0
4473600	0.0
4474400	0.0
4475200	0.0
4476000	1.0
4476800	0.0
4477600	0.0
4478400	0.0
4479200	0.0
4480000	0.0
4480800	0.0
4481600	0.0
4482400	0.0
4483200	0.0
4484000	0.0
4484800	1.0
4485600	0.0
4486400	0.0
4487200	0.0
4488000	0.0
4488800	0.0
4489600	0.0
4490400	1.0
4491200	0.0
4492000	0.0
4492800	0.0
4493600	2.0
4494400	0.0
4495200	0.0
4496000	1.0
4496800	0.0
4497600	0.0
4498400	0.0
4499200	0.0
4500000	0.0
4500800	0.0
4501600	1.0
4502400	0.0
4503200	1.0
4504000	2.0
4504800	0.0
4505600	0.0
4506400	0.0
4507200	0.0
4508000	0.0
4508800	0.0
4509600	0.0
4510400	0.0
4511200	0.0
4512000	0.0
4512800	0.0
4513600	0.0
4514400	1.0
4515200	1.0
4516000	1.0
4516800	0.0
4517600	0.0
4518400	2.0
4519200	0.0
4520000	0.0
4520800	0.0
4521600	0.0
4522400	2.0
4523200	0.0
4524000	2.0
4524800	0.0
4525600	0.0
4526400	0.0
4527200	0.0
4528000	0.0
4528800	0.0
4529600	1.0
4530400	0.0
4531200	1.0
4532000	0.0
4532800	1.0
4533600	0.0
4534400	1.0
4535200	1.0
4536000	0.0
4536800	0.0
4537600	0.0
4538400	0.0
4539200	1.0
4540000	0.0
4540800	0.0
4541600	0.0
4542400	0.0
4543200	0.0
4544000	0.0
4544800	0.0
4545600	0.0
4546400	2.0
4547200	0.0
4548000	0.0
4548800	0.0
4549600	1.0
4550400	1.0
4551200	0.0
4552000	0.0
4552800	0.0
4553600	2.0
4554400	0.0
4555200	0.0
4556000	0.0
4556800	0.0
4557600	0.0
4558400	0.0
4559200	1.0
4560000	1.0
4560800	0.0
4561600	0.0
4562400	0.0
4563200	0.0
4564000	1.0
4564800	1.0
4565600	0.0
4566400	0.0
4567200	0.0
4568000	0.0
4568800	0.0
4569600	0.0
4570400	0.0
4571200	0.0
4572000	1.0
4572800	0.0
4573600	0.0
4574400	1.0
4575200	1.0
4576000	0.0
4576800	0.0
4577600	0.0
4578400	0.0
4579200	1.0
4580000	1.0
4580800	1.0
4581600	1.0
4582400	0.0
4583200	0.0
4584000	1.0
4584800	0.0
4585600	1.0
4586400	1.0
4587200	0.0
4588000	0.0
4588800	1.0
4589600	0.0
4590400	1.0
4591200	1.0
4592000	0.0
4592800	1.0
4593600	0.0
4594400	0.0
4595200	0.0
4596000	0.0
4596800	0.0
4597600	0.0
4598400	1.0
4599200	0.0
4600000	0.0
4600800	0.0
4601600	0.0
4602400	1.0
4603200	0.0
4604000	0.0
4604800	0.0
4605600	0.0
4606400	0.0
4607200	0.0
4608000	1.0
4608800	0.0
4609600	0.0
4610400	0.0
4611200	0.0
4612000	1.0
4612800	0.0
4613600	0.0
4614400	0.0
4615200	0.0
4616000	1.0
4616800	0.0
4617600	0.0
4618400	0.0
4619200	0.0
4620000	0.0
4620800	0.0
4621600	1.0
4622400	0.0
4623200	0.0
4624000	0.0
4624800	1.0
4625600	0.0
4626400	0.0
4627200	2.0
4628000	1.0
4628800	0.0
4629600	0.0
4630400	0.0
4631200	0.0
4632000	0.0
4632800	0.0
4633600	1.0
4634400	0.0
4635200	0.0
4636000	0.0
4636800	0.0
4637600	0.0
4638400	0.0
4639200	0.0
4640000	0.0
4640800	1.0
4641600	0.0
4642400	0.0
4643200	0.0
4644000	0.0
4644800	0.0
4645600	2.0
4646400	1.0
4647200	0.0
4648000	0.0
4648800	1.0
4649600	0.0
4650400	0.0
4651200	1.0
4652000	1.0
4652800	0.0
4653600	0.0
4654400	0.0
4655200	0.0
4656000	0.0
4656800	1.0
4657600	0.0
4658400	1.0
4659200	0.0
4660000	0.0
4660800	0.0
4661600	0.0
4662400	0.0
4663200	0.0
4664000	1.0
4664800	0.0
4665600	0.0
4666400	0.0
4667200	1.0
4668000	0.0
4668800	1.0
4669600	1.0
4670400	1.0
4671200	0.0
4672000	0.0
4672800	0.0
4673600	0.0
4674400	0.0
4675200	0.0
4676000	1.0
4676800	0.0
4677600	0.0
4678400	0.0
4679200	0.0
4680000	0.0
4680800	0.0
4681600	0.0
4682400	0.0
4683200	0.0
4684000	0.0
4684800	0.0
4685600	0.0
4686400	0.0
4687200	0.0
4688000	1.0
4688800	0.0
4689600	0.0
4690400	1.0
4691200	0.0
4692000	0.0
4692800	0.0
4693600	0.0
4694400	0.0
4695200	0.0
4696000	0.0
4696800	2.0
4697600	0.0
4698400	0.0
4699200	0.0
4700000	0.0
4700800	1.0
4701600	0.0
4702400	0.0
4703200	1.0
4704000	0.0
4704800	1.0
4705600	0.0
4706400	0.0
4707200	0.0
4708000	0.0
4708800	0.0
4709600	1.0
4710400	0.0
4711200	0.0
4712000	0.0
4712800	0.0
4713600	0.0
4714400	0.0
4715200	0.0
4716000	0.0
4716800	2.0
4717600	0.0
4718400	0.0
4719200	0.0
4720000	0.0
4720800	0.0
4721600	0.0
4722400	0.0
4723200	1.0
4724000	1.0
4724800	1.0
4725600	0.0
4726400	0.0
4727200	0.0
4728000	0.0
4728800	0.0
4729600	0.0
4730400	0.0
4731200	0.0
4732000	1.0
4732800	0.0
4733600	1.0
4734400	1.0
4735200	0.0
4736000	0.0
4736800	1.0
4737600	1.0
4738400	0.0
4739200	0.0
4740000	0.0
4740800	0.0
4741600	1.0
4742400	0.0
4743200	0.0
4744000	0.0
4744800	0.0
4745600	0.0
4746400	1.0
4747200	0.0
4748000	0.0
4748800	0.0
4749600	0.0
4750400	0.0
4751200	0.0
4752000	1.0
4752800	0.0
4753600	0.0
4754400	0.0
4755200	0.0
4756000	0.0
4756800	1.0
4757600	1.0
4758400	1.0
4759200	0.0
4760000	0.0
4760800	0.0
4761600	1.0
4762400	0.0
4763200	0.0
4764000	0.0
4764800	0.0
4765600	0.0
4766400	0.0
4767200	2.0
4768000	0.0
4768800	0.0
4769600	0.0
4770400	0.0
4771200	0.0
4772000	0.0
4772800	1.0
4773600	0.0
4774400	1.0
4775200	0.0
4776000	0.0
4776800	0.0
4777600	2.0
4778400	0.0
4779200	0.0
4780000	0.0
4780800	2.0
4781600	0.0
4782400	0.0
4783200	0.0
4784000	2.0
4784800	1.0
4785600	1.0
4786400	0.0
4787200	0.0
4788000	0.0
4788800	0.0
4789600	0.0
4790400	0.0
4791200	1.0
4792000	1.0
4792800	0.0
4793600	1.0
4794400	0.0
4795200	0.0
4796000	0.0
4796800	0.0
4797600	0.0
4798400	0.0
4799200	0.0
4800000	0.0
4800800	0.0
4801600	0.0
4802400	0.0
4803200	0.0
4804000	0.0
4804800	1.0
4805600	0.0
4806400	0.0
4807200	0.0
4808000	0.0
4808800	0.0
4809600	0.0
4810400	1.0
4811200	0.0
4812000	0.0
4812800	0.0
4813600	0.0
4814400	0.0
4815200	0.0
4816000	0.0
4816800	1.0
4817600	0.0
4818400	0.0
4819200	2.0
4820000	0.0
4820800	0.0
4821600	1.0
4822400	0.0
4823200	0.0
4824000	1.0
4824800	1.0
4825600	0.0
4826400	1.0
4827200	0.0
4828000	0.0
4828800	0.0
4829600	0.0
4830400	0.0
4831200	0.0
4832000	1.0
4832800	0.0
4833600	1.0
4834400	2.0
4835200	0.0
4836000	1.0
4836800	0.0
4837600	0.0
4838400	0.0
4839200	0.0
4840000	0.0
4840800	0.0
4841600	1.0
4842400	0.0
4843200	0.0
4844000	1.0
4844800	1.0
4845600	0.0
4846400	0.0
4847200	0.0
4848000	0.0
4848800	0.0
4849600	0.0
4850400	0.0
4851200	0.0
4852000	0.0
4852800	0.0
4853600	0.0
4854400	0.0
4855200	1.0
4856000	0.0
4856800	1.0
4857600	0.0
4858400	0.0
4859200	0.0
4860000	0.0
4860800	0.0
4861600	0.0
4862400	0.0
4863200	0.0
4864000	0.0
4864800	2.0
4865600	1.0
4866400	2.0
4867200	1.0
4868000	0.0
4868800	1.0
4869600	0.0
4870400	2.0
4871200	1.0
4872000	0.0
4872800	0.0
4873600	0.0
4874400	0.0
4875200	0.0
4876000	0.0
4876800	0.0
4877600	0.0
4878400	0.0
4879200	0.0
4880000	0.0
4880800	0.0
4881600	1.0
4882400	0.0
4883200	1.0
4884000	0.0
4884800	0.0
4885600	0.0
4886400	0.0
4887200	0.0
4888000	0.0
4888800	0.0
4889600	0.0
4890400	0.0
4891200	0.0
4892000	0.0
4892800	1.0
4893600	0.0
4894400	0.0
4895200	1.0
4896000	0.0
4896800	0.0
4897600	0.0
4898400	0.0
4899200	0.0
4900000	1.0
4900800	0.0
4901600	0.0
4902400	0.0
4903200	0.0
4904000	0.0
4904800	0.0
4905600	0.0
4906400	0.0
4907200	0.0
4908000	2.0
4908800	0.0
4909600	0.0
4910400	0.0
4911200	1.0
4912000	0.0
4912800	1.0
4913600	0.0
4914400	0.0
4915200	0.0
4916000	1.0
4916800	0.0
4917600	0.0
4918400	1.0
4919200	0.0
4920000	0.0
4920800	0.0
4921600	1.0
4922400	0.0
4923200	0.0
4924000	0.0
4924800	0.0
4925600	0.0
4926400	1.0
4927200	0.0
4928000	0.0
4928800	0.0
4929600	0.0
4930400	0.0
4931200	0.0
4932000	0.0
4932800	1.0
4933600	1.0
4934400	0.0
4935200	0.0
4936000	0.0
4936800	0.0
4937600	0.0
4938400	2.0
4939200	0.0
4940000	0.0
4940800	1.0
4941600	1.0
4942400	0.0
4943200	0.0
4944000	0.0
4944800	0.0
4945600	0.0
4946400	0.0
4947200	0.0
4948000	1.0
4948800	1.0
4949600	1.0
4950400	0.0
4951200	1.0
4952000	0.0
4952800	2.0
4953600	0.0
4954400	0.0
4955200	0.0
4956000	0.0
4956800	1.0
4957600	0.0
4958400	0.0
4959200	0.0
4960000	1.0
4960800	1.0
4961600	1.0
4962400	2.0
4963200	1.0
4964000	0.0
4964800	1.0
4965600	1.0
4966400	0.0
4967200	0.0
4968000	0.0
4968800	0.0
4969600	0.0
4970400	0.0
4971200	1.0
4972000	1.0
4972800	0.0
4973600	0.0
4974400	0.0
4975200	0.0
4976000	0.0
4976800	0.0
4977600	0.0
4978400	0.0
4979200	0.0
4980000	0.0
4980800	1.0
4981600	0.0
4982400	0.0
4983200	0.0
4984000	0.0
4984800	1.0
4985600	0.0
4986400	0.0
4987200	0.0
4988000	0.0
4988800	0.0
4989600	0.0
4990400	0.0
4991200	0.0
4992000	0.0
4992800	1.0
4993600	0.0
4994400	0.0
4995200	0.0
4996000	0.0
4996800	0.0
4997600	0.0
4998400	0.0
4999200	0.0
5000000	0.0
5000800	0.0
5001600	0.0
5002400	0.0
5003200	1.0
5004000	0.0
5004800	0.0
5005600	1.0
5006400	0.0
5007200	1.0
5008000	0.0
5008800	1.0
5009600	0.0
5010400	1.0
5011200	0.0
5012000	0.0
5012800	0.0
5013600	0.0
5014400	0.0
5015200	1.0
5016000	0.0
5016800	1.0
5017600	1.0
5018400	0.0
5019200	0.0
5020000	1.0
5020800	0.0
5021600	0.0
5022400	0.0
5023200	0.0
5024000	0.0
5024800	0.0
5025600	2.0
5026400	0.0
5027200	0.0
5028000	0.0
5028800	0.0
5029600	0.0
5030400	1.0
5031200	0.0
5032000	0.0
5032800	0.0
5033600	0.0
5034400	0.0
5035200	0.0
5036000	0.0
5036800	0.0
5037600	0.0
5038400	0.0
5039200	0.0
5040000	0.0
5040800	1.0
5041600	0.0
5042400	0.0
5043200	0.0
5044000	1.0
5044800	1.0
5045600	0.0
5046400	1.0
5047200	0.0
5048000	0.0
5048800	0.0
5049600	0.0
5050400	0.0
5051200	1.0
5052000	1.0
5052800	0.0
5053600	1.0
5054400	0.0
5055200	0.0
5056000	0.0
5056800	0.0
5057600	0.0
5058400	0.0
5059200	0.0
5060000	0.0
5060800	0.0
5061600	1.0
5062400	0.0
5063200	1.0
5064000	0.0
5064800	0.0
5065600	0.0
5066400	0.0
5067200	0.0
5068000	0.0
5068800	0.0
5069600	0.0
5070400	1.0
5071200	0.0
5072000	0.0
5072800	1.0
5073600	1.0
5074400	0.0
5075200	1.0
5076000	2.0
5076800	1.0
5077600	0.0
5078400	2.0
5079200	1.0
5080000	1.0
5080800	0.0
5081600	0.0
5082400	0.0
5083200	1.0
5084000	1.0
5084800	1.0
5085600	0.0
5086400	2.0
5087200	0.0
5088000	0.0
5088800	0.0
5089600	0.0
5090400	1.0
5091200	1.0
5092000	0.0
5092800	0.0
5093600	1.0
5094400	2.0
5095200	0.0
5096000	0.0
5096800	0.0
5097600	0.0
5098400	0.0
5099200	0.0
5100000	0.0
5100800	1.0
5101600	0.0
5102400	0.0
5103200	0.0
5104000	0.0
5104800	0.0
5105600	0.0
5106400	0.0
5107200	0.0
5108000	0.0
5108800	1.0
5109600	0.0
5110400	0.0
5111200	0.0
5112000	1.0
5112800	0.0
5113600	1.0
5114400	1.0
5115200	0.0
5116000	0.0
5116800	0.0
5117600	0.0
5118400	0.0
5119200	0.0
5120000	1.0
5120800	0.0
5121600	0.0
5122400	0.0
5123200	0.0
5124000	0.0
5124800	0.0
5125600	0.0
5126400	0.0
5127200	0.0
5128000	0.0
5128800	0.0
5129600	1.0
5130400	0.0
5131200	0.0
5132000	0.0
5132800	0.0
5133600	0.0
5134400	0.0
5135200	0.0
5136000	0.0
5136800	0.0
5137600	2.0
5138400	1.0
5139200	1.0
5140000	0.0
5140800	0.0
5141600	1.0
5142400	0.0
5143200	0.0
5144000	0.0
5144800	0.0
5145600	0.0
5146400	1.0
5147200	2.0
5148000	0.0
5148800	0.0
5149600	0.0
5150400	0.0
5151200	0.0
5152000	0.0
5152800	0.0
5153600	1.0
5154400	1.0
5155200	0.0
5156000	0.0
5156800	0.0
5157600	0.0
5158400	0.0
5159200	1.0
5160000	1.0
5160800	0.0
5161600	0.0
5162400	0.0
5163200	0.0
5164000	0.0
5164800	1.0
5165600	1.0
5166400	0.0
5167200	0.0
5168000	0.0
5168800	0.0
5169600	0.0
5170400	0.0
5171200	2.0
5172000	0.0
5172800	0.0
5173600	0.0
5174400	0.0
5175200	0.0
5176000	1.0
5176800	0.0
5177600	0.0
5178400	0.0
5179200	0.0
5180000	0.0
5180800	0.0
5181600	1.0
5182400	0.0
5183200	0.0
5184000	0.0
5184800	1.0
5185600	0.0
5186400	0.0
5187200	0.0
5188000	1.0
5188800	0.0
5189600	1.0
5190400	2.0
5191200	0.0
5192000	0.0
5192800	0.0
5193600	1.0
5194400	0.0
5195200	0.0
5196000	0.0
5196800	0.0
5197600	0.0
5198400	0.0
5199200	1.0
5200000	1.0
5200800	1.0
5201600	0.0
5202400	0.0
5203200	0.0
5204000	0.0
5204800	0.0
5205600	0.0
5206400	0.0
5207200	1.0
5208000	0.0
5208800	0.0
5209600	0.0
5210400	0.0
5211200	2.0
5212000	1.0
5212800	1.0
5213600	0.0
5214400	0.0
5215200	0.0
5216000	0.0
5216800	1.0
5217600	1.0
5218400	1.0
5219200	1.0
5220000	2.0
5220800	0.0
5221600	0.0
5222400	0.0
5223200	0.0
5224000	0.0
5224800	0.0
5225600	0.0
5226400	0.0
5227200	0.0
5228000	0.0
5228800	0.0
5229600	0.0
5230400	0.0
5231200	0.0
5232000	1.0
5232800	1.0
5233600	0.0
5234400	0.0
5235200	0.0
5236000	0.0
5236800	0.0
5237600	1.0
5238400	0.0
5239200	1.0
5240000	0.0
5240800	0.0
5241600	0.0
5242400	1.0
5243200	0.0
5244000	0.0
5244800	1.0
5245600	1.0
5246400	0.0
5247200	0.0
5248000	0.0
5248800	1.0
5249600	0.0
5250400	0.0
5251200	0.0
5252000	1.0
5252800	1.0
5253600	2.0
5254400	1.0
5255200	0.0
5256000	2.0
5256800	0.0
5257600	1.0
5258400	0.0
5259200	1.0
5260000	2.0
5260800	1.0
5261600	0.0
5262400	0.0
5263200	1.0
5264000	1.0
5264800	0.0
5265600	0.0
5266400	0.0
5267200	0.0
5268000	0.0
5268800	0.0
5269600	1.0
5270400	1.0
5271200	0.0
5272000	0.0
5272800	0.0
5273600	0.0
5274400	0.0
5275200	0.0
5276000	0.0
5276800	1.0
5277600	0.0
5278400	0.0
5279200	0.0
5280000	1.0
5280800	1.0
5281600	1.0
5282400	0.0
5283200	0.0
5284000	0.0
5284800	1.0
5285600	1.0
5286400	0.0
5287200	0.0
5288000	1.0
5288800	1.0
5289600	0.0
5290400	1.0
5291200	0.0
5292000	0.0
5292800	0.0
5293600	0.0
5294400	0.0
5295200	0.0
5296000	0.0
5296800	0.0
5297600	2.0
5298400	0.0
5299200	0.0
5300000	1.0
5300800	0.0
5301600	0.0
5302400	0.0
5303200	0.0
5304000	1.0
5304800	0.0
5305600	0.0
5306400	0.0
5307200	0.0
5308000	0.0
5308800	0.0
5309600	0.0
5310400	1.0
5311200	0.0
5312000	1.0
5312800	2.0
5313600	1.0
5314400	0.0
5315200	0.0
5316000	0.0
5316800	1.0
5317600	0.0
5318400	0.0
5319200	0.0
5320000	0.0
5320800	0.0
5321600	0.0
5322400	1.0
5323200	0.0
5324000	0.0
5324800	1.0
5325600	0.0
5326400	0.0
5327200	1.0
5328000	1.0
5328800	0.0
5329600	0.0
5330400	0.0
5331200	0.0
5332000	1.0
5332800	0.0
5333600	0.0
5334400	0.0
5335200	0.0
5336000	0.0
5336800	1.0
5337600	0.0
5338400	1.0
5339200	0.0
5340000	0.0
5340800	0.0
5341600	0.0
5342400	1.0
5343200	0.0
5344000	0.0
5344800	0.0
5345600	0.0
5346400	0.0
5347200	1.0
5348000	0.0
5348800	0.0
5349600	0.0
5350400	0.0
5351200	1.0
5352000	1.0
5352800	0.0
5353600	0.0
5354400	1.0
5355200	1.0
5356000	1.0
5356800	1.0
5357600	1.0
5358400	2.0
5359200	1.0
5360000	2.0
5360800	1.0
5361600	0.0
5362400	1.0
5363200	1.0
5364000	0.0
5364800	1.0
5365600	0.0
5366400	1.0
5367200	0.0
5368000	0.0
5368800	0.0
5369600	0.0
5370400	0.0
5371200	0.0
5372000	1.0
5372800	1.0
5373600	1.0
5374400	0.0
5375200	1.0
5376000	0.0
5376800	0.0
5377600	0.0
5378400	0.0
5379200	0.0
5380000	0.0
5380800	2.0
5381600	1.0
5382400	0.0
5383200	0.0
5384000	0.0
5384800	0.0
5385600	1.0
5386400	0.0
5387200	1.0
5388000	1.0
5388800	0.0
5389600	0.0
5390400	0.0
5391200	0.0
5392000	0.0
5392800	0.0
5393600	0.0
5394400	0.0
5395200	0.0
5396000	0.0
5396800	0.0
5397600	0.0
5398400	0.0
5399200	0.0
5400000	0.0
5400800	1.0
5401600	0.0
5402400	0.0
5403200	0.0
5404000	0.0
5404800	0.0
5405600	0.0
5406400	0.0
5407200	0.0
5408000	1.0
5408800	1.0
5409600	0.0
5410400	0.0
5411200	1.0
5412000	0.0
5412800	0.0
5413600	0.0
5414400	0.0
5415200	0.0
5416000	2.0
5416800	1.0
5417600	0.0
5418400	0.0
5419200	0.0
5420000	0.0
5420800	0.0
5421600	0.0
5422400	2.0
5423200	0.0
5424000	0.0
5424800	0.0
5425600	0.0
5426400	0.0
5427200	2.0
5428000	0.0
5428800	0.0
5429600	0.0
5430400	1.0
5431200	0.0
5432000	0.0
5432800	1.0
5433600	2.0
5434400	0.0
5435200	0.0
5436000	0.0
5436800	0.0
5437600	0.0
5438400	0.0
5439200	1.0
5440000	1.0
5440800	0.0
5441600	1.0
5442400	0.0
5443200	0.0
5444000	0.0
5444800	1.0
5445600	1.0
5446400	1.0
5447200	0.0
5448000	0.0
5448800	0.0
5449600	0.0
5450400	1.0
5451200	1.0
5452000	0.0
5452800	0.0
5453600	0.0
5454400	0.0
5455200	0.0
5456000	1.0
5456800	0.0
5457600	0.0
5458400	0.0
5459200	0.0
5460000	0.0
5460800	0.0
5461600	0.0
5462400	1.0
5463200	0.0
5464000	0.0
5464800	0.0
5465600	0.0
5466400	1.0
5467200	0.0
5468000	0.0
5468800	0.0
5469600	0.0
5470400	0.0
5471200	0.0
5472000	0.0
5472800	0.0
5473600	0.0
5474400	0.0
5475200	1.0
5476000	0.0
5476800	0.0
5477600	0.0
5478400	0.0
5479200	1.0
5480000	0.0
5480800	0.0
5481600	0.0
5482400	0.0
5483200	0.0
5484000	2.0
5484800	0.0
5485600	0.0
5486400	1.0
5487200	0.0
5488000	0.0
5488800	0.0
5489600	0.0
5490400	0.0
5491200	1.0
5492000	0.0
5492800	0.0
5493600	0.0
5494400	0.0
5495200	0.0
5496000	1.0
5496800	0.0
5497600	0.0
5498400	0.0
5499200	0.0
5500000	1.0
5500800	0.0
5501600	1.0
5502400	0.0
5503200	2.0
5504000	1.0
5504800	0.0
5505600	0.0
5506400	1.0
5507200	1.0
5508000	1.0
5508800	0.0
5509600	1.0
5510400	0.0
5511200	0.0
5512000	1.0
5512800	0.0
5513600	0.0
5514400	0.0
5515200	0.0
5516000	1.0
5516800	0.0
5517600	0.0
5518400	0.0
5519200	0.0
5520000	0.0
5520800	0.0
5521600	0.0
5522400	0.0
5523200	0.0
5524000	0.0
5524800	0.0
5525600	0.0
5526400	1.0
5527200	1.0
5528000	0.0
5528800	0.0
5529600	0.0
5530400	1.0
5531200	0.0
5532000	1.0
5532800	0.0
5533600	0.0
5534400	0.0
5535200	0.0
5536000	0.0
5536800	0.0
5537600	0.0
5538400	0.0
5539200	0.0
5540000	2.0
5540800	0.0
5541600	1.0
5542400	0.0
5543200	1.0
5544000	0.0
5544800	1.0
5545600	0.0
5546400	1.0
5547200	0.0
5548000	0.0
5548800	0.0
5549600	1.0
5550400	1.0
5551200	0.0
5552000	0.0
5552800	1.0
5553600	0.0
5554400	1.0
5555200	0.0
5556000	0.0
5556800	1.0
5557600	2.0
5558400	0.0
5559200	0.0
5560000	1.0
5560800	0.0
5561600	0.0
5562400	0.0
5563200	0.0
5564000	0.0
5564800	0.0
5565600	0.0
5566400	0.0
5567200	0.0
5568000	0.0
5568800	1.0
5569600	1.0
5570400	0.0
5571200	0.0
5572000	1.0
5572800	1.0
5573600	1.0
5574400	0.0
5575200	1.0
5576000	0.0
5576800	0.0
5577600	0.0
5578400	0.0
5579200	0.0
5580000	0.0
5580800	0.0
5581600	0.0
5582400	1.0
5583200	0.0
5584000	0.0
5584800	1.0
5585600	0.0
5586400	0.0
5587200	0.0
5588000	0.0
5588800	0.0
5589600	1.0
5590400	0.0
5591200	0.0
5592000	0.0
5592800	0.0
5593600	0.0
5594400	0.0
5595200	0.0
5596000	0.0
5596800	1.0
5597600	0.0
5598400	0.0
5599200	1.0
5600000	0.0
5600800	0.0
5601600	0.0
5602400	0.0
5603200	0.0
5604000	0.0
5604800	0.0
5605600	0.0
5606400	1.0
5607200	0.0
5608000	0.0
5608800	0.0
5609600	1.0
5610400	0.0
5611200	0.0
5612000	0.0
5612800	0.0
5613600	0.0
5614400	1.0
5615200	1.0
5616000	0.0
5616800	0.0
5617600	0.0
5618400	1.0
5619200	2.0
5620000	0.0
5620800	0.0
5621600	0.0
5622400	0.0
5623200	1.0
5624000	0.0
5624800	1.0
5625600	1.0
5626400	0.0
5627200	1.0
5628000	0.0
5628800	0.0
5629600	0.0
5630400	0.0
5631200	0.0
5632000	0.0
5632800	0.0
5633600	1.0
5634400	1.0
5635200	1.0
5636000	0.0
5636800	0.0
5637600	0.0
5638400	0.0
5639200	0.0
5640000	0.0
5640800	0.0
5641600	0.0
5642400	0.0
5643200	0.0
5644000	0.0
5644800	1.0
5645600	0.0
5646400	0.0
5647200	0.0
5648000	0.0
5648800	0.0
5649600	0.0
5650400	0.0
5651200	0.0
5652000	0.0
5652800	0.0
5653600	0.0
5654400	1.0
5655200	1.0
5656000	1.0
5656800	0.0
5657600	0.0
5658400	1.0
5659200	1.0
5660000	0.0
5660800	0.0
5661600	0.0
5662400	0.0
5663200	0.0
5664000	0.0
5664800	1.0
5665600	0.0
5666400	0.0
5667200	0.0
5668000	0.0
5668800	0.0
5669600	0.0
5670400	1.0
5671200	1.0
5672000	1.0
5672800	0.0
5673600	1.0
5674400	0.0
5675200	0.0
5676000	2.0
5676800	1.0
5677600	1.0
5678400	0.0
5679200	1.0
5680000	1.0
5680800	1.0
5681600	0.0
5682400	1.0
5683200	1.0
5684000	1.0
5684800	1.0
5685600	0.0
5686400	0.0
5687200	0.0
5688000	1.0
5688800	0.0
5689600	0.0
5690400	0.0
5691200	1.0
5692000	1.0
5692800	0.0
5693600	0.0
5694400	0.0
5695200	0.0
5696000	0.0
5696800	0.0
5697600	0.0
5698400	0.0
5699200	1.0
5700000	0.0
5700800	0.0
5701600	0.0
5702400	0.0
5703200	0.0
5704000	1.0
5704800	0.0
5705600	1.0
5706400	1.0
5707200	2.0
5708000	1.0
5708800	1.0
5709600	0.0
5710400	0.0
5711200	0.0
5712000	0.0
5712800	0.0
5713600	0.0
5714400	0.0
5715200	0.0
5716000	0.0
5716800	0.0
5717600	0.0
5718400	0.0
5719200	0.0
5720000	0.0
5720800	0.0
5721600	0.0
5722400	0.0
5723200	0.0
5724000	0.0
5724800	0.0
5725600	0.0
5726400	0.0
5727200	0.0
5728000	0.0
5728800	1.0
5729600	0.0
5730400	0.0
5731200	0.0
5732000	0.0
5732800	0.0
5733600	0.0
5734400	0.0
5735200	0.0
5736000	0.0
5736800	2.0
5737600	2.0
5738400	0.0
5739200	1.0
5740000	0.0
5740800	0.0
5741600	0.0
5742400	0.0
5743200	1.0
5744000	0.0
5744800	1.0
5745600	1.0
5746400	0.0
5747200	0.0
5748000	0.0
5748800	2.0
5749600	0.0
5750400	2.0
5751200	0.0
5752000	0.0
5752800	0.0
5753600	1.0
5754400	0.0
5755200	0.0
5756000	0.0
5756800	0.0
5757600	0.0
5758400	0.0
5759200	2.0
5760000	0.0
5760800	1.0
5761600	1.0
5762400	1.0
5763200	0.0
5764000	0.0
5764800	0.0
5765600	0.0
5766400	2.0
5767200	1.0
5768000	0.0
5768800	0.0
5769600	0.0
5770400	0.0
5771200	0.0
5772000	1.0
5772800	1.0
5773600	0.0
5774400	1.0
5775200	1.0
5776000	1.0
5776800	0.0
5777600	1.0
5778400	0.0
5779200	0.0
5780000	0.0
5780800	2.0
5781600	1.0
5782400	0.0
5783200	1.0
5784000	0.0
5784800	0.0
5785600	0.0
5786400	0.0
5787200	1.0
5788000	0.0
5788800	0.0
5789600	0.0
5790400	0.0
5791200	0.0
5792000	2.0
5792800	0.0
5793600	0.0
5794400	0.0
5795200	0.0
5796000	0.0
5796800	0.0
5797600	0.0
5798400	0.0
5799200	0.0
5800000	0.0
5800800	0.0
5801600	0.0
5802400	1.0
5803200	0.0
5804000	0.0
5804800	0.0
5805600	1.0
5806400	0.0
5807200	0.0
5808000	0.0
5808800	0.0
5809600	0.0
5810400	0.0
5811200	1.0
5812000	0.0
5812800	0.0
5813600	0.0
5814400	1.0
5815200	1.0
5816000	0.0
5816800	0.0
5817600	0.0
5818400	0.0
5819200	0.0
5820000	1.0
5820800	0.0
5821600	1.0
5822400	2.0
5823200	1.0
5824000	0.0
5824800	1.0
5825600	1.0
5826400	1.0
5827200	0.0
5828000	1.0
5828800	1.0
5829600	2.0
5830400	0.0
5831200	1.0
5832000	0.0
5832800	0.0
5833600	2.0
5834400	0.0
5835200	1.0
5836000	0.0
5836800	0.0
5837600	1.0
5838400	2.0
5839200	1.0
5840000	1.0
5840800	0.0
5841600	0.0
5842400	0.0
5843200	0.0
5844000	0.0
5844800	1.0
5845600	0.0
5846400	0.0
5847200	0.0
5848000	1.0
5848800	1.0
5849600	1.0
5850400	1.0
5851200	0.0
5852000	0.0
5852800	0.0
5853600	0.0
5854400	0.0
5855200	0.0
5856000	0.0
5856800	0.0
5857600	0.0
5858400	0.0
5859200	0.0
5860000	0.0
5860800	0.0
5861600	0.0
5862400	0.0
5863200	1.0
5864000	0.0
5864800	0.0
5865600	1.0
5866400	0.0
5867200	1.0
5868000	0.0
5868800	0.0
5869600	1.0
5870400	1.0
5871200	1.0
5872000	0.0
5872800	0.0
5873600	0.0
5874400	0.0
5875200	0.0
5876000	0.0
5876800	0.0
5877600	2.0
5878400	0.0
5879200	0.0
5880000	0.0
5880800	0.0
5881600	0.0
5882400	1.0
5883200	1.0
5884000	0.0
5884800	0.0
5885600	0.0
5886400	0.0
5887200	0.0
5888000	0.0
5888800	0.0
5889600	0.0
5890400	0.0
5891200	0.0
5892000	1.0
5892800	0.0
5893600	0.0
5894400	0.0
5895200	1.0
5896000	0.0
5896800	1.0
5897600	0.0
5898400	0.0
5899200	0.0
5900000	1.0
5900800	0.0
5901600	2.0
5902400	1.0
5903200	0.0
5904000	0.0
5904800	2.0
5905600	0.0
5906400	1.0
5907200	1.0
5908000	0.0
5908800	0.0
5909600	0.0
5910400	1.0
5911200	0.0
5912000	0.0
5912800	0.0
5913600	0.0
5914400	0.0
5915200	0.0
5916000	0.0
5916800	0.0
5917600	1.0
5918400	0.0
5919200	0.0
5920000	0.0
5920800	0.0
5921600	0.0
5922400	0.0
5923200	0.0
5924000	0.0
5924800	1.0
5925600	0.0
5926400	0.0
5927200	1.0
5928000	0.0
5928800	0.0
5929600	0.0
5930400	2.0
5931200	0.0
5932000	1.0
5932800	1.0
5933600	0.0
5934400	0.0
5935200	0.0
5936000	1.0
5936800	0.0
5937600	1.0
5938400	0.0
5939200	0.0
5940000	0.0
5940800	0.0
5941600	1.0
5942400	1.0
5943200	0.0
5944000	0.0
5944800	0.0
5945600	0.0
5946400	0.0
5947200	1.0
5948000	0.0
5948800	0.0
5949600	0.0
5950400	0.0
5951200	0.0
5952000	0.0
5952800	1.0
5953600	0.0
5954400	1.0
5955200	1.0
5956000	0.0
5956800	0.0
5957600	0.0
5958400	1.0
5959200	2.0
5960000	2.0
5960800	1.0
5961600	0.0
5962400	0.0
5963200	1.0
5964000	0.0
5964800	0.0
5965600	0.0
5966400	0.0
5967200	0.0
5968000	0.0
5968800	0.0
5969600	1.0
5970400	0.0
5971200	0.0
5972000	0.0
5972800	0.0
5973600	0.0
5974400	0.0
5975200	0.0
5976000	0.0
5976800	0.0
5977600	1.0
5978400	0.0
5979200	0.0
5980000	0.0
5980800	0.0
5981600	0.0
5982400	0.0
5983200	0.0
5984000	0.0
5984800	0.0
5985600	0.0
5986400	0.0
5987200	0.0
5988000	1.0
5988800	1.0
5989600	1.0
5990400	0.0
5991200	0.0
5992000	1.0
5992800	0.0
5993600	1.0
5994400	0.0
5995200	0.0
5996000	0.0
5996800	0.0
5997600	0.0
5998400	0.0
5999200	1.0
6000000	1.0
