0.7957880524270581
0.6
0.7
0.7
0.9
0.8
0.8
0.7
0.6
0.9
0.8
0.8
0.8
0.8
0.8
0.8
0.5
0.8
0.7
0.8
0.9
0.9
0.9
0.9
0.8
0.9
0.8
0.8
0.9
0.8
0.9
0.8
0.6
0.6
0.9
0.9
0.9
0.7
0.9
0.8
0.8
0.8
0.6
0.9
0.8
0.8
0.7
0.8
0.9
0.9
0.8
0.8
0.9
0.8
0.9
0.8
0.7
0.7
0.8
0.8
0.8
0.7
0.6
0.9
0.8
0.8
0.8
0.9
0.6
0.8
0.8
0.7
0.8
0.7
0.8
0.9
0.7
0.7
0.9
0.9
0.8
0.8
0.9
0.9
0.9
0.8
0.7
0.8
0.9
0.7
0.6
0.8
0.9
0.8
0.7
0.8
0.8
0.9
0.8
0.9
0.7
0.8
0.9
0.8
0.8
0.8
0.9
0.8
0.8
0.9
0.7
0.7
0.9
0.9
0.7
0.9
0.7
0.7
0.6
0.8
0.8
0.9
0.8
0.9
0.9
0.9
0.8
0.7
0.9
0.7
0.7
0.7
0.8
0.7
0.7
0.8
0.9
0.8
0.9
0.7
0.8
0.8
0.8
0.9
0.8
0.8
0.7
0.7
0.9
0.8
0.8
0.8
0.8
0.7
0.9
0.8
0.8
0.9
0.9
0.9
0.8
0.5
0.8
0.8
0.8
0.9
0.8
0.9
0.9
0.8
0.8
0.9
0.8
0.7
0.7
0.8
0.9
0.8
0.9
0.7
0.8
0.9
0.6
0.9
0.8
0.9
0.5
0.9
0.7
0.6
0.9
0.8
0.6
0.9
0.7
0.8
0.6
0.8
0.8
0.6
0.9
0.8
0.9
0.8
0.9
0.9
0.9
0.9
0.7
0.8
0.6
0.9
0.6
0.8
0.8
0.9
0.8
0.7
0.8
0.9
0.9
0.8
0.8
0.9
0.8
0.5
0.7777777777777778
0.75
0.8571428571428571
0.8333333333333334
1.0
1.0
1.0
1.0
0.6666666666666666
1.0
0.5
0.5
1.0
1.0
1.0
0.0
