200	0.0
400	0.0
600	0.0
800	0.0
1000	0.0
1200	0.0
1400	0.0
1600	0.0
1800	0.0
2000	0.0
2200	0.0
2400	1.0
2600	0.0
2800	0.0
3000	0.0
3200	1.0
3400	0.0
3600	0.0
3800	0.0
4000	0.0
4200	0.0
4400	0.0
4600	0.0
4800	0.0
5000	0.0
5200	0.0
5400	1.0
5600	0.0
5800	0.0
6000	0.0
6200	0.0
6400	0.0
6600	0.0
6800	0.0
7000	0.0
7200	0.0
7400	0.0
7600	0.0
7800	0.0
8000	0.0
8200	1.0
8400	0.0
8600	0.0
8800	0.0
9000	0.0
9200	0.0
9400	0.0
9600	0.0
9800	0.0
10000	0.0
10200	0.0
10400	0.0
10600	0.0
10800	0.0
11000	0.0
11200	0.0
11400	0.0
11600	1.0
11800	0.0
12000	1.0
12200	0.0
12400	0.0
12600	0.0
12800	0.0
13000	0.0
13200	0.0
13400	0.0
13600	0.0
13800	0.0
14000	0.0
14200	0.0
14400	0.0
14600	0.0
14800	0.0
15000	1.0
15200	0.0
15400	0.0
15600	0.0
15800	0.0
16000	0.0
16200	0.0
16400	0.0
16600	0.0
16800	1.0
17000	0.0
17200	0.0
17400	0.0
17600	1.0
17800	0.0
18000	0.0
18200	0.0
18400	0.0
18600	0.0
18800	0.0
19000	0.0
19200	0.0
19400	0.0
19600	1.0
19800	0.0
20000	0.0
20200	0.0
20400	0.0
20600	0.0
20800	0.0
21000	0.0
21200	0.0
21400	0.0
21600	1.0
21800	0.0
22000	0.0
22200	0.0
22400	0.0
22600	0.0
22800	0.0
23000	0.0
23200	0.0
23400	0.0
23600	0.0
23800	0.0
24000	0.0
24200	0.0
24400	0.0
24600	0.0
24800	1.0
25000	0.0
25200	0.0
25400	0.0
25600	0.0
25800	0.0
26000	0.0
26200	0.0
26400	0.0
26600	0.0
26800	0.0
27000	0.0
27200	1.0
27400	0.0
27600	0.0
27800	0.0
28000	0.0
28200	0.0
28400	0.0
28600	1.0
28800	0.0
29000	0.0
29200	0.0
29400	0.0
29600	0.0
29800	0.0
30000	0.0
30200	0.0
30400	0.0
30600	0.0
30800	0.0
31000	0.0
31200	0.0
31400	0.0
31600	0.0
31800	0.0
32000	0.0
32200	0.0
32400	0.0
32600	0.0
32800	0.0
33000	0.0
33200	0.0
33400	1.0
33600	0.0
33800	0.0
34000	0.0
34200	0.0
34400	0.0
34600	0.0
34800	0.0
35000	0.0
35200	0.0
35400	0.0
35600	0.0
35800	0.0
36000	0.0
36200	0.0
36400	0.0
36600	0.0
36800	0.0
37000	0.0
37200	0.0
37400	0.0
37600	0.0
37800	0.0
38000	0.0
38200	0.0
38400	0.0
38600	0.0
38800	0.0
39000	0.0
39200	0.0
39400	0.0
39600	0.0
39800	0.0
40000	0.0
40200	0.0
40400	1.0
40600	0.0
40800	0.0
41000	0.0
41200	0.0
41400	0.0
41600	0.0
41800	0.0
42000	0.0
42200	0.0
42400	1.0
42600	0.0
42800	0.0
43000	0.0
43200	0.0
43400	1.0
43600	0.0
43800	0.0
44000	0.0
44200	0.0
44400	0.0
44600	0.0
44800	0.0
45000	0.0
45200	0.0
45400	0.0
45600	0.0
45800	1.0
46000	0.0
46200	0.0
46400	1.0
46600	0.0
46800	0.0
47000	1.0
47200	0.0
47400	0.0
47600	0.0
47800	0.0
48000	0.0
48200	0.0
48400	0.0
48600	0.0
48800	0.0
49000	0.0
49200	0.0
49400	0.0
49600	0.0
49800	1.0
50000	0.0
50200	0.0
50400	0.0
50600	0.0
50800	0.0
51000	0.0
51200	0.0
51400	0.0
51600	0.0
51800	0.0
52000	0.0
52200	0.0
52400	0.0
52600	0.0
52800	0.0
53000	0.0
53200	0.0
53400	0.0
53600	0.0
53800	0.0
54000	1.0
54200	0.0
54400	0.0
54600	0.0
54800	0.0
55000	0.0
55200	1.0
55400	0.0
55600	0.0
55800	0.0
56000	0.0
56200	0.0
56400	0.0
56600	0.0
56800	0.0
57000	0.0
57200	0.0
57400	0.0
57600	0.0
57800	0.0
58000	0.0
58200	0.0
58400	0.0
58600	0.0
58800	0.0
59000	0.0
59200	0.0
59400	0.0
59600	0.0
59800	0.0
60000	0.0
60200	1.0
60400	0.0
60600	0.0
60800	0.0
61000	0.0
61200	0.0
61400	0.0
61600	0.0
61800	0.0
62000	0.0
62200	0.0
62400	1.0
62600	0.0
62800	0.0
63000	1.0
63200	0.0
63400	0.0
63600	0.0
63800	0.0
64000	0.0
64200	0.0
64400	0.0
64600	0.0
64800	0.0
65000	1.0
65200	0.0
65400	0.0
65600	0.0
65800	0.0
66000	0.0
66200	0.0
66400	0.0
66600	0.0
66800	0.0
67000	0.0
67200	0.0
67400	0.0
67600	0.0
67800	0.0
68000	0.0
68200	0.0
68400	1.0
68600	0.0
68800	0.0
69000	0.0
69200	0.0
69400	0.0
69600	0.0
69800	0.0
70000	0.0
70200	0.0
70400	0.0
70600	0.0
70800	0.0
71000	0.0
71200	0.0
71400	0.0
71600	0.0
71800	1.0
72000	0.0
72200	0.0
72400	0.0
72600	0.0
72800	0.0
73000	0.0
73200	0.0
73400	0.0
73600	1.0
73800	0.0
74000	0.0
74200	0.0
74400	0.0
74600	1.0
74800	0.0
75000	0.0
75200	0.0
75400	0.0
75600	0.0
75800	0.0
76000	0.0
76200	0.0
76400	0.0
76600	0.0
76800	0.0
77000	0.0
77200	0.0
77400	0.0
77600	0.0
77800	0.0
78000	0.0
78200	0.0
78400	0.0
78600	0.0
78800	0.0
79000	1.0
79200	0.0
79400	0.0
79600	0.0
79800	1.0
80000	0.0
80200	0.0
80400	0.0
80600	0.0
80800	0.0
81000	0.0
81200	0.0
81400	0.0
81600	0.0
81800	0.0
82000	0.0
82200	0.0
82400	0.0
82600	0.0
82800	1.0
83000	0.0
83200	0.0
83400	0.0
83600	0.0
83800	0.0
84000	0.0
84200	0.0
84400	1.0
84600	0.0
84800	1.0
85000	0.0
85200	0.0
85400	0.0
85600	0.0
85800	0.0
86000	0.0
86200	0.0
86400	0.0
86600	0.0
86800	0.0
87000	0.0
87200	0.0
87400	0.0
87600	0.0
87800	0.0
88000	0.0
88200	0.0
88400	0.0
88600	1.0
88800	0.0
89000	0.0
89200	0.0
89400	0.0
89600	0.0
89800	0.0
90000	0.0
90200	1.0
90400	0.0
90600	1.0
90800	0.0
91000	0.0
91200	0.0
91400	0.0
91600	0.0
91800	0.0
92000	1.0
92200	0.0
92400	0.0
92600	1.0
92800	0.0
93000	0.0
93200	0.0
93400	0.0
93600	1.0
93800	0.0
94000	0.0
94200	0.0
94400	0.0
94600	1.0
94800	0.0
95000	0.0
95200	0.0
95400	0.0
95600	0.0
95800	0.0
96000	0.0
96200	0.0
96400	0.0
96600	1.0
96800	0.0
97000	0.0
97200	0.0
97400	0.0
97600	0.0
97800	0.0
98000	0.0
98200	1.0
98400	0.0
98600	0.0
98800	0.0
99000	0.0
99200	0.0
99400	0.0
99600	0.0
99800	0.0
100000	0.0
100200	0.0
100400	0.0
100600	0.0
100800	0.0
101000	0.0
101200	0.0
101400	0.0
101600	0.0
101800	0.0
102000	0.0
102200	0.0
102400	0.0
102600	1.0
102800	0.0
103000	0.0
103200	0.0
103400	0.0
103600	0.0
103800	0.0
104000	0.0
104200	0.0
104400	0.0
104600	0.0
104800	0.0
105000	0.0
105200	0.0
105400	0.0
105600	0.0
105800	0.0
106000	0.0
106200	0.0
106400	0.0
106600	0.0
106800	0.0
107000	0.0
107200	0.0
107400	1.0
107600	0.0
107800	0.0
108000	0.0
108200	0.0
108400	0.0
108600	0.0
108800	0.0
109000	0.0
109200	0.0
109400	0.0
109600	0.0
109800	0.0
110000	0.0
110200	0.0
110400	0.0
110600	0.0
110800	0.0
111000	0.0
111200	0.0
111400	0.0
111600	0.0
111800	0.0
112000	0.0
112200	0.0
112400	1.0
112600	0.0
112800	0.0
113000	1.0
113200	0.0
113400	0.0
113600	0.0
113800	0.0
114000	0.0
114200	0.0
114400	0.0
114600	0.0
114800	0.0
115000	1.0
115200	0.0
115400	0.0
115600	0.0
115800	0.0
116000	0.0
116200	0.0
116400	0.0
116600	0.0
116800	0.0
117000	0.0
117200	0.0
117400	0.0
117600	0.0
117800	0.0
118000	0.0
118200	0.0
118400	0.0
118600	1.0
118800	0.0
119000	0.0
119200	0.0
119400	0.0
119600	0.0
119800	0.0
120000	0.0
120200	0.0
120400	0.0
120600	0.0
120800	0.0
121000	0.0
121200	0.0
121400	1.0
121600	0.0
121800	0.0
122000	0.0
122200	0.0
122400	0.0
122600	0.0
122800	0.0
123000	0.0
123200	0.0
123400	0.0
123600	0.0
123800	0.0
124000	0.0
124200	0.0
124400	1.0
124600	0.0
124800	0.0
125000	0.0
125200	0.0
125400	0.0
125600	1.0
125800	0.0
126000	0.0
126200	0.0
126400	1.0
126600	0.0
126800	0.0
127000	0.0
127200	0.0
127400	0.0
127600	0.0
127800	0.0
128000	0.0
128200	0.0
128400	0.0
128600	0.0
128800	0.0
129000	0.0
129200	0.0
129400	0.0
129600	0.0
129800	0.0
130000	0.0
130200	0.0
130400	0.0
130600	0.0
130800	0.0
131000	1.0
131200	0.0
131400	0.0
131600	0.0
131800	0.0
132000	0.0
132200	0.0
132400	0.0
132600	0.0
132800	0.0
133000	0.0
133200	0.0
133400	0.0
133600	0.0
133800	0.0
134000	0.0
134200	0.0
134400	0.0
134600	0.0
134800	0.0
135000	1.0
135200	0.0
135400	0.0
135600	0.0
135800	0.0
136000	0.0
136200	0.0
136400	0.0
136600	0.0
136800	0.0
137000	0.0
137200	0.0
137400	0.0
137600	0.0
137800	0.0
138000	0.0
138200	0.0
138400	0.0
138600	0.0
138800	0.0
139000	1.0
139200	0.0
139400	0.0
139600	0.0
139800	0.0
140000	0.0
140200	1.0
140400	0.0
140600	0.0
140800	0.0
141000	0.0
141200	0.0
141400	0.0
141600	0.0
141800	0.0
142000	0.0
142200	0.0
142400	0.0
142600	0.0
142800	0.0
143000	0.0
143200	0.0
143400	0.0
143600	0.0
143800	0.0
144000	0.0
144200	0.0
144400	0.0
144600	0.0
144800	0.0
145000	0.0
145200	0.0
145400	0.0
145600	0.0
145800	0.0
146000	0.0
146200	0.0
146400	0.0
146600	0.0
146800	1.0
147000	0.0
147200	0.0
147400	0.0
147600	0.0
147800	0.0
148000	0.0
148200	1.0
148400	0.0
148600	0.0
148800	0.0
149000	0.0
149200	0.0
149400	0.0
149600	0.0
149800	0.0
150000	0.0
150200	0.0
150400	0.0
150600	0.0
150800	0.0
151000	0.0
151200	0.0
151400	0.0
151600	0.0
151800	1.0
152000	0.0
152200	0.0
152400	0.0
152600	0.0
152800	0.0
153000	0.0
153200	0.0
153400	0.0
153600	0.0
153800	0.0
154000	0.0
154200	1.0
154400	0.0
154600	0.0
154800	0.0
155000	0.0
155200	0.0
155400	0.0
155600	0.0
155800	0.0
156000	0.0
156200	0.0
156400	0.0
156600	0.0
156800	0.0
157000	0.0
157200	0.0
157400	0.0
157600	0.0
157800	1.0
158000	0.0
158200	0.0
158400	0.0
158600	0.0
158800	0.0
159000	0.0
159200	0.0
159400	0.0
159600	0.0
159800	0.0
160000	0.0
160200	0.0
160400	0.0
160600	0.0
160800	0.0
161000	0.0
161200	0.0
161400	0.0
161600	0.0
161800	0.0
162000	0.0
162200	0.0
162400	1.0
162600	0.0
162800	0.0
163000	0.0
163200	0.0
163400	0.0
163600	0.0
163800	0.0
164000	0.0
164200	1.0
164400	0.0
164600	0.0
164800	0.0
165000	0.0
165200	0.0
165400	0.0
165600	0.0
165800	0.0
166000	0.0
166200	0.0
166400	0.0
166600	0.0
166800	0.0
167000	0.0
167200	0.0
167400	0.0
167600	0.0
167800	1.0
168000	0.0
168200	0.0
168400	0.0
168600	0.0
168800	0.0
169000	0.0
169200	0.0
169400	0.0
169600	0.0
169800	0.0
170000	1.0
170200	0.0
170400	0.0
170600	0.0
170800	0.0
171000	0.0
171200	0.0
171400	0.0
171600	0.0
171800	0.0
172000	0.0
172200	1.0
172400	0.0
172600	0.0
172800	0.0
173000	0.0
173200	0.0
173400	0.0
173600	0.0
173800	0.0
174000	0.0
174200	0.0
174400	0.0
174600	0.0
174800	0.0
175000	1.0
175200	0.0
175400	0.0
175600	0.0
175800	0.0
176000	0.0
176200	0.0
176400	0.0
176600	0.0
176800	0.0
177000	0.0
177200	0.0
177400	0.0
177600	0.0
177800	0.0
178000	0.0
178200	0.0
178400	0.0
178600	0.0
178800	0.0
179000	0.0
179200	0.0
179400	0.0
179600	0.0
179800	1.0
180000	0.0
180200	0.0
180400	0.0
180600	0.0
180800	0.0
181000	0.0
181200	0.0
181400	0.0
181600	0.0
181800	0.0
182000	0.0
182200	0.0
182400	0.0
182600	0.0
182800	0.0
183000	0.0
183200	0.0
183400	0.0
183600	0.0
183800	1.0
184000	0.0
184200	0.0
184400	0.0
184600	0.0
184800	0.0
185000	0.0
185200	0.0
185400	0.0
185600	0.0
185800	0.0
186000	0.0
186200	0.0
186400	0.0
186600	0.0
186800	0.0
187000	0.0
187200	0.0
187400	0.0
187600	0.0
187800	0.0
188000	1.0
188200	0.0
188400	0.0
188600	0.0
188800	0.0
189000	0.0
189200	0.0
189400	0.0
189600	0.0
189800	0.0
190000	0.0
190200	0.0
190400	0.0
190600	1.0
190800	0.0
191000	0.0
191200	0.0
191400	0.0
191600	0.0
191800	0.0
192000	0.0
192200	0.0
192400	0.0
192600	0.0
192800	0.0
193000	0.0
193200	0.0
193400	0.0
193600	0.0
193800	0.0
194000	0.0
194200	0.0
194400	0.0
194600	0.0
194800	0.0
195000	0.0
195200	0.0
195400	0.0
195600	1.0
195800	0.0
196000	0.0
196200	0.0
196400	0.0
196600	0.0
196800	0.0
197000	0.0
197200	0.0
197400	0.0
197600	1.0
197800	0.0
198000	0.0
198200	0.0
198400	0.0
198600	0.0
198800	0.0
199000	0.0
199200	1.0
199400	0.0
199600	0.0
199800	0.0
200000	0.0
200200	0.0
200400	0.0
200600	0.0
200800	0.0
201000	0.0
201200	0.0
201400	0.0
201600	0.0
201800	0.0
202000	0.0
202200	0.0
202400	0.0
202600	0.0
202800	0.0
203000	1.0
203200	0.0
203400	0.0
203600	0.0
203800	0.0
204000	0.0
204200	0.0
204400	0.0
204600	0.0
204800	0.0
205000	0.0
205200	0.0
205400	0.0
205600	0.0
205800	0.0
206000	0.0
206200	0.0
206400	0.0
206600	1.0
206800	0.0
207000	0.0
207200	0.0
207400	0.0
207600	0.0
207800	0.0
208000	0.0
208200	0.0
208400	0.0
208600	1.0
208800	0.0
209000	0.0
209200	0.0
209400	0.0
209600	0.0
209800	0.0
210000	0.0
210200	0.0
210400	0.0
210600	0.0
210800	0.0
211000	0.0
211200	0.0
211400	0.0
211600	0.0
211800	0.0
212000	0.0
212200	0.0
212400	0.0
212600	0.0
212800	1.0
213000	0.0
213200	1.0
213400	0.0
213600	0.0
213800	0.0
214000	0.0
214200	0.0
214400	0.0
214600	0.0
214800	0.0
215000	0.0
215200	0.0
215400	0.0
215600	0.0
215800	0.0
216000	0.0
216200	0.0
216400	0.0
216600	0.0
216800	0.0
217000	1.0
217200	0.0
217400	0.0
217600	0.0
217800	0.0
218000	0.0
218200	0.0
218400	0.0
218600	0.0
218800	0.0
219000	0.0
219200	0.0
219400	0.0
219600	0.0
219800	0.0
220000	0.0
220200	0.0
220400	0.0
220600	0.0
220800	0.0
221000	1.0
221200	0.0
221400	0.0
221600	0.0
221800	0.0
222000	0.0
222200	0.0
222400	0.0
222600	0.0
222800	0.0
223000	0.0
223200	1.0
223400	0.0
223600	0.0
223800	0.0
224000	0.0
224200	0.0
224400	1.0
224600	0.0
224800	0.0
225000	0.0
225200	0.0
225400	0.0
225600	0.0
225800	0.0
226000	0.0
226200	0.0
226400	0.0
226600	0.0
226800	0.0
227000	0.0
227200	0.0
227400	0.0
227600	0.0
227800	1.0
228000	0.0
228200	0.0
228400	0.0
228600	0.0
228800	0.0
229000	0.0
229200	0.0
229400	0.0
229600	0.0
229800	0.0
230000	1.0
230200	0.0
230400	1.0
230600	0.0
230800	0.0
231000	0.0
231200	0.0
231400	0.0
231600	1.0
231800	0.0
232000	0.0
232200	0.0
232400	1.0
232600	0.0
232800	0.0
233000	0.0
233200	0.0
233400	0.0
233600	0.0
233800	0.0
234000	0.0
234200	0.0
234400	0.0
234600	0.0
234800	0.0
235000	0.0
235200	0.0
235400	0.0
235600	0.0
235800	0.0
236000	0.0
236200	0.0
236400	0.0
236600	0.0
236800	0.0
237000	1.0
237200	0.0
237400	0.0
237600	0.0
237800	0.0
238000	0.0
238200	0.0
238400	0.0
238600	1.0
238800	0.0
239000	0.0
239200	0.0
239400	0.0
239600	0.0
239800	0.0
240000	0.0
240200	0.0
240400	0.0
240600	1.0
240800	0.0
241000	0.0
241200	0.0
241400	0.0
241600	0.0
241800	0.0
242000	0.0
242200	0.0
242400	0.0
242600	0.0
242800	0.0
243000	0.0
243200	0.0
243400	0.0
243600	0.0
243800	0.0
244000	0.0
244200	0.0
244400	0.0
244600	0.0
244800	0.0
245000	0.0
245200	0.0
245400	0.0
245600	0.0
245800	0.0
246000	0.0
246200	0.0
246400	0.0
246600	0.0
246800	0.0
247000	0.0
247200	0.0
247400	0.0
247600	0.0
247800	0.0
248000	0.0
248200	0.0
248400	0.0
248600	0.0
248800	0.0
249000	0.0
249200	0.0
249400	0.0
249600	0.0
249800	0.0
250000	0.0
250200	0.0
250400	0.0
250600	0.0
250800	0.0
251000	0.0
251200	0.0
251400	0.0
251600	0.0
251800	0.0
252000	0.0
252200	0.0
252400	0.0
252600	0.0
252800	0.0
253000	0.0
253200	0.0
253400	0.0
253600	0.0
253800	0.0
254000	0.0
254200	0.0
254400	0.0
254600	0.0
254800	0.0
255000	0.0
255200	0.0
255400	1.0
255600	0.0
255800	0.0
256000	0.0
256200	0.0
256400	0.0
256600	0.0
256800	1.0
257000	0.0
257200	2.0
257400	1.0
257600	1.0
257800	0.0
258000	3.0
258200	4.0
258400	4.0
258600	3.0
258800	3.0
259000	3.0
259200	2.0
259400	2.0
259600	2.0
259800	3.0
260000	3.0
260200	3.0
260400	4.0
260600	3.0
260800	3.0
261000	0.0
261200	3.0
261400	4.0
261600	1.0
261800	3.0
262000	2.0
262200	2.0
262400	3.0
262600	3.0
262800	2.0
263000	3.0
263200	2.0
263400	0.0
263600	2.0
263800	1.0
264000	4.0
264200	1.0
264400	2.0
264600	4.0
264800	2.0
265000	3.0
265200	3.0
265400	1.0
265600	3.0
265800	2.0
266000	2.0
266200	3.0
266400	4.0
266600	2.0
266800	4.0
267000	4.0
267200	2.0
267400	2.0
267600	2.0
267800	0.0
268000	3.0
268200	3.0
268400	3.0
268600	4.0
268800	4.0
269000	2.0
269200	3.0
269400	3.0
269600	1.0
269800	3.0
270000	3.0
270200	4.0
270400	3.0
270600	2.0
270800	3.0
271000	2.0
271200	3.0
271400	2.0
271600	2.0
271800	4.0
272000	1.0
272200	3.0
272400	4.0
272600	3.0
272800	2.0
273000	3.0
273200	2.0
273400	1.0
273600	1.0
273800	2.0
274000	2.0
274200	1.0
274400	2.0
274600	2.0
274800	4.0
275000	2.0
275200	3.0
275400	5.0
275600	3.0
275800	5.0
276000	1.0
276200	3.0
276400	2.0
276600	5.0
276800	0.0
277000	4.0
277200	3.0
277400	3.0
277600	3.0
277800	2.0
278000	3.0
278200	3.0
278400	3.0
278600	5.0
278800	4.0
279000	3.0
279200	2.0
279400	1.0
279600	3.0
279800	3.0
280000	4.0
280200	3.0
280400	2.0
280600	2.0
280800	4.0
281000	3.0
281200	2.0
281400	3.0
281600	2.0
281800	3.0
282000	2.0
282200	3.0
282400	3.0
282600	2.0
282800	3.0
283000	5.0
283200	1.0
283400	3.0
283600	2.0
283800	2.0
284000	1.0
284200	4.0
284400	4.0
284600	3.0
284800	3.0
285000	3.0
285200	4.0
285400	4.0
285600	2.0
285800	3.0
286000	2.0
286200	3.0
286400	3.0
286600	2.0
286800	3.0
287000	2.0
287200	3.0
287400	4.0
287600	3.0
287800	3.0
288000	4.0
288200	4.0
288400	4.0
288600	3.0
288800	3.0
289000	2.0
289200	3.0
289400	3.0
289600	3.0
289800	3.0
290000	3.0
290200	2.0
290400	4.0
290600	3.0
290800	2.0
291000	3.0
291200	3.0
291400	2.0
291600	3.0
291800	4.0
292000	3.0
292200	5.0
292400	3.0
292600	4.0
292800	3.0
293000	4.0
293200	1.0
293400	3.0
293600	2.0
293800	4.0
294000	2.0
294200	3.0
294400	4.0
294600	2.0
294800	3.0
295000	3.0
295200	3.0
295400	2.0
295600	2.0
295800	3.0
296000	3.0
296200	1.0
296400	4.0
296600	2.0
296800	2.0
297000	3.0
297200	3.0
297400	3.0
297600	5.0
297800	3.0
298000	2.0
298200	2.0
298400	4.0
298600	2.0
298800	4.0
299000	2.0
299200	3.0
299400	3.0
299600	2.0
299800	3.0
300000	3.0
300200	3.0
300400	4.0
300600	4.0
300800	4.0
301000	3.0
301200	3.0
301400	2.0
301600	2.0
301800	3.0
302000	3.0
302200	4.0
302400	4.0
302600	3.0
302800	3.0
303000	3.0
303200	3.0
303400	3.0
303600	4.0
303800	2.0
304000	3.0
304200	4.0
304400	4.0
304600	4.0
304800	3.0
305000	2.0
305200	4.0
305400	4.0
305600	3.0
305800	1.0
306000	2.0
306200	3.0
306400	3.0
306600	2.0
306800	4.0
307000	4.0
307200	4.0
307400	2.0
307600	4.0
307800	2.0
308000	3.0
308200	4.0
308400	3.0
308600	2.0
308800	1.0
309000	3.0
309200	1.0
309400	5.0
309600	4.0
309800	5.0
310000	5.0
310200	5.0
310400	3.0
310600	2.0
310800	3.0
311000	1.0
311200	3.0
311400	4.0
311600	4.0
311800	4.0
312000	1.0
312200	3.0
312400	4.0
312600	4.0
312800	3.0
313000	4.0
313200	5.0
313400	4.0
313600	3.0
313800	3.0
314000	3.0
314200	2.0
314400	3.0
314600	3.0
314800	2.0
315000	3.0
315200	3.0
315400	4.0
315600	4.0
315800	4.0
316000	3.0
316200	2.0
316400	3.0
316600	2.0
316800	5.0
317000	2.0
317200	3.0
317400	3.0
317600	3.0
317800	4.0
318000	4.0
318200	4.0
318400	4.0
318600	5.0
318800	3.0
319000	5.0
319200	3.0
319400	4.0
319600	2.0
319800	3.0
320000	3.0
320200	4.0
320400	3.0
320600	3.0
320800	2.0
321000	3.0
321200	4.0
321400	2.0
321600	3.0
321800	2.0
322000	3.0
322200	3.0
322400	3.0
322600	3.0
322800	2.0
323000	4.0
323200	3.0
323400	3.0
323600	2.0
323800	3.0
324000	3.0
324200	2.0
324400	4.0
324600	1.0
324800	2.0
325000	4.0
325200	3.0
325400	3.0
325600	3.0
325800	3.0
326000	4.0
326200	2.0
326400	4.0
326600	2.0
326800	4.0
327000	2.0
327200	2.0
327400	2.0
327600	2.0
327800	3.0
328000	5.0
328200	3.0
328400	2.0
328600	2.0
328800	3.0
329000	4.0
329200	3.0
329400	2.0
329600	4.0
329800	2.0
330000	5.0
330200	3.0
330400	3.0
330600	3.0
330800	3.0
331000	3.0
331200	2.0
331400	2.0
331600	2.0
331800	3.0
332000	3.0
332200	1.0
332400	4.0
332600	3.0
332800	3.0
333000	2.0
333200	4.0
333400	3.0
333600	4.0
333800	2.0
334000	3.0
334200	4.0
334400	3.0
334600	4.0
334800	4.0
335000	3.0
335200	5.0
335400	2.0
335600	2.0
335800	3.0
336000	3.0
336200	2.0
336400	4.0
336600	5.0
336800	2.0
337000	3.0
337200	4.0
337400	2.0
337600	4.0
337800	3.0
338000	2.0
338200	5.0
338400	1.0
338600	3.0
338800	4.0
339000	2.0
339200	3.0
339400	3.0
339600	3.0
339800	4.0
340000	4.0
340200	3.0
340400	2.0
340600	4.0
340800	4.0
341000	3.0
341200	3.0
341400	3.0
341600	3.0
341800	3.0
342000	3.0
342200	3.0
342400	2.0
342600	2.0
342800	3.0
343000	3.0
343200	2.0
343400	3.0
343600	2.0
343800	2.0
344000	3.0
344200	2.0
344400	1.0
344600	2.0
344800	2.0
345000	3.0
345200	3.0
345400	4.0
345600	4.0
345800	2.0
346000	3.0
346200	2.0
346400	3.0
346600	4.0
346800	2.0
347000	4.0
347200	3.0
347400	2.0
347600	2.0
347800	4.0
348000	3.0
348200	3.0
348400	5.0
348600	4.0
348800	4.0
349000	2.0
349200	3.0
349400	4.0
349600	3.0
349800	4.0
350000	2.0
350200	3.0
350400	2.0
350600	4.0
350800	2.0
351000	3.0
351200	3.0
351400	3.0
351600	3.0
351800	2.0
352000	2.0
352200	2.0
352400	3.0
352600	3.0
352800	2.0
353000	5.0
353200	2.0
353400	2.0
353600	3.0
353800	5.0
354000	4.0
354200	2.0
354400	2.0
354600	3.0
354800	3.0
355000	2.0
355200	3.0
355400	4.0
355600	3.0
355800	4.0
356000	2.0
356200	4.0
356400	2.0
356600	2.0
356800	3.0
357000	3.0
357200	2.0
357400	3.0
357600	3.0
357800	2.0
358000	2.0
358200	2.0
358400	2.0
358600	3.0
358800	4.0
359000	2.0
359200	4.0
359400	4.0
359600	3.0
359800	2.0
360000	4.0
360200	4.0
360400	2.0
360600	3.0
360800	4.0
361000	2.0
361200	2.0
361400	3.0
361600	3.0
361800	3.0
362000	3.0
362200	4.0
362400	4.0
362600	4.0
362800	3.0
363000	3.0
363200	2.0
363400	3.0
363600	3.0
363800	3.0
364000	2.0
364200	4.0
364400	3.0
364600	2.0
364800	3.0
365000	3.0
365200	4.0
365400	2.0
365600	3.0
365800	3.0
366000	3.0
366200	3.0
366400	4.0
366600	3.0
366800	4.0
367000	2.0
367200	3.0
367400	3.0
367600	2.0
367800	2.0
368000	3.0
368200	4.0
368400	4.0
368600	2.0
368800	5.0
369000	3.0
369200	0.0
369400	3.0
369600	3.0
369800	3.0
370000	5.0
370200	3.0
370400	3.0
370600	2.0
370800	3.0
371000	3.0
371200	5.0
371400	6.0
371600	2.0
371800	3.0
372000	3.0
372200	2.0
372400	2.0
372600	2.0
372800	4.0
373000	4.0
373200	2.0
373400	1.0
373600	3.0
373800	3.0
374000	3.0
374200	4.0
374400	3.0
374600	3.0
374800	3.0
375000	3.0
375200	5.0
375400	4.0
375600	4.0
375800	4.0
376000	3.0
376200	5.0
376400	3.0
376600	3.0
376800	5.0
377000	3.0
377200	2.0
377400	4.0
377600	1.0
377800	2.0
378000	3.0
378200	3.0
378400	3.0
378600	3.0
378800	4.0
379000	4.0
379200	4.0
379400	3.0
379600	3.0
379800	3.0
380000	5.0
380200	4.0
380400	3.0
380600	3.0
380800	4.0
381000	3.0
381200	4.0
381400	2.0
381600	3.0
381800	0.0
382000	2.0
382200	4.0
382400	3.0
382600	3.0
382800	3.0
383000	4.0
383200	2.0
383400	3.0
383600	3.0
383800	3.0
384000	4.0
384200	2.0
384400	3.0
384600	3.0
384800	2.0
385000	4.0
385200	3.0
385400	4.0
385600	4.0
385800	3.0
386000	4.0
386200	2.0
386400	2.0
386600	5.0
386800	3.0
387000	3.0
387200	3.0
387400	3.0
387600	2.0
387800	4.0
388000	1.0
388200	2.0
388400	3.0
388600	3.0
388800	2.0
389000	2.0
389200	3.0
389400	4.0
389600	0.0
389800	3.0
390000	2.0
390200	3.0
390400	3.0
390600	2.0
390800	4.0
391000	1.0
391200	2.0
391400	5.0
391600	2.0
391800	4.0
392000	4.0
392200	3.0
392400	3.0
392600	4.0
392800	3.0
393000	3.0
393200	3.0
393400	3.0
393600	3.0
393800	3.0
394000	4.0
394200	2.0
394400	2.0
394600	3.0
394800	3.0
395000	2.0
395200	3.0
395400	2.0
395600	2.0
395800	3.0
396000	2.0
396200	3.0
396400	3.0
396600	1.0
396800	5.0
397000	3.0
397200	4.0
397400	3.0
397600	2.0
397800	3.0
398000	4.0
398200	3.0
398400	4.0
398600	3.0
398800	4.0
399000	3.0
399200	2.0
399400	2.0
399600	2.0
399800	3.0
400000	3.0
400200	4.0
400400	3.0
400600	3.0
400800	3.0
401000	2.0
401200	4.0
401400	3.0
401600	5.0
401800	3.0
402000	4.0
402200	5.0
402400	4.0
402600	4.0
402800	3.0
403000	4.0
403200	3.0
403400	2.0
403600	4.0
403800	4.0
404000	3.0
404200	3.0
404400	3.0
404600	3.0
404800	4.0
405000	4.0
405200	1.0
405400	4.0
405600	4.0
405800	4.0
406000	4.0
406200	3.0
406400	2.0
406600	2.0
406800	3.0
407000	2.0
407200	3.0
407400	2.0
407600	1.0
407800	3.0
408000	3.0
408200	2.0
408400	2.0
408600	4.0
408800	3.0
409000	4.0
409200	4.0
409400	2.0
409600	3.0
409800	3.0
410000	3.0
410200	5.0
410400	3.0
410600	4.0
410800	3.0
411000	3.0
411200	2.0
411400	4.0
411600	4.0
411800	2.0
412000	2.0
412200	1.0
412400	2.0
412600	4.0
412800	3.0
413000	4.0
413200	2.0
413400	3.0
413600	4.0
413800	4.0
414000	2.0
414200	3.0
414400	3.0
414600	5.0
414800	4.0
415000	2.0
415200	1.0
415400	4.0
415600	3.0
415800	3.0
416000	1.0
416200	3.0
416400	2.0
416600	3.0
416800	1.0
417000	3.0
417200	3.0
417400	3.0
417600	2.0
417800	3.0
418000	2.0
418200	3.0
418400	3.0
418600	2.0
418800	2.0
419000	2.0
419200	3.0
419400	5.0
419600	3.0
419800	3.0
420000	4.0
420200	2.0
420400	2.0
420600	3.0
420800	2.0
421000	4.0
421200	5.0
421400	2.0
421600	4.0
421800	4.0
422000	5.0
422200	3.0
422400	1.0
422600	2.0
422800	4.0
423000	4.0
423200	3.0
423400	3.0
423600	3.0
423800	3.0
424000	1.0
424200	1.0
424400	4.0
424600	4.0
424800	3.0
425000	3.0
425200	3.0
425400	3.0
425600	3.0
425800	4.0
426000	4.0
426200	2.0
426400	4.0
426600	4.0
426800	4.0
427000	2.0
427200	5.0
427400	3.0
427600	4.0
427800	1.0
428000	5.0
428200	4.0
428400	4.0
428600	4.0
428800	3.0
429000	4.0
429200	3.0
429400	2.0
429600	2.0
429800	1.0
430000	2.0
430200	2.0
430400	3.0
430600	4.0
430800	3.0
431000	3.0
431200	4.0
431400	3.0
431600	5.0
431800	4.0
432000	4.0
432200	4.0
432400	5.0
432600	2.0
432800	3.0
433000	2.0
433200	2.0
433400	4.0
433600	3.0
433800	5.0
434000	3.0
434200	4.0
434400	4.0
434600	3.0
434800	3.0
435000	3.0
435200	6.0
435400	4.0
435600	2.0
435800	3.0
436000	5.0
436200	4.0
436400	5.0
436600	4.0
436800	3.0
437000	3.0
437200	3.0
437400	4.0
437600	2.0
437800	2.0
438000	4.0
438200	4.0
438400	3.0
438600	3.0
438800	4.0
439000	3.0
439200	4.0
439400	3.0
439600	2.0
439800	2.0
440000	4.0
440200	2.0
440400	4.0
440600	3.0
440800	3.0
441000	4.0
441200	3.0
441400	5.0
441600	2.0
441800	3.0
442000	3.0
442200	3.0
442400	4.0
442600	3.0
442800	3.0
443000	4.0
443200	3.0
443400	4.0
443600	4.0
443800	3.0
444000	3.0
444200	4.0
444400	3.0
444600	3.0
444800	3.0
445000	3.0
445200	3.0
445400	3.0
445600	4.0
445800	2.0
446000	4.0
446200	4.0
446400	5.0
446600	3.0
446800	3.0
447000	3.0
447200	3.0
447400	2.0
447600	6.0
447800	4.0
448000	4.0
448200	3.0
448400	3.0
448600	2.0
448800	3.0
449000	4.0
449200	4.0
449400	3.0
449600	4.0
449800	4.0
450000	2.0
450200	4.0
450400	3.0
450600	3.0
450800	4.0
451000	5.0
451200	5.0
451400	3.0
451600	3.0
451800	3.0
452000	2.0
452200	1.0
452400	2.0
452600	3.0
452800	4.0
453000	2.0
453200	4.0
453400	3.0
453600	4.0
453800	2.0
454000	3.0
454200	4.0
454400	3.0
454600	4.0
454800	4.0
455000	5.0
455200	3.0
455400	5.0
455600	4.0
455800	4.0
456000	4.0
456200	4.0
456400	3.0
456600	2.0
456800	5.0
457000	3.0
457200	3.0
457400	3.0
457600	2.0
457800	3.0
458000	4.0
458200	2.0
458400	2.0
458600	2.0
458800	3.0
459000	3.0
459200	2.0
459400	3.0
459600	4.0
459800	3.0
460000	3.0
460200	2.0
460400	2.0
460600	3.0
460800	3.0
461000	2.0
461200	2.0
461400	3.0
461600	3.0
461800	4.0
462000	4.0
462200	4.0
462400	2.0
462600	2.0
462800	3.0
463000	4.0
463200	3.0
463400	4.0
463600	4.0
463800	4.0
464000	4.0
464200	2.0
464400	3.0
464600	3.0
464800	3.0
465000	3.0
465200	2.0
465400	3.0
465600	2.0
465800	5.0
466000	3.0
466200	2.0
466400	4.0
466600	2.0
466800	2.0
467000	3.0
467200	2.0
467400	4.0
467600	2.0
467800	4.0
468000	3.0
468200	2.0
468400	4.0
468600	5.0
468800	3.0
469000	4.0
469200	5.0
469400	4.0
469600	3.0
469800	4.0
470000	5.0
470200	2.0
470400	1.0
470600	3.0
470800	4.0
471000	2.0
471200	3.0
471400	4.0
471600	4.0
471800	2.0
472000	2.0
472200	3.0
472400	4.0
472600	3.0
472800	4.0
473000	4.0
473200	4.0
473400	3.0
473600	3.0
473800	3.0
474000	3.0
474200	3.0
474400	4.0
474600	3.0
474800	3.0
475000	3.0
475200	3.0
475400	3.0
475600	4.0
475800	4.0
476000	3.0
476200	3.0
476400	4.0
476600	2.0
476800	4.0
477000	3.0
477200	4.0
477400	4.0
477600	4.0
477800	3.0
478000	4.0
478200	1.0
478400	4.0
478600	4.0
478800	3.0
479000	3.0
479200	3.0
479400	1.0
479600	4.0
479800	4.0
480000	2.0
480200	5.0
480400	2.0
480600	4.0
480800	2.0
481000	3.0
481200	4.0
481400	4.0
481600	3.0
481800	4.0
482000	3.0
482200	3.0
482400	3.0
482600	3.0
482800	3.0
483000	3.0
483200	2.0
483400	3.0
483600	5.0
483800	4.0
484000	3.0
484200	4.0
484400	2.0
484600	4.0
484800	4.0
485000	1.0
485200	4.0
485400	3.0
485600	3.0
485800	3.0
486000	4.0
486200	4.0
486400	4.0
486600	3.0
486800	3.0
487000	3.0
487200	4.0
487400	2.0
487600	4.0
487800	3.0
488000	3.0
488200	2.0
488400	3.0
488600	3.0
488800	5.0
489000	2.0
489200	1.0
489400	1.0
489600	4.0
489800	1.0
490000	4.0
490200	3.0
490400	3.0
490600	4.0
490800	2.0
491000	3.0
491200	3.0
491400	4.0
491600	5.0
491800	3.0
492000	1.0
492200	4.0
492400	4.0
492600	5.0
492800	3.0
493000	4.0
493200	4.0
493400	2.0
493600	3.0
493800	3.0
494000	3.0
494200	5.0
494400	4.0
494600	3.0
494800	3.0
495000	3.0
495200	1.0
495400	4.0
495600	3.0
495800	3.0
496000	3.0
496200	3.0
496400	2.0
496600	4.0
496800	3.0
497000	4.0
497200	3.0
497400	5.0
497600	2.0
497800	3.0
498000	1.0
498200	5.0
498400	2.0
498600	3.0
498800	2.0
499000	3.0
499200	4.0
499400	2.0
499600	3.0
499800	3.0
500000	3.0
500200	4.0
500400	3.0
500600	2.0
500800	4.0
501000	3.0
501200	4.0
501400	2.0
501600	3.0
501800	3.0
502000	2.0
502200	3.0
502400	3.0
502600	3.0
502800	2.0
503000	3.0
503200	3.0
503400	4.0
503600	1.0
503800	2.0
504000	2.0
504200	4.0
504400	3.0
504600	4.0
504800	3.0
505000	4.0
505200	2.0
505400	4.0
505600	4.0
505800	3.0
506000	3.0
506200	3.0
506400	3.0
506600	4.0
506800	4.0
507000	3.0
507200	2.0
507400	3.0
507600	4.0
507800	3.0
508000	3.0
508200	1.0
508400	2.0
508600	2.0
508800	2.0
509000	3.0
509200	4.0
509400	4.0
509600	2.0
509800	4.0
510000	4.0
510200	3.0
510400	4.0
510600	2.0
510800	4.0
511000	3.0
511200	3.0
511400	3.0
511600	3.0
511800	2.0
512000	4.0
512200	2.0
512400	4.0
512600	4.0
512800	3.0
513000	4.0
513200	3.0
513400	3.0
513600	3.0
513800	4.0
514000	2.0
514200	4.0
514400	2.0
514600	4.0
514800	4.0
515000	4.0
515200	2.0
515400	2.0
515600	1.0
515800	4.0
516000	3.0
516200	2.0
516400	2.0
516600	5.0
516800	3.0
517000	2.0
517200	3.0
517400	5.0
517600	2.0
517800	3.0
518000	3.0
518200	3.0
518400	3.0
518600	3.0
518800	4.0
519000	3.0
519200	2.0
519400	3.0
519600	4.0
519800	3.0
520000	2.0
520200	4.0
520400	2.0
520600	3.0
520800	3.0
521000	3.0
521200	2.0
521400	3.0
521600	2.0
521800	3.0
522000	2.0
522200	2.0
522400	3.0
522600	3.0
522800	3.0
523000	2.0
523200	4.0
523400	3.0
523600	3.0
523800	4.0
524000	3.0
524200	3.0
524400	4.0
524600	4.0
524800	3.0
525000	3.0
525200	1.0
525400	4.0
525600	4.0
525800	3.0
526000	2.0
526200	3.0
526400	3.0
526600	3.0
526800	4.0
527000	3.0
527200	2.0
527400	4.0
527600	2.0
527800	2.0
528000	3.0
528200	3.0
528400	4.0
528600	3.0
528800	2.0
529000	3.0
529200	4.0
529400	2.0
529600	2.0
529800	3.0
530000	2.0
530200	3.0
530400	5.0
530600	4.0
530800	4.0
531000	5.0
531200	3.0
531400	3.0
531600	2.0
531800	2.0
532000	0.0
532200	3.0
532400	3.0
532600	3.0
532800	4.0
533000	2.0
533200	3.0
533400	3.0
533600	3.0
533800	3.0
534000	2.0
534200	4.0
534400	3.0
534600	3.0
534800	4.0
535000	4.0
535200	3.0
535400	3.0
535600	3.0
535800	3.0
536000	3.0
536200	2.0
536400	2.0
536600	2.0
536800	2.0
537000	3.0
537200	2.0
537400	3.0
537600	2.0
537800	3.0
538000	1.0
538200	3.0
538400	1.0
538600	1.0
538800	2.0
539000	3.0
539200	3.0
539400	2.0
539600	3.0
539800	2.0
540000	5.0
540200	2.0
540400	3.0
540600	3.0
540800	3.0
541000	3.0
541200	3.0
541400	3.0
541600	3.0
541800	3.0
542000	3.0
542200	4.0
542400	2.0
542600	2.0
542800	3.0
543000	3.0
543200	4.0
543400	2.0
543600	0.0
543800	0.0
544000	0.0
544200	0.0
544400	1.0
544600	4.0
544800	2.0
545000	3.0
545200	2.0
545400	2.0
545600	5.0
545800	2.0
546000	1.0
546200	4.0
546400	2.0
546600	3.0
546800	1.0
547000	2.0
547200	2.0
547400	4.0
547600	4.0
547800	2.0
548000	2.0
548200	3.0
548400	3.0
548600	2.0
548800	2.0
549000	2.0
549200	3.0
549400	2.0
549600	3.0
549800	2.0
550000	3.0
550200	2.0
550400	2.0
550600	3.0
550800	2.0
551000	4.0
551200	3.0
551400	1.0
551600	3.0
551800	4.0
552000	4.0
552200	3.0
552400	2.0
552600	4.0
552800	3.0
553000	3.0
553200	5.0
553400	3.0
553600	3.0
553800	3.0
554000	3.0
554200	5.0
554400	3.0
554600	2.0
554800	3.0
555000	3.0
555200	4.0
555400	2.0
555600	2.0
555800	2.0
556000	1.0
556200	2.0
556400	4.0
556600	3.0
556800	2.0
557000	3.0
557200	3.0
557400	2.0
557600	3.0
557800	4.0
558000	3.0
558200	4.0
558400	3.0
558600	2.0
558800	3.0
559000	3.0
559200	4.0
559400	3.0
559600	3.0
559800	4.0
560000	2.0
560200	2.0
560400	4.0
560600	4.0
560800	4.0
561000	3.0
561200	3.0
561400	2.0
561600	1.0
561800	3.0
562000	2.0
562200	2.0
562400	2.0
562600	3.0
562800	2.0
563000	3.0
563200	2.0
563400	3.0
563600	4.0
563800	3.0
564000	2.0
564200	2.0
564400	3.0
564600	3.0
564800	3.0
565000	3.0
565200	4.0
565400	2.0
565600	4.0
565800	2.0
566000	3.0
566200	2.0
566400	3.0
566600	3.0
566800	3.0
567000	3.0
567200	3.0
567400	4.0
567600	5.0
567800	3.0
568000	3.0
568200	3.0
568400	3.0
568600	3.0
568800	2.0
569000	3.0
569200	3.0
569400	4.0
569600	2.0
569800	5.0
570000	4.0
570200	2.0
570400	2.0
570600	3.0
570800	3.0
571000	2.0
571200	4.0
571400	1.0
571600	2.0
571800	1.0
572000	2.0
572200	2.0
572400	2.0
572600	0.0
572800	0.0
573000	0.0
573200	2.0
573400	3.0
573600	3.0
573800	4.0
574000	2.0
574200	2.0
574400	1.0
574600	2.0
574800	4.0
575000	4.0
575200	3.0
575400	1.0
575600	3.0
575800	2.0
576000	2.0
576200	3.0
576400	4.0
576600	2.0
576800	4.0
577000	2.0
577200	2.0
577400	3.0
577600	3.0
577800	3.0
578000	2.0
578200	4.0
578400	4.0
578600	5.0
578800	2.0
579000	3.0
579200	3.0
579400	2.0
579600	3.0
579800	2.0
580000	3.0
580200	2.0
580400	2.0
580600	3.0
580800	3.0
581000	1.0
581200	4.0
581400	3.0
581600	3.0
581800	2.0
582000	2.0
582200	3.0
582400	3.0
582600	3.0
582800	2.0
583000	3.0
583200	3.0
583400	2.0
583600	2.0
583800	3.0
584000	3.0
584200	3.0
584400	2.0
584600	3.0
584800	3.0
585000	2.0
585200	3.0
585400	3.0
585600	3.0
585800	4.0
586000	2.0
586200	2.0
586400	4.0
586600	2.0
586800	4.0
587000	2.0
587200	4.0
587400	2.0
587600	3.0
587800	3.0
588000	2.0
588200	3.0
588400	3.0
588600	2.0
588800	3.0
589000	3.0
589200	3.0
589400	2.0
589600	2.0
589800	2.0
590000	2.0
590200	3.0
590400	2.0
590600	3.0
590800	2.0
591000	3.0
591200	2.0
591400	2.0
591600	2.0
591800	4.0
592000	3.0
592200	3.0
592400	2.0
592600	1.0
592800	3.0
593000	2.0
593200	2.0
593400	3.0
593600	3.0
593800	3.0
594000	1.0
594200	2.0
594400	2.0
594600	3.0
594800	1.0
595000	3.0
595200	2.0
595400	3.0
595600	2.0
595800	3.0
596000	3.0
596200	1.0
596400	3.0
596600	3.0
596800	1.0
597000	1.0
597200	4.0
597400	4.0
597600	3.0
597800	2.0
598000	3.0
598200	3.0
598400	2.0
598600	3.0
598800	4.0
599000	2.0
599200	3.0
599400	2.0
599600	3.0
599800	1.0
600000	3.0
600200	3.0
600400	4.0
600600	2.0
600800	2.0
601000	4.0
601200	3.0
601400	3.0
601600	2.0
601800	3.0
602000	3.0
602200	2.0
602400	3.0
602600	4.0
602800	2.0
603000	3.0
603200	4.0
603400	1.0
603600	2.0
603800	3.0
604000	4.0
604200	3.0
604400	2.0
604600	2.0
604800	3.0
605000	4.0
605200	4.0
605400	3.0
605600	3.0
605800	3.0
606000	2.0
606200	3.0
606400	3.0
606600	2.0
606800	3.0
607000	2.0
607200	3.0
607400	2.0
607600	2.0
607800	3.0
608000	4.0
608200	2.0
608400	3.0
608600	3.0
608800	2.0
609000	4.0
609200	4.0
609400	5.0
609600	3.0
609800	2.0
610000	2.0
610200	4.0
610400	4.0
610600	3.0
610800	3.0
611000	4.0
611200	3.0
611400	2.0
611600	3.0
611800	2.0
612000	3.0
612200	3.0
612400	2.0
612600	2.0
612800	3.0
613000	3.0
613200	4.0
613400	2.0
613600	2.0
613800	2.0
614000	4.0
614200	3.0
614400	3.0
614600	2.0
614800	3.0
615000	2.0
615200	4.0
615400	3.0
615600	2.0
615800	3.0
616000	2.0
616200	3.0
616400	2.0
616600	4.0
616800	1.0
617000	3.0
617200	3.0
617400	2.0
617600	2.0
617800	2.0
618000	2.0
618200	3.0
618400	4.0
618600	3.0
618800	1.0
619000	2.0
619200	3.0
619400	3.0
619600	3.0
619800	2.0
620000	3.0
620200	2.0
620400	3.0
620600	3.0
620800	2.0
621000	4.0
621200	2.0
621400	3.0
621600	4.0
621800	3.0
622000	3.0
622200	3.0
622400	2.0
622600	2.0
622800	4.0
623000	2.0
623200	2.0
623400	2.0
623600	3.0
623800	1.0
624000	3.0
624200	2.0
624400	3.0
624600	2.0
624800	4.0
625000	2.0
625200	3.0
625400	3.0
625600	3.0
625800	4.0
626000	1.0
626200	3.0
626400	3.0
626600	2.0
626800	3.0
627000	3.0
627200	1.0
627400	4.0
627600	3.0
627800	2.0
628000	3.0
628200	3.0
628400	3.0
628600	3.0
628800	2.0
629000	3.0
629200	1.0
629400	2.0
629600	3.0
629800	3.0
630000	2.0
630200	2.0
630400	3.0
630600	3.0
630800	3.0
631000	2.0
631200	1.0
631400	4.0
631600	6.0
631800	4.0
632000	2.0
632200	4.0
632400	4.0
632600	2.0
632800	3.0
633000	3.0
633200	3.0
633400	2.0
633600	2.0
633800	3.0
634000	4.0
634200	4.0
634400	2.0
634600	4.0
634800	3.0
635000	1.0
635200	3.0
635400	1.0
635600	3.0
635800	1.0
636000	2.0
636200	2.0
636400	3.0
636600	3.0
636800	2.0
637000	3.0
637200	4.0
637400	5.0
637600	4.0
637800	4.0
638000	2.0
638200	3.0
638400	2.0
638600	3.0
638800	4.0
639000	5.0
639200	3.0
639400	2.0
639600	3.0
639800	4.0
640000	4.0
640200	4.0
640400	3.0
640600	3.0
640800	3.0
641000	4.0
641200	2.0
641400	4.0
641600	2.0
641800	4.0
642000	2.0
642200	2.0
642400	3.0
642600	1.0
642800	4.0
643000	2.0
643200	4.0
643400	2.0
643600	3.0
643800	4.0
644000	3.0
644200	4.0
644400	1.0
644600	3.0
644800	2.0
645000	3.0
645200	2.0
645400	3.0
645600	3.0
645800	2.0
646000	4.0
646200	4.0
646400	2.0
646600	4.0
646800	3.0
647000	3.0
647200	3.0
647400	2.0
647600	3.0
647800	4.0
648000	1.0
648200	3.0
648400	1.0
648600	3.0
648800	3.0
649000	3.0
649200	0.0
649400	1.0
649600	3.0
649800	2.0
650000	2.0
650200	2.0
650400	1.0
650600	3.0
650800	4.0
651000	4.0
651200	3.0
651400	3.0
651600	2.0
651800	2.0
652000	3.0
652200	1.0
652400	3.0
652600	3.0
652800	2.0
653000	3.0
653200	2.0
653400	3.0
653600	5.0
653800	2.0
654000	4.0
654200	2.0
654400	2.0
654600	3.0
654800	3.0
655000	2.0
655200	5.0
655400	1.0
655600	3.0
655800	4.0
656000	3.0
656200	2.0
656400	3.0
656600	2.0
656800	4.0
657000	2.0
657200	3.0
657400	3.0
657600	3.0
657800	3.0
658000	2.0
658200	5.0
658400	4.0
658600	2.0
658800	3.0
659000	5.0
659200	3.0
659400	4.0
659600	3.0
659800	3.0
660000	4.0
660200	2.0
660400	3.0
660600	4.0
660800	3.0
661000	4.0
661200	4.0
661400	3.0
661600	3.0
661800	4.0
662000	4.0
662200	2.0
662400	2.0
662600	2.0
662800	2.0
663000	2.0
663200	2.0
663400	3.0
663600	4.0
663800	3.0
664000	3.0
664200	3.0
664400	2.0
664600	2.0
664800	1.0
665000	1.0
665200	3.0
665400	3.0
665600	2.0
665800	3.0
666000	2.0
666200	3.0
666400	2.0
666600	2.0
666800	2.0
667000	2.0
667200	2.0
667400	3.0
667600	4.0
667800	4.0
668000	4.0
668200	3.0
668400	3.0
668600	4.0
668800	2.0
669000	5.0
669200	1.0
669400	4.0
669600	3.0
669800	3.0
670000	2.0
670200	3.0
670400	3.0
670600	3.0
670800	4.0
671000	4.0
671200	4.0
671400	2.0
671600	2.0
671800	5.0
672000	4.0
672200	3.0
672400	5.0
672600	2.0
672800	3.0
673000	4.0
673200	3.0
673400	1.0
673600	2.0
673800	2.0
674000	3.0
674200	2.0
674400	2.0
674600	3.0
674800	4.0
675000	3.0
675200	3.0
675400	3.0
675600	3.0
675800	2.0
676000	3.0
676200	4.0
676400	3.0
676600	3.0
676800	2.0
677000	4.0
677200	2.0
677400	2.0
677600	2.0
677800	3.0
678000	2.0
678200	3.0
678400	2.0
678600	4.0
678800	4.0
679000	4.0
679200	3.0
679400	4.0
679600	2.0
679800	2.0
680000	5.0
680200	3.0
680400	5.0
680600	3.0
680800	4.0
681000	3.0
681200	2.0
681400	3.0
681600	3.0
681800	4.0
682000	3.0
682200	2.0
682400	2.0
682600	4.0
682800	3.0
683000	3.0
683200	3.0
683400	5.0
683600	4.0
683800	5.0
684000	2.0
684200	4.0
684400	3.0
684600	2.0
684800	3.0
685000	4.0
685200	2.0
685400	3.0
685600	4.0
685800	2.0
686000	2.0
686200	5.0
686400	1.0
686600	5.0
686800	3.0
687000	4.0
687200	2.0
687400	4.0
687600	2.0
687800	3.0
688000	2.0
688200	2.0
688400	5.0
688600	5.0
688800	4.0
689000	4.0
689200	3.0
689400	2.0
689600	1.0
689800	3.0
690000	4.0
690200	2.0
690400	3.0
690600	3.0
690800	3.0
691000	3.0
691200	3.0
691400	2.0
691600	5.0
691800	4.0
692000	4.0
692200	3.0
692400	3.0
692600	4.0
692800	3.0
693000	3.0
693200	4.0
693400	2.0
693600	4.0
693800	5.0
694000	3.0
694200	4.0
694400	2.0
694600	3.0
694800	3.0
695000	3.0
695200	5.0
695400	4.0
695600	4.0
695800	4.0
696000	4.0
696200	4.0
696400	3.0
696600	3.0
696800	4.0
697000	3.0
697200	4.0
697400	4.0
697600	2.0
697800	4.0
698000	3.0
698200	3.0
698400	3.0
698600	3.0
698800	2.0
699000	3.0
699200	2.0
699400	3.0
699600	4.0
699800	4.0
700000	3.0
700200	3.0
700400	2.0
700600	2.0
700800	1.0
701000	2.0
701200	1.0
701400	2.0
701600	3.0
701800	2.0
702000	4.0
702200	2.0
702400	4.0
702600	3.0
702800	3.0
703000	4.0
703200	3.0
703400	2.0
703600	2.0
703800	3.0
704000	2.0
704200	3.0
704400	5.0
704600	3.0
704800	4.0
705000	1.0
705200	1.0
705400	3.0
705600	4.0
705800	3.0
706000	4.0
706200	3.0
706400	1.0
706600	4.0
706800	2.0
707000	2.0
707200	1.0
707400	5.0
707600	3.0
707800	3.0
708000	2.0
708200	4.0
708400	5.0
708600	3.0
708800	3.0
709000	5.0
709200	3.0
709400	2.0
709600	2.0
709800	2.0
710000	3.0
710200	4.0
710400	3.0
710600	1.0
710800	2.0
711000	3.0
711200	4.0
711400	2.0
711600	2.0
711800	3.0
712000	4.0
712200	3.0
712400	3.0
712600	4.0
712800	3.0
713000	3.0
713200	2.0
713400	3.0
713600	3.0
713800	3.0
714000	4.0
714200	3.0
714400	3.0
714600	3.0
714800	3.0
715000	2.0
715200	3.0
715400	2.0
715600	2.0
715800	3.0
716000	3.0
716200	3.0
716400	4.0
716600	2.0
716800	3.0
717000	2.0
717200	4.0
717400	3.0
717600	3.0
717800	3.0
718000	3.0
718200	1.0
718400	4.0
718600	3.0
718800	3.0
719000	5.0
719200	3.0
719400	3.0
719600	2.0
719800	2.0
720000	4.0
720200	2.0
720400	2.0
720600	4.0
720800	1.0
721000	4.0
721200	4.0
721400	3.0
721600	2.0
721800	3.0
722000	3.0
722200	2.0
722400	3.0
722600	2.0
722800	2.0
723000	3.0
723200	2.0
723400	3.0
723600	3.0
723800	4.0
724000	2.0
724200	3.0
724400	3.0
724600	3.0
724800	2.0
725000	3.0
725200	1.0
725400	3.0
725600	4.0
725800	3.0
726000	3.0
726200	2.0
726400	4.0
726600	2.0
726800	3.0
727000	2.0
727200	2.0
727400	3.0
727600	3.0
727800	3.0
728000	3.0
728200	3.0
728400	3.0
728600	3.0
728800	4.0
729000	1.0
729200	3.0
729400	2.0
729600	2.0
729800	4.0
730000	1.0
730200	3.0
730400	3.0
730600	4.0
730800	4.0
731000	3.0
731200	4.0
731400	3.0
731600	2.0
731800	3.0
732000	2.0
732200	3.0
732400	3.0
732600	5.0
732800	3.0
733000	2.0
733200	1.0
733400	3.0
733600	3.0
733800	4.0
734000	2.0
734200	2.0
734400	3.0
734600	3.0
734800	1.0
735000	3.0
735200	2.0
735400	1.0
735600	4.0
735800	2.0
736000	4.0
736200	2.0
736400	0.0
736600	4.0
736800	4.0
737000	3.0
737200	2.0
737400	5.0
737600	3.0
737800	3.0
738000	3.0
738200	4.0
738400	4.0
738600	3.0
738800	3.0
739000	2.0
739200	4.0
739400	3.0
739600	1.0
739800	3.0
740000	4.0
740200	2.0
740400	5.0
740600	3.0
740800	2.0
741000	3.0
741200	2.0
741400	3.0
741600	2.0
741800	3.0
742000	3.0
742200	2.0
742400	2.0
742600	2.0
742800	3.0
743000	3.0
743200	3.0
743400	2.0
743600	3.0
743800	3.0
744000	2.0
744200	3.0
744400	4.0
744600	3.0
744800	4.0
745000	3.0
745200	1.0
745400	3.0
745600	2.0
745800	2.0
746000	3.0
746200	1.0
746400	3.0
746600	2.0
746800	4.0
747000	2.0
747200	3.0
747400	2.0
747600	2.0
747800	3.0
748000	3.0
748200	3.0
748400	2.0
748600	3.0
748800	3.0
749000	3.0
749200	2.0
749400	2.0
749600	4.0
749800	2.0
750000	3.0
750200	3.0
750400	3.0
750600	2.0
750800	3.0
751000	4.0
751200	3.0
751400	3.0
751600	4.0
751800	3.0
752000	4.0
752200	3.0
752400	2.0
752600	2.0
752800	2.0
753000	4.0
753200	4.0
753400	3.0
753600	2.0
753800	4.0
754000	3.0
754200	3.0
754400	3.0
754600	3.0
754800	3.0
755000	2.0
755200	3.0
755400	3.0
755600	2.0
755800	4.0
756000	4.0
756200	2.0
756400	3.0
756600	3.0
756800	3.0
757000	3.0
757200	2.0
757400	1.0
757600	2.0
757800	3.0
758000	3.0
758200	3.0
758400	3.0
758600	4.0
758800	3.0
759000	4.0
759200	3.0
759400	2.0
759600	2.0
759800	3.0
760000	3.0
760200	3.0
760400	3.0
760600	1.0
760800	2.0
761000	3.0
761200	3.0
761400	3.0
761600	3.0
761800	2.0
762000	3.0
762200	2.0
762400	0.0
762600	4.0
762800	3.0
763000	2.0
763200	4.0
763400	1.0
763600	3.0
763800	1.0
764000	1.0
764200	2.0
764400	1.0
764600	3.0
764800	3.0
765000	3.0
765200	4.0
765400	3.0
765600	3.0
765800	4.0
766000	2.0
766200	2.0
766400	2.0
766600	3.0
766800	3.0
767000	3.0
767200	2.0
767400	2.0
767600	2.0
767800	2.0
768000	2.0
768200	4.0
768400	5.0
768600	3.0
768800	3.0
769000	2.0
769200	1.0
769400	1.0
769600	2.0
769800	2.0
770000	2.0
770200	1.0
770400	3.0
770600	2.0
770800	2.0
771000	3.0
771200	2.0
771400	4.0
771600	3.0
771800	2.0
772000	3.0
772200	5.0
772400	3.0
772600	4.0
772800	3.0
773000	3.0
773200	1.0
773400	3.0
773600	2.0
773800	2.0
774000	1.0
774200	3.0
774400	4.0
774600	3.0
774800	3.0
775000	3.0
775200	1.0
775400	1.0
775600	4.0
775800	2.0
776000	2.0
776200	3.0
776400	3.0
776600	5.0
776800	3.0
777000	3.0
777200	3.0
777400	3.0
777600	0.0
777800	2.0
778000	1.0
778200	2.0
778400	3.0
778600	3.0
778800	2.0
779000	3.0
779200	1.0
779400	2.0
779600	3.0
779800	2.0
780000	3.0
780200	2.0
780400	2.0
780600	3.0
780800	3.0
781000	2.0
781200	4.0
781400	2.0
781600	3.0
781800	4.0
782000	2.0
782200	4.0
782400	3.0
782600	3.0
782800	3.0
783000	2.0
783200	2.0
783400	4.0
783600	3.0
783800	4.0
784000	3.0
784200	3.0
784400	3.0
784600	3.0
784800	3.0
785000	2.0
785200	2.0
785400	2.0
785600	3.0
785800	3.0
786000	3.0
786200	5.0
786400	4.0
786600	2.0
786800	3.0
787000	4.0
787200	3.0
787400	2.0
787600	3.0
787800	3.0
788000	3.0
788200	2.0
788400	1.0
788600	1.0
788800	4.0
789000	4.0
789200	4.0
789400	4.0
789600	2.0
789800	4.0
790000	3.0
790200	2.0
790400	2.0
790600	3.0
790800	2.0
791000	3.0
791200	3.0
791400	4.0
791600	4.0
791800	3.0
792000	2.0
792200	3.0
792400	1.0
792600	2.0
792800	4.0
793000	4.0
793200	3.0
793400	4.0
793600	3.0
793800	4.0
794000	3.0
794200	3.0
794400	2.0
794600	3.0
794800	3.0
795000	4.0
795200	2.0
795400	4.0
795600	3.0
795800	2.0
796000	4.0
796200	4.0
796400	4.0
796600	3.0
796800	3.0
797000	3.0
797200	2.0
797400	2.0
797600	1.0
797800	2.0
798000	4.0
798200	3.0
798400	3.0
798600	3.0
798800	3.0
799000	3.0
799200	3.0
799400	3.0
799600	2.0
799800	1.0
800000	4.0
800200	3.0
800400	3.0
800600	3.0
800800	2.0
801000	3.0
801200	2.0
801400	2.0
801600	3.0
801800	4.0
802000	4.0
802200	4.0
802400	2.0
802600	4.0
802800	1.0
803000	5.0
803200	3.0
803400	3.0
803600	2.0
803800	2.0
804000	3.0
804200	4.0
804400	2.0
804600	3.0
804800	2.0
805000	4.0
805200	2.0
805400	4.0
805600	1.0
805800	5.0
806000	4.0
806200	2.0
806400	4.0
806600	2.0
806800	4.0
807000	4.0
807200	3.0
807400	2.0
807600	2.0
807800	2.0
808000	3.0
808200	4.0
808400	3.0
808600	3.0
808800	3.0
809000	0.0
809200	4.0
809400	4.0
809600	3.0
809800	2.0
810000	4.0
810200	3.0
810400	3.0
810600	3.0
810800	2.0
811000	3.0
811200	2.0
811400	2.0
811600	2.0
811800	3.0
812000	2.0
812200	3.0
812400	2.0
812600	4.0
812800	3.0
813000	4.0
813200	3.0
813400	5.0
813600	2.0
813800	2.0
814000	2.0
814200	1.0
814400	3.0
814600	3.0
814800	3.0
815000	3.0
815200	2.0
815400	4.0
815600	2.0
815800	3.0
816000	3.0
816200	2.0
816400	3.0
816600	2.0
816800	2.0
817000	0.0
817200	3.0
817400	4.0
817600	3.0
817800	5.0
818000	3.0
818200	4.0
818400	5.0
818600	2.0
818800	3.0
819000	3.0
819200	2.0
819400	1.0
819600	3.0
819800	2.0
820000	3.0
820200	4.0
820400	4.0
820600	3.0
820800	2.0
821000	3.0
821200	3.0
821400	3.0
821600	4.0
821800	2.0
822000	2.0
822200	3.0
822400	1.0
822600	4.0
822800	2.0
823000	3.0
823200	3.0
823400	2.0
823600	3.0
823800	3.0
824000	3.0
824200	3.0
824400	2.0
824600	3.0
824800	3.0
825000	4.0
825200	5.0
825400	2.0
825600	3.0
825800	4.0
826000	2.0
826200	2.0
826400	2.0
826600	3.0
826800	4.0
827000	3.0
827200	4.0
827400	3.0
827600	4.0
827800	3.0
828000	5.0
828200	3.0
828400	3.0
828600	3.0
828800	3.0
829000	3.0
829200	3.0
829400	4.0
829600	2.0
829800	4.0
830000	3.0
830200	2.0
830400	3.0
830600	1.0
830800	2.0
831000	3.0
831200	3.0
831400	3.0
831600	3.0
831800	3.0
832000	4.0
832200	3.0
832400	2.0
832600	4.0
832800	3.0
833000	3.0
833200	3.0
833400	2.0
833600	3.0
833800	2.0
834000	2.0
834200	3.0
834400	2.0
834600	3.0
834800	2.0
835000	4.0
835200	4.0
835400	1.0
835600	4.0
835800	3.0
836000	4.0
836200	1.0
836400	3.0
836600	3.0
836800	5.0
837000	3.0
837200	4.0
837400	3.0
837600	2.0
837800	5.0
838000	3.0
838200	3.0
838400	4.0
838600	3.0
838800	5.0
839000	3.0
839200	5.0
839400	3.0
839600	2.0
839800	1.0
840000	2.0
840200	3.0
840400	3.0
840600	2.0
840800	3.0
841000	3.0
841200	2.0
841400	1.0
841600	4.0
841800	2.0
842000	4.0
842200	2.0
842400	4.0
842600	3.0
842800	4.0
843000	3.0
843200	4.0
843400	4.0
843600	4.0
843800	4.0
844000	4.0
844200	5.0
844400	4.0
844600	3.0
844800	3.0
845000	2.0
845200	4.0
845400	3.0
845600	2.0
845800	3.0
846000	3.0
846200	2.0
846400	3.0
846600	3.0
846800	4.0
847000	2.0
847200	4.0
847400	2.0
847600	2.0
847800	2.0
848000	3.0
848200	2.0
848400	4.0
848600	3.0
848800	2.0
849000	3.0
849200	4.0
849400	1.0
849600	3.0
849800	4.0
850000	3.0
850200	4.0
850400	3.0
850600	2.0
850800	4.0
851000	4.0
851200	2.0
851400	4.0
851600	2.0
851800	4.0
852000	2.0
852200	2.0
852400	3.0
852600	3.0
852800	2.0
853000	3.0
853200	3.0
853400	4.0
853600	2.0
853800	4.0
854000	2.0
854200	4.0
854400	2.0
854600	4.0
854800	2.0
855000	4.0
855200	5.0
855400	4.0
855600	4.0
855800	3.0
856000	4.0
856200	5.0
856400	4.0
856600	2.0
856800	2.0
857000	2.0
857200	4.0
857400	3.0
857600	4.0
857800	2.0
858000	2.0
858200	1.0
858400	3.0
858600	3.0
858800	3.0
859000	3.0
859200	4.0
859400	3.0
859600	3.0
859800	3.0
860000	3.0
860200	2.0
860400	4.0
860600	5.0
860800	4.0
861000	3.0
861200	3.0
861400	4.0
861600	4.0
861800	3.0
862000	2.0
862200	4.0
862400	2.0
862600	4.0
862800	4.0
863000	3.0
863200	3.0
863400	4.0
863600	4.0
863800	3.0
864000	3.0
864200	5.0
864400	3.0
864600	4.0
864800	2.0
865000	1.0
865200	4.0
865400	4.0
865600	2.0
865800	1.0
866000	3.0
866200	3.0
866400	3.0
866600	4.0
866800	2.0
867000	4.0
867200	2.0
867400	4.0
867600	4.0
867800	4.0
868000	3.0
868200	4.0
868400	2.0
868600	2.0
868800	3.0
869000	2.0
869200	4.0
869400	3.0
869600	4.0
869800	4.0
870000	3.0
870200	2.0
870400	2.0
870600	3.0
870800	4.0
871000	3.0
871200	2.0
871400	5.0
871600	1.0
871800	3.0
872000	4.0
872200	4.0
872400	4.0
872600	4.0
872800	2.0
873000	2.0
873200	2.0
873400	4.0
873600	4.0
873800	3.0
874000	3.0
874200	6.0
874400	1.0
874600	3.0
874800	4.0
875000	4.0
875200	4.0
875400	3.0
875600	3.0
875800	5.0
876000	1.0
876200	4.0
876400	6.0
876600	2.0
876800	4.0
877000	3.0
877200	2.0
877400	3.0
877600	3.0
877800	3.0
878000	2.0
878200	1.0
878400	3.0
878600	1.0
878800	3.0
879000	3.0
879200	2.0
879400	2.0
879600	3.0
879800	3.0
880000	3.0
880200	3.0
880400	4.0
880600	3.0
880800	5.0
881000	5.0
881200	4.0
881400	5.0
881600	3.0
881800	4.0
882000	3.0
882200	2.0
882400	2.0
882600	3.0
882800	3.0
883000	2.0
883200	4.0
883400	2.0
883600	4.0
883800	2.0
884000	4.0
884200	5.0
884400	5.0
884600	2.0
884800	3.0
885000	4.0
885200	4.0
885400	4.0
885600	2.0
885800	2.0
886000	4.0
886200	4.0
886400	1.0
886600	3.0
886800	3.0
887000	4.0
887200	3.0
887400	5.0
887600	4.0
887800	6.0
888000	4.0
888200	4.0
888400	1.0
888600	4.0
888800	3.0
889000	2.0
889200	4.0
889400	4.0
889600	3.0
889800	2.0
890000	2.0
890200	3.0
890400	4.0
890600	4.0
890800	5.0
891000	4.0
891200	4.0
891400	2.0
891600	1.0
891800	5.0
892000	2.0
892200	3.0
892400	4.0
892600	3.0
892800	4.0
893000	2.0
893200	2.0
893400	3.0
893600	3.0
893800	4.0
894000	3.0
894200	5.0
894400	5.0
894600	4.0
894800	3.0
895000	3.0
895200	4.0
895400	3.0
895600	3.0
895800	1.0
896000	2.0
896200	2.0
896400	4.0
896600	4.0
896800	2.0
897000	2.0
897200	5.0
897400	5.0
897600	3.0
897800	1.0
898000	3.0
898200	4.0
898400	4.0
898600	4.0
898800	4.0
899000	3.0
899200	3.0
899400	5.0
899600	2.0
899800	4.0
900000	5.0
900200	2.0
900400	2.0
900600	2.0
900800	3.0
901000	2.0
901200	4.0
901400	3.0
901600	3.0
901800	2.0
902000	4.0
902200	2.0
902400	4.0
902600	4.0
902800	3.0
903000	3.0
903200	4.0
903400	4.0
903600	4.0
903800	5.0
904000	5.0
904200	3.0
904400	3.0
904600	3.0
904800	3.0
905000	3.0
905200	3.0
905400	4.0
905600	2.0
905800	2.0
906000	3.0
906200	2.0
906400	4.0
906600	4.0
906800	3.0
907000	3.0
907200	4.0
907400	3.0
907600	4.0
907800	3.0
908000	4.0
908200	3.0
908400	4.0
908600	4.0
908800	1.0
909000	4.0
909200	3.0
909400	3.0
909600	4.0
909800	3.0
910000	4.0
910200	4.0
910400	4.0
910600	3.0
910800	4.0
911000	2.0
911200	2.0
911400	5.0
911600	4.0
911800	3.0
912000	3.0
912200	2.0
912400	5.0
912600	3.0
912800	3.0
913000	3.0
913200	2.0
913400	2.0
913600	2.0
913800	3.0
914000	2.0
914200	4.0
914400	4.0
914600	4.0
914800	4.0
915000	3.0
915200	3.0
915400	5.0
915600	2.0
915800	4.0
916000	3.0
916200	4.0
916400	2.0
916600	1.0
916800	5.0
917000	3.0
917200	3.0
917400	4.0
917600	3.0
917800	3.0
918000	4.0
918200	4.0
918400	3.0
918600	3.0
918800	2.0
919000	4.0
919200	4.0
919400	3.0
919600	5.0
919800	3.0
920000	4.0
920200	3.0
920400	5.0
920600	3.0
920800	2.0
921000	4.0
921200	4.0
921400	3.0
921600	5.0
921800	2.0
922000	4.0
922200	3.0
922400	2.0
922600	3.0
922800	5.0
923000	4.0
923200	3.0
923400	2.0
923600	0.0
923800	5.0
924000	3.0
924200	3.0
924400	4.0
924600	3.0
924800	3.0
925000	2.0
925200	3.0
925400	5.0
925600	4.0
925800	2.0
926000	3.0
926200	1.0
926400	4.0
926600	3.0
926800	3.0
927000	5.0
927200	2.0
927400	3.0
927600	4.0
927800	4.0
928000	2.0
928200	4.0
928400	3.0
928600	2.0
928800	3.0
929000	5.0
929200	4.0
929400	2.0
929600	4.0
929800	3.0
930000	3.0
930200	2.0
930400	4.0
930600	5.0
930800	2.0
931000	3.0
931200	3.0
931400	4.0
931600	2.0
931800	2.0
932000	3.0
932200	3.0
932400	4.0
932600	3.0
932800	2.0
933000	3.0
933200	4.0
933400	3.0
933600	2.0
933800	2.0
934000	3.0
934200	3.0
934400	3.0
934600	3.0
934800	4.0
935000	2.0
935200	1.0
935400	3.0
935600	3.0
935800	2.0
936000	2.0
936200	5.0
936400	3.0
936600	2.0
936800	2.0
937000	4.0
937200	4.0
937400	3.0
937600	2.0
937800	3.0
938000	4.0
938200	3.0
938400	2.0
938600	2.0
938800	2.0
939000	4.0
939200	2.0
939400	3.0
939600	3.0
939800	2.0
940000	3.0
940200	4.0
940400	1.0
940600	2.0
940800	4.0
941000	3.0
941200	3.0
941400	4.0
941600	2.0
941800	3.0
942000	1.0
942200	3.0
942400	5.0
942600	3.0
942800	3.0
943000	2.0
943200	2.0
943400	3.0
943600	0.0
943800	5.0
944000	5.0
944200	4.0
944400	2.0
944600	1.0
944800	3.0
945000	3.0
945200	1.0
945400	4.0
945600	2.0
945800	2.0
946000	3.0
946200	3.0
946400	2.0
946600	4.0
946800	4.0
947000	3.0
947200	1.0
947400	3.0
947600	3.0
947800	2.0
948000	3.0
948200	2.0
948400	3.0
948600	3.0
948800	3.0
949000	4.0
949200	3.0
949400	3.0
949600	3.0
949800	2.0
950000	3.0
950200	3.0
950400	3.0
950600	4.0
950800	3.0
951000	3.0
951200	3.0
951400	2.0
951600	5.0
951800	4.0
952000	3.0
952200	2.0
952400	3.0
952600	3.0
952800	3.0
953000	2.0
953200	3.0
953400	4.0
953600	3.0
953800	4.0
954000	2.0
954200	2.0
954400	2.0
954600	4.0
954800	3.0
955000	3.0
955200	2.0
955400	3.0
955600	2.0
955800	3.0
956000	4.0
956200	3.0
956400	1.0
956600	3.0
956800	3.0
957000	4.0
957200	5.0
957400	4.0
957600	4.0
957800	2.0
958000	4.0
958200	3.0
958400	2.0
958600	2.0
958800	4.0
959000	3.0
959200	3.0
959400	3.0
959600	1.0
959800	3.0
960000	3.0
960200	4.0
960400	3.0
960600	2.0
960800	2.0
961000	3.0
961200	2.0
961400	3.0
961600	3.0
961800	3.0
962000	2.0
962200	3.0
962400	2.0
962600	5.0
962800	2.0
963000	3.0
963200	3.0
963400	2.0
963600	5.0
963800	2.0
964000	3.0
964200	3.0
964400	3.0
964600	1.0
964800	4.0
965000	4.0
965200	5.0
965400	2.0
965600	4.0
965800	2.0
966000	2.0
966200	3.0
966400	3.0
966600	2.0
966800	2.0
967000	1.0
967200	2.0
967400	4.0
967600	4.0
967800	1.0
968000	1.0
968200	4.0
968400	4.0
968600	3.0
968800	3.0
969000	3.0
969200	4.0
969400	2.0
969600	2.0
969800	3.0
970000	3.0
970200	1.0
970400	1.0
970600	3.0
970800	3.0
971000	2.0
971200	3.0
971400	3.0
971600	3.0
971800	4.0
972000	3.0
972200	2.0
972400	2.0
972600	2.0
972800	4.0
973000	4.0
973200	3.0
973400	4.0
973600	3.0
973800	3.0
974000	2.0
974200	3.0
974400	3.0
974600	2.0
974800	2.0
975000	3.0
975200	2.0
975400	3.0
975600	4.0
975800	3.0
976000	3.0
976200	2.0
976400	5.0
976600	3.0
976800	4.0
977000	3.0
977200	3.0
977400	4.0
977600	3.0
977800	3.0
978000	3.0
978200	2.0
978400	2.0
978600	4.0
978800	3.0
979000	2.0
979200	3.0
979400	4.0
979600	3.0
979800	3.0
980000	3.0
980200	2.0
980400	3.0
980600	3.0
980800	4.0
981000	1.0
981200	2.0
981400	1.0
981600	3.0
981800	3.0
982000	2.0
982200	4.0
982400	3.0
982600	2.0
982800	2.0
983000	3.0
983200	3.0
983400	1.0
983600	4.0
983800	3.0
984000	2.0
984200	2.0
984400	3.0
984600	2.0
984800	5.0
985000	2.0
985200	3.0
985400	4.0
985600	4.0
985800	4.0
986000	2.0
986200	3.0
986400	2.0
986600	2.0
986800	3.0
987000	3.0
987200	4.0
987400	2.0
987600	4.0
987800	3.0
988000	2.0
988200	3.0
988400	1.0
988600	2.0
988800	1.0
989000	3.0
989200	3.0
989400	1.0
989600	3.0
989800	4.0
990000	4.0
990200	2.0
990400	3.0
990600	2.0
990800	4.0
991000	2.0
991200	3.0
991400	3.0
991600	2.0
991800	3.0
992000	4.0
992200	3.0
992400	2.0
992600	3.0
992800	3.0
993000	3.0
993200	2.0
993400	3.0
993600	4.0
993800	2.0
994000	4.0
994200	2.0
994400	3.0
994600	3.0
994800	2.0
995000	3.0
995200	3.0
995400	3.0
995600	2.0
995800	1.0
996000	1.0
996200	5.0
996400	3.0
996600	2.0
996800	3.0
997000	3.0
997200	4.0
997400	4.0
997600	4.0
997800	4.0
998000	4.0
998200	3.0
998400	3.0
998600	3.0
998800	5.0
999000	5.0
999200	3.0
999400	5.0
999600	3.0
999800	3.0
1000000	5.0
