200	0.0
400	0.0
600	0.0
800	0.0
1000	0.0
1200	0.0
1400	0.0
1600	1.0
1800	0.0
2000	0.0
2200	0.0
2400	0.0
2600	0.0
2800	0.0
3000	0.0
3200	0.0
3400	0.0
3600	0.0
3800	0.0
4000	0.0
4200	0.0
4400	0.0
4600	0.0
4800	0.0
5000	0.0
5200	0.0
5400	0.0
5600	0.0
5800	1.0
6000	0.0
6200	0.0
6400	0.0
6600	0.0
6800	0.0
7000	0.0
7200	0.0
7400	0.0
7600	1.0
7800	0.0
8000	0.0
8200	0.0
8400	0.0
8600	1.0
8800	0.0
9000	0.0
9200	0.0
9400	0.0
9600	0.0
9800	0.0
10000	0.0
10200	0.0
10400	1.0
10600	0.0
10800	0.0
11000	0.0
11200	0.0
11400	0.0
11600	0.0
11800	0.0
12000	0.0
12200	0.0
12400	0.0
12600	0.0
12800	0.0
13000	0.0
13200	0.0
13400	0.0
13600	0.0
13800	1.0
14000	0.0
14200	0.0
14400	0.0
14600	0.0
14800	0.0
15000	0.0
15200	0.0
15400	0.0
15600	0.0
15800	0.0
16000	0.0
16200	0.0
16400	0.0
16600	0.0
16800	0.0
17000	0.0
17200	0.0
17400	1.0
17600	0.0
17800	0.0
18000	0.0
18200	0.0
18400	0.0
18600	0.0
18800	1.0
19000	0.0
19200	0.0
19400	0.0
19600	0.0
19800	0.0
20000	0.0
20200	0.0
20400	0.0
20600	1.0
20800	0.0
21000	0.0
21200	0.0
21400	0.0
21600	0.0
21800	1.0
22000	0.0
22200	0.0
22400	0.0
22600	0.0
22800	0.0
23000	0.0
23200	0.0
23400	0.0
23600	0.0
23800	0.0
24000	1.0
24200	0.0
24400	0.0
24600	0.0
24800	0.0
25000	0.0
25200	0.0
25400	0.0
25600	0.0
25800	0.0
26000	0.0
26200	0.0
26400	0.0
26600	0.0
26800	0.0
27000	0.0
27200	0.0
27400	0.0
27600	0.0
27800	0.0
28000	0.0
28200	0.0
28400	1.0
28600	0.0
28800	0.0
29000	0.0
29200	0.0
29400	0.0
29600	0.0
29800	0.0
30000	0.0
30200	0.0
30400	0.0
30600	0.0
30800	1.0
31000	0.0
31200	0.0
31400	0.0
31600	0.0
31800	1.0
32000	0.0
32200	0.0
32400	0.0
32600	0.0
32800	0.0
33000	0.0
33200	0.0
33400	0.0
33600	0.0
33800	0.0
34000	0.0
34200	1.0
34400	0.0
34600	0.0
34800	0.0
35000	0.0
35200	0.0
35400	0.0
35600	0.0
35800	0.0
36000	0.0
36200	0.0
36400	0.0
36600	0.0
36800	0.0
37000	0.0
37200	0.0
37400	0.0
37600	0.0
37800	0.0
38000	0.0
38200	0.0
38400	0.0
38600	0.0
38800	0.0
39000	0.0
39200	0.0
39400	0.0
39600	0.0
39800	0.0
40000	1.0
40200	0.0
40400	0.0
40600	0.0
40800	0.0
41000	0.0
41200	0.0
41400	1.0
41600	0.0
41800	0.0
42000	0.0
42200	0.0
42400	0.0
42600	0.0
42800	1.0
43000	0.0
43200	0.0
43400	0.0
43600	0.0
43800	0.0
44000	0.0
44200	0.0
44400	0.0
44600	0.0
44800	0.0
45000	0.0
45200	0.0
45400	0.0
45600	0.0
45800	1.0
46000	0.0
46200	0.0
46400	0.0
46600	0.0
46800	0.0
47000	1.0
47200	0.0
47400	0.0
47600	0.0
47800	0.0
48000	0.0
48200	0.0
48400	0.0
48600	0.0
48800	0.0
49000	0.0
49200	0.0
49400	0.0
49600	0.0
49800	0.0
50000	0.0
50200	0.0
50400	0.0
50600	0.0
50800	0.0
51000	0.0
51200	0.0
51400	0.0
51600	0.0
51800	0.0
52000	0.0
52200	0.0
52400	0.0
52600	1.0
52800	0.0
53000	0.0
53200	0.0
53400	0.0
53600	0.0
53800	0.0
54000	1.0
54200	0.0
54400	0.0
54600	0.0
54800	0.0
55000	0.0
55200	0.0
55400	1.0
55600	0.0
55800	0.0
56000	0.0
56200	1.0
56400	0.0
56600	0.0
56800	0.0
57000	0.0
57200	0.0
57400	0.0
57600	0.0
57800	0.0
58000	0.0
58200	0.0
58400	1.0
58600	0.0
58800	0.0
59000	0.0
59200	0.0
59400	0.0
59600	0.0
59800	0.0
60000	1.0
60200	0.0
60400	1.0
60600	0.0
60800	0.0
61000	0.0
61200	0.0
61400	0.0
61600	0.0
61800	0.0
62000	0.0
62200	0.0
62400	0.0
62600	0.0
62800	0.0
63000	0.0
63200	0.0
63400	0.0
63600	0.0
63800	0.0
64000	0.0
64200	0.0
64400	0.0
64600	0.0
64800	0.0
65000	0.0
65200	0.0
65400	0.0
65600	0.0
65800	0.0
66000	0.0
66200	0.0
66400	0.0
66600	0.0
66800	0.0
67000	0.0
67200	0.0
67400	0.0
67600	0.0
67800	0.0
68000	0.0
68200	0.0
68400	0.0
68600	0.0
68800	0.0
69000	0.0
69200	0.0
69400	0.0
69600	0.0
69800	0.0
70000	0.0
70200	0.0
70400	0.0
70600	0.0
70800	0.0
71000	0.0
71200	1.0
71400	0.0
71600	0.0
71800	0.0
72000	0.0
72200	0.0
72400	0.0
72600	0.0
72800	0.0
73000	0.0
73200	0.0
73400	1.0
73600	0.0
73800	0.0
74000	1.0
74200	0.0
74400	0.0
74600	0.0
74800	0.0
75000	0.0
75200	0.0
75400	0.0
75600	0.0
75800	0.0
76000	0.0
76200	0.0
76400	0.0
76600	1.0
76800	0.0
77000	0.0
77200	0.0
77400	0.0
77600	0.0
77800	0.0
78000	1.0
78200	0.0
78400	0.0
78600	0.0
78800	0.0
79000	0.0
79200	0.0
79400	0.0
79600	0.0
79800	0.0
80000	0.0
80200	0.0
80400	0.0
80600	0.0
80800	1.0
81000	0.0
81200	0.0
81400	0.0
81600	0.0
81800	0.0
82000	0.0
82200	0.0
82400	0.0
82600	0.0
82800	0.0
83000	1.0
83200	0.0
83400	0.0
83600	0.0
83800	0.0
84000	1.0
84200	0.0
84400	1.0
84600	0.0
84800	0.0
85000	0.0
85200	0.0
85400	0.0
85600	0.0
85800	0.0
86000	0.0
86200	1.0
86400	0.0
86600	0.0
86800	0.0
87000	0.0
87200	0.0
87400	0.0
87600	0.0
87800	0.0
88000	1.0
88200	0.0
88400	0.0
88600	0.0
88800	0.0
89000	0.0
89200	0.0
89400	1.0
89600	0.0
89800	0.0
90000	0.0
90200	0.0
90400	0.0
90600	0.0
90800	0.0
91000	0.0
91200	0.0
91400	0.0
91600	0.0
91800	0.0
92000	0.0
92200	0.0
92400	1.0
92600	0.0
92800	0.0
93000	0.0
93200	0.0
93400	0.0
93600	1.0
93800	0.0
94000	0.0
94200	0.0
94400	0.0
94600	0.0
94800	0.0
95000	0.0
95200	0.0
95400	0.0
95600	0.0
95800	0.0
96000	0.0
96200	0.0
96400	0.0
96600	0.0
96800	0.0
97000	1.0
97200	0.0
97400	0.0
97600	0.0
97800	0.0
98000	0.0
98200	0.0
98400	0.0
98600	0.0
98800	0.0
99000	0.0
99200	0.0
99400	1.0
99600	0.0
99800	0.0
100000	0.0
100200	0.0
100400	0.0
100600	0.0
100800	0.0
101000	0.0
101200	0.0
101400	0.0
101600	0.0
101800	0.0
102000	0.0
102200	0.0
102400	0.0
102600	0.0
102800	0.0
103000	0.0
103200	0.0
103400	0.0
103600	0.0
103800	0.0
104000	1.0
104200	0.0
104400	0.0
104600	0.0
104800	0.0
105000	0.0
105200	0.0
105400	0.0
105600	0.0
105800	0.0
106000	0.0
106200	0.0
106400	1.0
106600	0.0
106800	0.0
107000	1.0
107200	0.0
107400	0.0
107600	0.0
107800	0.0
108000	0.0
108200	0.0
108400	0.0
108600	1.0
108800	0.0
109000	0.0
109200	0.0
109400	0.0
109600	0.0
109800	1.0
110000	0.0
110200	0.0
110400	0.0
110600	0.0
110800	0.0
111000	0.0
111200	0.0
111400	1.0
111600	0.0
111800	0.0
112000	1.0
112200	0.0
112400	0.0
112600	0.0
112800	0.0
113000	0.0
113200	1.0
113400	0.0
113600	0.0
113800	0.0
114000	0.0
114200	0.0
114400	0.0
114600	0.0
114800	0.0
115000	0.0
115200	0.0
115400	0.0
115600	0.0
115800	0.0
116000	0.0
116200	0.0
116400	0.0
116600	0.0
116800	0.0
117000	0.0
117200	0.0
117400	0.0
117600	1.0
117800	0.0
118000	0.0
118200	0.0
118400	0.0
118600	0.0
118800	0.0
119000	0.0
119200	0.0
119400	0.0
119600	0.0
119800	0.0
120000	0.0
120200	0.0
120400	0.0
120600	0.0
120800	1.0
121000	0.0
121200	0.0
121400	0.0
121600	0.0
121800	0.0
122000	0.0
122200	0.0
122400	0.0
122600	1.0
122800	0.0
123000	0.0
123200	0.0
123400	0.0
123600	0.0
123800	0.0
124000	0.0
124200	0.0
124400	0.0
124600	0.0
124800	0.0
125000	0.0
125200	0.0
125400	0.0
125600	0.0
125800	0.0
126000	0.0
126200	0.0
126400	0.0
126600	0.0
126800	0.0
127000	0.0
127200	0.0
127400	0.0
127600	0.0
127800	0.0
128000	0.0
128200	0.0
128400	0.0
128600	0.0
128800	0.0
129000	0.0
129200	0.0
129400	0.0
129600	0.0
129800	0.0
130000	0.0
130200	1.0
130400	0.0
130600	0.0
130800	0.0
131000	0.0
131200	0.0
131400	0.0
131600	0.0
131800	0.0
132000	0.0
132200	0.0
132400	0.0
132600	0.0
132800	0.0
133000	0.0
133200	0.0
133400	0.0
133600	0.0
133800	0.0
134000	0.0
134200	0.0
134400	0.0
134600	1.0
134800	0.0
135000	0.0
135200	1.0
135400	0.0
135600	0.0
135800	0.0
136000	0.0
136200	0.0
136400	0.0
136600	1.0
136800	0.0
137000	0.0
137200	0.0
137400	0.0
137600	0.0
137800	0.0
138000	0.0
138200	0.0
138400	0.0
138600	0.0
138800	0.0
139000	0.0
139200	0.0
139400	1.0
139600	0.0
139800	0.0
140000	0.0
140200	0.0
140400	0.0
140600	0.0
140800	0.0
141000	0.0
141200	0.0
141400	0.0
141600	1.0
141800	0.0
142000	0.0
142200	0.0
142400	0.0
142600	0.0
142800	1.0
143000	0.0
143200	0.0
143400	0.0
143600	0.0
143800	0.0
144000	0.0
144200	0.0
144400	0.0
144600	0.0
144800	0.0
145000	1.0
145200	0.0
145400	0.0
145600	1.0
145800	0.0
146000	0.0
146200	0.0
146400	0.0
146600	0.0
146800	0.0
147000	0.0
147200	0.0
147400	0.0
147600	0.0
147800	0.0
148000	0.0
148200	1.0
148400	0.0
148600	0.0
148800	0.0
149000	0.0
149200	0.0
149400	0.0
149600	0.0
149800	0.0
150000	0.0
150200	0.0
150400	0.0
150600	0.0
150800	1.0
151000	0.0
151200	0.0
151400	0.0
151600	0.0
151800	0.0
152000	0.0
152200	0.0
152400	0.0
152600	0.0
152800	0.0
153000	0.0
153200	0.0
153400	0.0
153600	0.0
153800	0.0
154000	0.0
154200	1.0
154400	0.0
154600	0.0
154800	0.0
155000	0.0
155200	1.0
155400	0.0
155600	0.0
155800	0.0
156000	0.0
156200	0.0
156400	0.0
156600	0.0
156800	0.0
157000	0.0
157200	0.0
157400	1.0
157600	0.0
157800	0.0
158000	0.0
158200	0.0
158400	0.0
158600	0.0
158800	0.0
159000	0.0
159200	0.0
159400	0.0
159600	0.0
159800	0.0
160000	0.0
160200	0.0
160400	1.0
160600	0.0
160800	0.0
161000	0.0
161200	0.0
161400	0.0
161600	0.0
161800	0.0
162000	0.0
162200	0.0
162400	0.0
162600	0.0
162800	0.0
163000	0.0
163200	0.0
163400	0.0
163600	0.0
163800	0.0
164000	0.0
164200	0.0
164400	0.0
164600	0.0
164800	0.0
165000	0.0
165200	0.0
165400	0.0
165600	0.0
165800	0.0
166000	0.0
166200	0.0
166400	1.0
166600	0.0
166800	0.0
167000	0.0
167200	0.0
167400	0.0
167600	0.0
167800	0.0
168000	0.0
168200	1.0
168400	0.0
168600	0.0
168800	0.0
169000	0.0
169200	1.0
169400	0.0
169600	0.0
169800	0.0
170000	0.0
170200	0.0
170400	0.0
170600	0.0
170800	0.0
171000	1.0
171200	0.0
171400	0.0
171600	0.0
171800	0.0
172000	0.0
172200	0.0
172400	0.0
172600	0.0
172800	0.0
173000	0.0
173200	0.0
173400	0.0
173600	0.0
173800	0.0
174000	1.0
174200	0.0
174400	0.0
174600	0.0
174800	0.0
175000	0.0
175200	0.0
175400	0.0
175600	0.0
175800	0.0
176000	0.0
176200	0.0
176400	0.0
176600	0.0
176800	0.0
177000	0.0
177200	0.0
177400	0.0
177600	0.0
177800	0.0
178000	0.0
178200	0.0
178400	0.0
178600	0.0
178800	0.0
179000	0.0
179200	0.0
179400	0.0
179600	0.0
179800	0.0
180000	0.0
180200	0.0
180400	0.0
180600	0.0
180800	0.0
181000	0.0
181200	0.0
181400	0.0
181600	0.0
181800	0.0
182000	0.0
182200	0.0
182400	0.0
182600	1.0
182800	0.0
183000	0.0
183200	0.0
183400	1.0
183600	0.0
183800	0.0
184000	0.0
184200	0.0
184400	0.0
184600	0.0
184800	0.0
185000	0.0
185200	0.0
185400	0.0
185600	0.0
185800	0.0
186000	0.0
186200	0.0
186400	0.0
186600	0.0
186800	0.0
187000	0.0
187200	0.0
187400	0.0
187600	1.0
187800	0.0
188000	0.0
188200	0.0
188400	0.0
188600	0.0
188800	0.0
189000	0.0
189200	0.0
189400	0.0
189600	0.0
189800	0.0
190000	0.0
190200	0.0
190400	0.0
190600	0.0
190800	0.0
191000	0.0
191200	0.0
191400	0.0
191600	0.0
191800	0.0
192000	0.0
192200	0.0
192400	0.0
192600	0.0
192800	0.0
193000	0.0
193200	1.0
193400	0.0
193600	0.0
193800	0.0
194000	0.0
194200	0.0
194400	0.0
194600	0.0
194800	0.0
195000	0.0
195200	0.0
195400	0.0
195600	0.0
195800	1.0
196000	0.0
196200	0.0
196400	0.0
196600	0.0
196800	0.0
197000	1.0
197200	0.0
197400	0.0
197600	0.0
197800	0.0
198000	0.0
198200	1.0
198400	0.0
198600	0.0
198800	0.0
199000	0.0
199200	0.0
199400	0.0
199600	1.0
199800	0.0
200000	0.0
200200	0.0
200400	0.0
200600	0.0
200800	0.0
201000	0.0
201200	0.0
201400	0.0
201600	0.0
201800	0.0
202000	0.0
202200	0.0
202400	0.0
202600	0.0
202800	0.0
203000	0.0
203200	0.0
203400	0.0
203600	0.0
203800	0.0
204000	0.0
204200	0.0
204400	0.0
204600	0.0
204800	0.0
205000	0.0
205200	0.0
205400	0.0
205600	0.0
205800	0.0
206000	0.0
206200	0.0
206400	0.0
206600	0.0
206800	0.0
207000	0.0
207200	0.0
207400	0.0
207600	0.0
207800	1.0
208000	0.0
208200	1.0
208400	0.0
208600	0.0
208800	0.0
209000	0.0
209200	0.0
209400	0.0
209600	1.0
209800	0.0
210000	0.0
210200	0.0
210400	0.0
210600	0.0
210800	0.0
211000	0.0
211200	0.0
211400	0.0
211600	1.0
211800	0.0
212000	0.0
212200	0.0
212400	0.0
212600	0.0
212800	0.0
213000	0.0
213200	0.0
213400	0.0
213600	0.0
213800	0.0
214000	0.0
214200	0.0
214400	0.0
214600	0.0
214800	0.0
215000	0.0
215200	0.0
215400	0.0
215600	0.0
215800	1.0
216000	0.0
216200	0.0
216400	0.0
216600	0.0
216800	0.0
217000	1.0
217200	0.0
217400	0.0
217600	0.0
217800	0.0
218000	0.0
218200	0.0
218400	0.0
218600	0.0
218800	0.0
219000	0.0
219200	0.0
219400	0.0
219600	0.0
219800	0.0
220000	0.0
220200	0.0
220400	0.0
220600	0.0
220800	0.0
221000	0.0
221200	1.0
221400	0.0
221600	0.0
221800	0.0
222000	0.0
222200	0.0
222400	0.0
222600	0.0
222800	0.0
223000	0.0
223200	0.0
223400	0.0
223600	0.0
223800	0.0
224000	0.0
224200	0.0
224400	0.0
224600	0.0
224800	0.0
225000	0.0
225200	0.0
225400	0.0
225600	0.0
225800	0.0
226000	1.0
226200	0.0
226400	0.0
226600	0.0
226800	0.0
227000	0.0
227200	0.0
227400	0.0
227600	0.0
227800	0.0
228000	0.0
228200	0.0
228400	0.0
228600	0.0
228800	0.0
229000	0.0
229200	0.0
229400	0.0
229600	0.0
229800	0.0
230000	0.0
230200	0.0
230400	0.0
230600	1.0
230800	0.0
231000	0.0
231200	0.0
231400	0.0
231600	0.0
231800	0.0
232000	0.0
232200	0.0
232400	0.0
232600	0.0
232800	1.0
233000	0.0
233200	0.0
233400	0.0
233600	0.0
233800	0.0
234000	0.0
234200	0.0
234400	0.0
234600	0.0
234800	0.0
235000	0.0
235200	0.0
235400	0.0
235600	0.0
235800	0.0
236000	0.0
236200	0.0
236400	0.0
236600	0.0
236800	0.0
237000	1.0
237200	0.0
237400	0.0
237600	0.0
237800	0.0
238000	0.0
238200	1.0
238400	0.0
238600	1.0
238800	0.0
239000	0.0
239200	0.0
239400	0.0
239600	0.0
239800	0.0
240000	0.0
240200	0.0
240400	0.0
240600	0.0
240800	0.0
241000	0.0
241200	0.0
241400	0.0
241600	1.0
241800	0.0
242000	0.0
242200	0.0
242400	0.0
242600	0.0
242800	0.0
243000	0.0
243200	0.0
243400	0.0
243600	0.0
243800	0.0
244000	0.0
244200	0.0
244400	1.0
244600	0.0
244800	0.0
245000	0.0
245200	0.0
245400	0.0
245600	0.0
245800	0.0
246000	0.0
246200	0.0
246400	0.0
246600	0.0
246800	0.0
247000	0.0
247200	0.0
247400	0.0
247600	0.0
247800	0.0
248000	0.0
248200	0.0
248400	0.0
248600	0.0
248800	0.0
249000	0.0
249200	0.0
249400	0.0
249600	0.0
249800	0.0
250000	0.0
250200	0.0
250400	0.0
250600	0.0
250800	0.0
251000	0.0
251200	0.0
251400	0.0
251600	0.0
251800	0.0
252000	0.0
252200	0.0
252400	0.0
252600	0.0
252800	0.0
253000	0.0
253200	0.0
253400	0.0
253600	0.0
253800	0.0
254000	0.0
254200	0.0
254400	0.0
254600	0.0
254800	0.0
255000	0.0
255200	0.0
255400	0.0
255600	0.0
255800	0.0
256000	0.0
256200	0.0
256400	0.0
256600	0.0
256800	0.0
257000	0.0
257200	0.0
257400	0.0
257600	0.0
257800	0.0
258000	0.0
258200	0.0
258400	0.0
258600	0.0
258800	0.0
259000	0.0
259200	0.0
259400	0.0
259600	0.0
259800	0.0
260000	0.0
260200	0.0
260400	0.0
260600	0.0
260800	0.0
261000	0.0
261200	0.0
261400	0.0
261600	1.0
261800	0.0
262000	0.0
262200	0.0
262400	0.0
262600	0.0
262800	1.0
263000	0.0
263200	0.0
263400	0.0
263600	0.0
263800	0.0
264000	1.0
264200	0.0
264400	0.0
264600	0.0
264800	0.0
265000	0.0
265200	0.0
265400	1.0
265600	0.0
265800	0.0
266000	0.0
266200	0.0
266400	0.0
266600	0.0
266800	0.0
267000	1.0
267200	1.0
267400	0.0
267600	0.0
267800	1.0
268000	0.0
268200	0.0
268400	0.0
268600	0.0
268800	0.0
269000	0.0
269200	0.0
269400	0.0
269600	0.0
269800	0.0
270000	0.0
270200	0.0
270400	1.0
270600	0.0
270800	0.0
271000	0.0
271200	0.0
271400	0.0
271600	0.0
271800	0.0
272000	0.0
272200	0.0
272400	0.0
272600	0.0
272800	0.0
273000	0.0
273200	0.0
273400	0.0
273600	0.0
273800	1.0
274000	0.0
274200	0.0
274400	0.0
274600	0.0
274800	0.0
275000	0.0
275200	0.0
275400	0.0
275600	0.0
275800	0.0
276000	0.0
276200	0.0
276400	0.0
276600	0.0
276800	0.0
277000	0.0
277200	0.0
277400	0.0
277600	0.0
277800	0.0
278000	0.0
278200	0.0
278400	0.0
278600	0.0
278800	1.0
279000	0.0
279200	0.0
279400	0.0
279600	1.0
279800	0.0
280000	0.0
280200	0.0
280400	1.0
280600	0.0
280800	0.0
281000	0.0
281200	0.0
281400	0.0
281600	0.0
281800	0.0
282000	0.0
282200	0.0
282400	0.0
282600	0.0
282800	0.0
283000	0.0
283200	0.0
283400	0.0
283600	0.0
283800	0.0
284000	1.0
284200	0.0
284400	0.0
284600	0.0
284800	0.0
285000	0.0
285200	0.0
285400	1.0
285600	0.0
285800	0.0
286000	0.0
286200	0.0
286400	0.0
286600	0.0
286800	0.0
287000	0.0
287200	0.0
287400	0.0
287600	0.0
287800	1.0
288000	0.0
288200	0.0
288400	0.0
288600	0.0
288800	0.0
289000	0.0
289200	0.0
289400	1.0
289600	0.0
289800	0.0
290000	0.0
290200	0.0
290400	0.0
290600	0.0
290800	0.0
291000	0.0
291200	0.0
291400	1.0
291600	0.0
291800	0.0
292000	0.0
292200	0.0
292400	0.0
292600	0.0
292800	0.0
293000	0.0
293200	0.0
293400	0.0
293600	0.0
293800	0.0
294000	0.0
294200	0.0
294400	0.0
294600	0.0
294800	0.0
295000	0.0
295200	0.0
295400	1.0
295600	0.0
295800	0.0
296000	0.0
296200	0.0
296400	1.0
296600	0.0
296800	0.0
297000	0.0
297200	0.0
297400	0.0
297600	0.0
297800	0.0
298000	0.0
298200	0.0
298400	0.0
298600	0.0
298800	0.0
299000	0.0
299200	0.0
299400	1.0
299600	0.0
299800	0.0
300000	0.0
300200	0.0
300400	0.0
300600	1.0
300800	0.0
301000	0.0
301200	0.0
301400	0.0
301600	1.0
301800	0.0
302000	0.0
302200	0.0
302400	0.0
302600	0.0
302800	0.0
303000	0.0
303200	0.0
303400	0.0
303600	0.0
303800	0.0
304000	0.0
304200	0.0
304400	0.0
304600	0.0
304800	0.0
305000	1.0
305200	0.0
305400	0.0
305600	0.0
305800	0.0
306000	1.0
306200	0.0
306400	0.0
306600	0.0
306800	0.0
307000	0.0
307200	0.0
307400	0.0
307600	0.0
307800	1.0
308000	0.0
308200	0.0
308400	0.0
308600	0.0
308800	0.0
309000	0.0
309200	0.0
309400	0.0
309600	1.0
309800	0.0
310000	0.0
310200	0.0
310400	0.0
310600	0.0
310800	0.0
311000	0.0
311200	0.0
311400	0.0
311600	0.0
311800	0.0
312000	0.0
312200	0.0
312400	0.0
312600	0.0
312800	0.0
313000	1.0
313200	0.0
313400	0.0
313600	1.0
313800	0.0
314000	0.0
314200	0.0
314400	1.0
314600	0.0
314800	0.0
315000	0.0
315200	0.0
315400	0.0
315600	0.0
315800	0.0
316000	0.0
316200	0.0
316400	0.0
316600	0.0
316800	0.0
317000	1.0
317200	0.0
317400	0.0
317600	0.0
317800	0.0
318000	0.0
318200	0.0
318400	0.0
318600	0.0
318800	0.0
319000	1.0
319200	0.0
319400	0.0
319600	0.0
319800	0.0
320000	0.0
320200	0.0
320400	0.0
320600	0.0
320800	0.0
321000	0.0
321200	0.0
321400	0.0
321600	0.0
321800	0.0
322000	0.0
322200	0.0
322400	0.0
322600	0.0
322800	0.0
323000	0.0
323200	0.0
323400	0.0
323600	0.0
323800	0.0
324000	0.0
324200	0.0
324400	0.0
324600	0.0
324800	0.0
325000	0.0
325200	0.0
325400	0.0
325600	0.0
325800	0.0
326000	0.0
326200	0.0
326400	0.0
326600	0.0
326800	1.0
327000	0.0
327200	0.0
327400	0.0
327600	0.0
327800	0.0
328000	0.0
328200	0.0
328400	0.0
328600	0.0
328800	0.0
329000	0.0
329200	0.0
329400	0.0
329600	0.0
329800	0.0
330000	0.0
330200	0.0
330400	0.0
330600	1.0
330800	0.0
331000	0.0
331200	0.0
331400	0.0
331600	0.0
331800	0.0
332000	0.0
332200	1.0
332400	0.0
332600	0.0
332800	0.0
333000	0.0
333200	0.0
333400	1.0
333600	0.0
333800	0.0
334000	0.0
334200	0.0
334400	0.0
334600	0.0
334800	0.0
335000	0.0
335200	0.0
335400	1.0
335600	0.0
335800	0.0
336000	0.0
336200	0.0
336400	0.0
336600	0.0
336800	0.0
337000	1.0
337200	0.0
337400	0.0
337600	0.0
337800	0.0
338000	0.0
338200	1.0
338400	0.0
338600	0.0
338800	0.0
339000	0.0
339200	0.0
339400	0.0
339600	0.0
339800	0.0
340000	0.0
340200	1.0
340400	0.0
340600	0.0
340800	0.0
341000	0.0
341200	0.0
341400	0.0
341600	0.0
341800	0.0
342000	0.0
342200	0.0
342400	0.0
342600	0.0
342800	0.0
343000	0.0
343200	0.0
343400	0.0
343600	0.0
343800	0.0
344000	1.0
344200	0.0
344400	0.0
344600	0.0
344800	0.0
345000	0.0
345200	0.0
345400	0.0
345600	0.0
345800	0.0
346000	0.0
346200	0.0
346400	0.0
346600	0.0
346800	1.0
347000	0.0
347200	0.0
347400	0.0
347600	0.0
347800	0.0
348000	0.0
348200	0.0
348400	0.0
348600	0.0
348800	0.0
349000	0.0
349200	1.0
349400	0.0
349600	0.0
349800	0.0
350000	0.0
350200	1.0
350400	0.0
350600	0.0
350800	0.0
351000	0.0
351200	0.0
351400	1.0
351600	0.0
351800	0.0
352000	0.0
352200	0.0
352400	0.0
352600	0.0
352800	0.0
353000	0.0
353200	0.0
353400	1.0
353600	0.0
353800	0.0
354000	0.0
354200	0.0
354400	0.0
354600	0.0
354800	0.0
355000	0.0
355200	0.0
355400	0.0
355600	0.0
355800	0.0
356000	0.0
356200	0.0
356400	1.0
356600	0.0
356800	0.0
357000	0.0
357200	0.0
357400	0.0
357600	1.0
357800	0.0
358000	0.0
358200	0.0
358400	0.0
358600	0.0
358800	0.0
359000	0.0
359200	0.0
359400	0.0
359600	0.0
359800	0.0
360000	0.0
360200	0.0
360400	0.0
360600	0.0
360800	0.0
361000	0.0
361200	0.0
361400	0.0
361600	0.0
361800	0.0
362000	0.0
362200	0.0
362400	0.0
362600	1.0
362800	0.0
363000	0.0
363200	0.0
363400	0.0
363600	0.0
363800	0.0
364000	0.0
364200	0.0
364400	0.0
364600	1.0
364800	1.0
365000	0.0
365200	0.0
365400	0.0
365600	0.0
365800	0.0
366000	0.0
366200	0.0
366400	0.0
366600	0.0
366800	0.0
367000	0.0
367200	0.0
367400	0.0
367600	0.0
367800	0.0
368000	0.0
368200	0.0
368400	0.0
368600	0.0
368800	0.0
369000	0.0
369200	0.0
369400	0.0
369600	0.0
369800	0.0
370000	0.0
370200	0.0
370400	0.0
370600	1.0
370800	0.0
371000	0.0
371200	0.0
371400	0.0
371600	1.0
371800	0.0
372000	0.0
372200	0.0
372400	0.0
372600	0.0
372800	1.0
373000	0.0
373200	0.0
373400	0.0
373600	0.0
373800	0.0
374000	0.0
374200	0.0
374400	0.0
374600	0.0
374800	0.0
375000	0.0
375200	0.0
375400	0.0
375600	0.0
375800	1.0
376000	0.0
376200	0.0
376400	0.0
376600	0.0
376800	0.0
377000	0.0
377200	0.0
377400	0.0
377600	0.0
377800	0.0
378000	0.0
378200	0.0
378400	0.0
378600	0.0
378800	0.0
379000	0.0
379200	0.0
379400	0.0
379600	0.0
379800	0.0
380000	0.0
380200	0.0
380400	0.0
380600	0.0
380800	0.0
381000	0.0
381200	0.0
381400	0.0
381600	0.0
381800	0.0
382000	0.0
382200	1.0
382400	0.0
382600	0.0
382800	0.0
383000	0.0
383200	0.0
383400	0.0
383600	0.0
383800	0.0
384000	0.0
384200	0.0
384400	0.0
384600	0.0
384800	0.0
385000	0.0
385200	0.0
385400	0.0
385600	0.0
385800	0.0
386000	0.0
386200	0.0
386400	0.0
386600	0.0
386800	0.0
387000	0.0
387200	0.0
387400	0.0
387600	0.0
387800	0.0
388000	0.0
388200	0.0
388400	0.0
388600	0.0
388800	0.0
389000	0.0
389200	0.0
389400	0.0
389600	0.0
389800	0.0
390000	0.0
390200	0.0
390400	0.0
390600	0.0
390800	0.0
391000	0.0
391200	0.0
391400	0.0
391600	0.0
391800	0.0
392000	0.0
392200	0.0
392400	0.0
392600	0.0
392800	0.0
393000	0.0
393200	1.0
393400	0.0
393600	0.0
393800	0.0
394000	0.0
394200	1.0
394400	0.0
394600	0.0
394800	0.0
395000	0.0
395200	1.0
395400	0.0
395600	0.0
395800	0.0
396000	0.0
396200	0.0
396400	0.0
396600	0.0
396800	0.0
397000	0.0
397200	1.0
397400	0.0
397600	0.0
397800	0.0
398000	0.0
398200	0.0
398400	0.0
398600	0.0
398800	0.0
399000	0.0
399200	0.0
399400	0.0
399600	0.0
399800	0.0
400000	0.0
400200	0.0
400400	0.0
400600	0.0
400800	0.0
401000	0.0
401200	0.0
401400	0.0
401600	0.0
401800	0.0
402000	0.0
402200	0.0
402400	0.0
402600	0.0
402800	0.0
403000	0.0
403200	0.0
403400	0.0
403600	0.0
403800	0.0
404000	0.0
404200	0.0
404400	0.0
404600	0.0
404800	0.0
405000	0.0
405200	0.0
405400	1.0
405600	0.0
405800	0.0
406000	0.0
406200	0.0
406400	0.0
406600	0.0
406800	0.0
407000	0.0
407200	0.0
407400	0.0
407600	0.0
407800	0.0
408000	0.0
408200	0.0
408400	0.0
408600	0.0
408800	0.0
409000	0.0
409200	0.0
409400	0.0
409600	0.0
409800	0.0
410000	0.0
410200	1.0
410400	0.0
410600	0.0
410800	0.0
411000	0.0
411200	0.0
411400	0.0
411600	0.0
411800	0.0
412000	0.0
412200	0.0
412400	0.0
412600	0.0
412800	0.0
413000	0.0
413200	0.0
413400	0.0
413600	0.0
413800	1.0
414000	0.0
414200	0.0
414400	0.0
414600	0.0
414800	0.0
415000	0.0
415200	0.0
415400	0.0
415600	0.0
415800	0.0
416000	0.0
416200	0.0
416400	0.0
416600	0.0
416800	0.0
417000	0.0
417200	1.0
417400	0.0
417600	0.0
417800	0.0
418000	0.0
418200	0.0
418400	0.0
418600	1.0
418800	0.0
419000	0.0
419200	0.0
419400	0.0
419600	0.0
419800	0.0
420000	0.0
420200	1.0
420400	0.0
420600	1.0
420800	0.0
421000	0.0
421200	0.0
421400	0.0
421600	0.0
421800	0.0
422000	0.0
422200	0.0
422400	1.0
422600	0.0
422800	0.0
423000	0.0
423200	0.0
423400	0.0
423600	0.0
423800	0.0
424000	0.0
424200	1.0
424400	0.0
424600	0.0
424800	0.0
425000	0.0
425200	0.0
425400	0.0
425600	0.0
425800	0.0
426000	0.0
426200	0.0
426400	0.0
426600	0.0
426800	1.0
427000	0.0
427200	0.0
427400	0.0
427600	0.0
427800	0.0
428000	0.0
428200	1.0
428400	0.0
428600	0.0
428800	0.0
429000	0.0
429200	0.0
429400	0.0
429600	0.0
429800	0.0
430000	0.0
430200	1.0
430400	0.0
430600	0.0
430800	0.0
431000	0.0
431200	0.0
431400	0.0
431600	0.0
431800	0.0
432000	0.0
432200	0.0
432400	0.0
432600	0.0
432800	0.0
433000	0.0
433200	0.0
433400	0.0
433600	0.0
433800	0.0
434000	0.0
434200	0.0
434400	0.0
434600	0.0
434800	0.0
435000	0.0
435200	0.0
435400	0.0
435600	0.0
435800	0.0
436000	0.0
436200	0.0
436400	0.0
436600	0.0
436800	1.0
437000	1.0
437200	0.0
437400	0.0
437600	0.0
437800	0.0
438000	0.0
438200	1.0
438400	2.0
438600	2.0
438800	0.0
439000	1.0
439200	0.0
439400	2.0
439600	3.0
439800	0.0
440000	2.0
440200	2.0
440400	2.0
440600	0.0
440800	0.0
441000	0.0
441200	0.0
441400	0.0
441600	0.0
441800	0.0
442000	0.0
442200	1.0
442400	4.0
442600	2.0
442800	2.0
443000	2.0
443200	3.0
443400	3.0
443600	3.0
443800	1.0
444000	0.0
444200	0.0
444400	0.0
444600	3.0
444800	3.0
445000	3.0
445200	1.0
445400	4.0
445600	2.0
445800	3.0
446000	2.0
446200	0.0
446400	0.0
446600	0.0
446800	0.0
447000	0.0
447200	2.0
447400	3.0
447600	2.0
447800	0.0
448000	0.0
448200	0.0
448400	3.0
448600	0.0
448800	0.0
449000	0.0
449200	0.0
449400	0.0
449600	0.0
449800	0.0
450000	0.0
450200	2.0
450400	3.0
450600	1.0
450800	2.0
451000	3.0
451200	2.0
451400	2.0
451600	3.0
451800	1.0
452000	2.0
452200	2.0
452400	3.0
452600	1.0
452800	0.0
453000	0.0
453200	1.0
453400	2.0
453600	1.0
453800	0.0
454000	3.0
454200	0.0
454400	2.0
454600	2.0
454800	0.0
455000	0.0
455200	0.0
455400	0.0
455600	0.0
455800	1.0
456000	3.0
456200	3.0
456400	2.0
456600	2.0
456800	1.0
457000	3.0
457200	4.0
457400	2.0
457600	2.0
457800	0.0
458000	1.0
458200	0.0
458400	1.0
458600	0.0
458800	0.0
459000	2.0
459200	2.0
459400	2.0
459600	3.0
459800	2.0
460000	3.0
460200	3.0
460400	3.0
460600	2.0
460800	2.0
461000	2.0
461200	1.0
461400	3.0
461600	2.0
461800	4.0
462000	2.0
462200	2.0
462400	0.0
462600	0.0
462800	0.0
463000	0.0
463200	0.0
463400	2.0
463600	2.0
463800	2.0
464000	2.0
464200	3.0
464400	1.0
464600	1.0
464800	0.0
465000	2.0
465200	2.0
465400	2.0
465600	0.0
465800	2.0
466000	3.0
466200	0.0
466400	0.0
466600	0.0
466800	0.0
467000	0.0
467200	0.0
467400	0.0
467600	0.0
467800	0.0
468000	0.0
468200	0.0
468400	1.0
468600	3.0
468800	4.0
469000	3.0
469200	0.0
469400	0.0
469600	0.0
469800	0.0
470000	2.0
470200	3.0
470400	3.0
470600	3.0
470800	1.0
471000	0.0
471200	0.0
471400	0.0
471600	2.0
471800	0.0
472000	0.0
472200	2.0
472400	2.0
472600	1.0
472800	2.0
473000	1.0
473200	1.0
473400	2.0
473600	0.0
473800	0.0
474000	0.0
474200	0.0
474400	0.0
474600	0.0
474800	0.0
475000	0.0
475200	0.0
475400	1.0
475600	2.0
475800	3.0
476000	1.0
476200	2.0
476400	2.0
476600	3.0
476800	3.0
477000	0.0
477200	3.0
477400	2.0
477600	2.0
477800	2.0
478000	3.0
478200	0.0
478400	3.0
478600	2.0
478800	3.0
479000	3.0
479200	2.0
479400	3.0
479600	3.0
479800	3.0
480000	0.0
480200	2.0
480400	2.0
480600	1.0
480800	2.0
481000	3.0
481200	3.0
481400	2.0
481600	3.0
481800	3.0
482000	2.0
482200	1.0
482400	0.0
482600	2.0
482800	2.0
483000	2.0
483200	3.0
483400	1.0
483600	1.0
483800	3.0
484000	1.0
484200	1.0
484400	3.0
484600	3.0
484800	2.0
485000	2.0
485200	2.0
485400	2.0
485600	3.0
485800	3.0
486000	2.0
486200	3.0
486400	2.0
486600	2.0
486800	1.0
487000	0.0
487200	0.0
487400	2.0
487600	1.0
487800	0.0
488000	0.0
488200	0.0
488400	3.0
488600	3.0
488800	2.0
489000	3.0
489200	1.0
489400	4.0
489600	2.0
489800	2.0
490000	0.0
490200	0.0
490400	2.0
490600	1.0
490800	1.0
491000	0.0
491200	1.0
491400	2.0
491600	2.0
491800	2.0
492000	3.0
492200	1.0
492400	0.0
492600	2.0
492800	0.0
493000	3.0
493200	2.0
493400	3.0
493600	2.0
493800	2.0
494000	4.0
494200	3.0
494400	2.0
494600	3.0
494800	3.0
495000	2.0
495200	0.0
495400	3.0
495600	1.0
495800	2.0
496000	3.0
496200	1.0
496400	0.0
496600	0.0
496800	0.0
497000	3.0
497200	2.0
497400	2.0
497600	0.0
497800	3.0
498000	2.0
498200	2.0
498400	3.0
498600	4.0
498800	2.0
499000	3.0
499200	2.0
499400	0.0
499600	3.0
499800	2.0
500000	1.0
500200	1.0
500400	3.0
500600	1.0
500800	0.0
501000	0.0
501200	1.0
501400	3.0
501600	2.0
501800	3.0
502000	3.0
502200	1.0
502400	0.0
502600	2.0
502800	2.0
503000	0.0
503200	1.0
503400	2.0
503600	0.0
503800	1.0
504000	3.0
504200	2.0
504400	1.0
504600	1.0
504800	3.0
505000	3.0
505200	0.0
505400	2.0
505600	2.0
505800	2.0
506000	3.0
506200	0.0
506400	1.0
506600	0.0
506800	0.0
507000	0.0
507200	0.0
507400	2.0
507600	3.0
507800	1.0
508000	0.0
508200	0.0
508400	0.0
508600	0.0
508800	0.0
509000	0.0
509200	0.0
509400	0.0
509600	2.0
509800	3.0
510000	2.0
510200	4.0
510400	3.0
510600	2.0
510800	2.0
511000	0.0
511200	1.0
511400	1.0
511600	0.0
511800	2.0
512000	2.0
512200	3.0
512400	4.0
512600	2.0
512800	0.0
513000	0.0
513200	0.0
513400	0.0
513600	0.0
513800	0.0
514000	3.0
514200	3.0
514400	3.0
514600	2.0
514800	0.0
515000	0.0
515200	0.0
515400	0.0
515600	3.0
515800	0.0
516000	3.0
516200	1.0
516400	1.0
516600	1.0
516800	0.0
517000	0.0
517200	0.0
517400	0.0
517600	1.0
517800	3.0
518000	3.0
518200	2.0
518400	2.0
518600	2.0
518800	3.0
519000	2.0
519200	3.0
519400	2.0
519600	2.0
519800	0.0
520000	2.0
520200	0.0
520400	0.0
520600	1.0
520800	3.0
521000	3.0
521200	1.0
521400	2.0
521600	0.0
521800	2.0
522000	3.0
522200	2.0
522400	2.0
522600	2.0
522800	2.0
523000	0.0
523200	0.0
523400	0.0
523600	2.0
523800	2.0
524000	3.0
524200	3.0
524400	2.0
524600	1.0
524800	2.0
525000	2.0
525200	1.0
525400	3.0
525600	1.0
525800	1.0
526000	0.0
526200	0.0
526400	3.0
526600	2.0
526800	0.0
527000	2.0
527200	2.0
527400	0.0
527600	0.0
527800	1.0
528000	2.0
528200	2.0
528400	2.0
528600	2.0
528800	2.0
529000	2.0
529200	3.0
529400	2.0
529600	3.0
529800	3.0
530000	3.0
530200	2.0
530400	0.0
530600	3.0
530800	2.0
531000	0.0
531200	0.0
531400	0.0
531600	0.0
531800	1.0
532000	2.0
532200	2.0
532400	2.0
532600	0.0
532800	3.0
533000	2.0
533200	3.0
533400	2.0
533600	0.0
533800	0.0
534000	0.0
534200	0.0
534400	0.0
534600	1.0
534800	2.0
535000	1.0
535200	0.0
535400	1.0
535600	3.0
535800	2.0
536000	2.0
536200	2.0
536400	3.0
536600	2.0
536800	3.0
537000	3.0
537200	2.0
537400	0.0
537600	0.0
537800	1.0
538000	3.0
538200	2.0
538400	3.0
538600	0.0
538800	1.0
539000	0.0
539200	1.0
539400	3.0
539600	2.0
539800	0.0
540000	3.0
540200	2.0
540400	2.0
540600	3.0
540800	2.0
541000	2.0
541200	2.0
541400	1.0
541600	0.0
541800	2.0
542000	2.0
542200	0.0
542400	3.0
542600	3.0
542800	0.0
543000	0.0
543200	2.0
543400	3.0
543600	3.0
543800	2.0
544000	0.0
544200	0.0
544400	2.0
544600	3.0
544800	2.0
545000	1.0
545200	0.0
545400	0.0
545600	0.0
545800	0.0
546000	0.0
546200	2.0
546400	0.0
546600	1.0
546800	2.0
547000	1.0
547200	3.0
547400	2.0
547600	3.0
547800	2.0
548000	2.0
548200	2.0
548400	2.0
548600	2.0
548800	3.0
549000	2.0
549200	2.0
549400	3.0
549600	0.0
549800	2.0
550000	2.0
550200	0.0
550400	3.0
550600	3.0
550800	2.0
551000	3.0
551200	3.0
551400	2.0
551600	2.0
551800	1.0
552000	2.0
552200	3.0
552400	1.0
552600	1.0
552800	1.0
553000	3.0
553200	1.0
553400	2.0
553600	2.0
553800	1.0
554000	2.0
554200	3.0
554400	2.0
554600	3.0
554800	2.0
555000	0.0
555200	0.0
555400	0.0
555600	1.0
555800	2.0
556000	0.0
556200	2.0
556400	2.0
556600	0.0
556800	1.0
557000	3.0
557200	0.0
557400	0.0
557600	2.0
557800	2.0
558000	2.0
558200	3.0
558400	2.0
558600	2.0
558800	3.0
559000	2.0
559200	3.0
559400	2.0
559600	3.0
559800	3.0
560000	3.0
560200	0.0
560400	1.0
560600	2.0
560800	2.0
561000	3.0
561200	1.0
561400	3.0
561600	3.0
561800	3.0
562000	1.0
562200	3.0
562400	2.0
562600	2.0
562800	2.0
563000	3.0
563200	2.0
563400	3.0
563600	3.0
563800	2.0
564000	2.0
564200	2.0
564400	2.0
564600	3.0
564800	3.0
565000	2.0
565200	2.0
565400	0.0
565600	3.0
565800	3.0
566000	4.0
566200	1.0
566400	1.0
566600	2.0
566800	3.0
567000	3.0
567200	4.0
567400	3.0
567600	1.0
567800	1.0
568000	3.0
568200	1.0
568400	2.0
568600	2.0
568800	3.0
569000	2.0
569200	2.0
569400	2.0
569600	3.0
569800	3.0
570000	2.0
570200	3.0
570400	3.0
570600	0.0
570800	1.0
571000	1.0
571200	0.0
571400	2.0
571600	2.0
571800	2.0
572000	2.0
572200	2.0
572400	2.0
572600	3.0
572800	3.0
573000	2.0
573200	0.0
573400	2.0
573600	2.0
573800	3.0
574000	3.0
574200	1.0
574400	2.0
574600	3.0
574800	3.0
575000	0.0
575200	2.0
575400	0.0
575600	3.0
575800	2.0
576000	0.0
576200	2.0
576400	3.0
576600	3.0
576800	0.0
577000	0.0
577200	1.0
577400	0.0
577600	0.0
577800	0.0
578000	2.0
578200	1.0
578400	0.0
578600	0.0
578800	0.0
579000	1.0
579200	2.0
579400	3.0
579600	3.0
579800	3.0
580000	4.0
580200	2.0
580400	1.0
580600	0.0
580800	0.0
581000	1.0
581200	3.0
581400	3.0
581600	2.0
581800	2.0
582000	2.0
582200	3.0
582400	2.0
582600	2.0
582800	1.0
583000	0.0
583200	0.0
583400	0.0
583600	3.0
583800	2.0
584000	3.0
584200	1.0
584400	2.0
584600	0.0
584800	1.0
585000	3.0
585200	2.0
585400	2.0
585600	1.0
585800	1.0
586000	3.0
586200	2.0
586400	0.0
586600	2.0
586800	0.0
587000	3.0
587200	3.0
587400	1.0
587600	0.0
587800	0.0
588000	0.0
588200	1.0
588400	0.0
588600	0.0
588800	1.0
589000	1.0
589200	2.0
589400	4.0
589600	2.0
589800	3.0
590000	0.0
590200	0.0
590400	3.0
590600	2.0
590800	1.0
591000	0.0
591200	2.0
591400	4.0
591600	2.0
591800	2.0
592000	2.0
592200	2.0
592400	2.0
592600	1.0
592800	0.0
593000	2.0
593200	2.0
593400	2.0
593600	0.0
593800	0.0
594000	2.0
594200	3.0
594400	2.0
594600	2.0
594800	3.0
595000	3.0
595200	3.0
595400	0.0
595600	2.0
595800	1.0
596000	1.0
596200	2.0
596400	3.0
596600	1.0
596800	0.0
597000	2.0
597200	4.0
597400	2.0
597600	0.0
597800	0.0
598000	3.0
598200	2.0
598400	3.0
598600	2.0
598800	2.0
599000	2.0
599200	2.0
599400	2.0
599600	2.0
599800	2.0
600000	3.0
600200	3.0
600400	2.0
600600	3.0
600800	2.0
601000	2.0
601200	3.0
601400	1.0
601600	2.0
601800	3.0
602000	1.0
602200	3.0
602400	3.0
602600	1.0
602800	1.0
603000	1.0
603200	2.0
603400	1.0
603600	0.0
603800	0.0
604000	1.0
604200	0.0
604400	0.0
604600	0.0
604800	3.0
605000	1.0
605200	0.0
605400	0.0
605600	0.0
605800	0.0
606000	0.0
606200	0.0
606400	3.0
606600	1.0
606800	3.0
607000	2.0
607200	1.0
607400	0.0
607600	0.0
607800	2.0
608000	1.0
608200	1.0
608400	0.0
608600	0.0
608800	2.0
609000	3.0
609200	2.0
609400	3.0
609600	1.0
609800	3.0
610000	1.0
610200	2.0
610400	2.0
610600	3.0
610800	3.0
611000	2.0
611200	0.0
611400	2.0
611600	3.0
611800	4.0
612000	0.0
612200	2.0
612400	2.0
612600	0.0
612800	1.0
613000	0.0
613200	1.0
613400	0.0
613600	0.0
613800	0.0
614000	1.0
614200	0.0
614400	3.0
614600	2.0
614800	2.0
615000	2.0
615200	0.0
615400	2.0
615600	3.0
615800	1.0
616000	0.0
616200	1.0
616400	3.0
616600	1.0
616800	0.0
617000	0.0
617200	0.0
617400	3.0
617600	2.0
617800	2.0
618000	2.0
618200	2.0
618400	3.0
618600	2.0
618800	2.0
619000	2.0
619200	0.0
619400	3.0
619600	1.0
619800	0.0
620000	0.0
620200	0.0
620400	3.0
620600	2.0
620800	3.0
621000	3.0
621200	3.0
621400	1.0
621600	0.0
621800	1.0
622000	3.0
622200	3.0
622400	1.0
622600	0.0
622800	0.0
623000	0.0
623200	0.0
623400	0.0
623600	0.0
623800	0.0
624000	0.0
624200	2.0
624400	2.0
624600	3.0
624800	3.0
625000	0.0
625200	0.0
625400	0.0
625600	2.0
625800	3.0
626000	3.0
626200	2.0
626400	3.0
626600	3.0
626800	2.0
627000	1.0
627200	0.0
627400	0.0
627600	0.0
627800	0.0
628000	3.0
628200	0.0
628400	1.0
628600	2.0
628800	2.0
629000	0.0
629200	0.0
629400	0.0
629600	0.0
629800	0.0
630000	1.0
630200	2.0
630400	3.0
630600	1.0
630800	1.0
631000	3.0
631200	2.0
631400	0.0
631600	1.0
631800	0.0
632000	0.0
632200	0.0
632400	0.0
632600	1.0
632800	0.0
633000	0.0
633200	2.0
633400	3.0
633600	3.0
633800	2.0
634000	1.0
634200	1.0
634400	0.0
634600	0.0
634800	1.0
635000	2.0
635200	2.0
635400	1.0
635600	2.0
635800	3.0
636000	2.0
636200	2.0
636400	2.0
636600	2.0
636800	0.0
637000	0.0
637200	1.0
637400	3.0
637600	2.0
637800	2.0
638000	1.0
638200	1.0
638400	0.0
638600	0.0
638800	0.0
639000	0.0
639200	0.0
639400	0.0
639600	0.0
639800	0.0
640000	1.0
640200	0.0
640400	2.0
640600	2.0
640800	1.0
641000	1.0
641200	1.0
641400	0.0
641600	0.0
641800	0.0
642000	0.0
642200	0.0
642400	0.0
642600	0.0
642800	0.0
643000	0.0
643200	0.0
643400	0.0
643600	0.0
643800	0.0
644000	0.0
644200	0.0
644400	0.0
644600	0.0
644800	0.0
645000	0.0
645200	0.0
645400	0.0
645600	0.0
645800	0.0
646000	0.0
646200	0.0
646400	0.0
646600	0.0
646800	0.0
647000	0.0
647200	0.0
647400	0.0
647600	0.0
647800	0.0
648000	0.0
648200	0.0
648400	0.0
648600	0.0
648800	0.0
649000	1.0
649200	0.0
649400	0.0
649600	0.0
649800	0.0
650000	0.0
650200	0.0
650400	0.0
650600	0.0
650800	0.0
651000	0.0
651200	1.0
651400	0.0
651600	0.0
651800	0.0
652000	0.0
652200	0.0
652400	0.0
652600	0.0
652800	0.0
653000	0.0
653200	0.0
653400	0.0
653600	0.0
653800	0.0
654000	0.0
654200	0.0
654400	0.0
654600	1.0
654800	0.0
655000	0.0
655200	0.0
655400	0.0
655600	0.0
655800	0.0
656000	0.0
656200	0.0
656400	0.0
656600	0.0
656800	1.0
657000	0.0
657200	0.0
657400	0.0
657600	1.0
657800	0.0
658000	0.0
658200	0.0
658400	0.0
658600	0.0
658800	0.0
659000	1.0
659200	0.0
659400	0.0
659600	0.0
659800	0.0
660000	0.0
660200	0.0
660400	0.0
660600	0.0
660800	0.0
661000	1.0
661200	0.0
661400	0.0
661600	0.0
661800	0.0
662000	0.0
662200	0.0
662400	0.0
662600	0.0
662800	0.0
663000	0.0
663200	0.0
663400	1.0
663600	0.0
663800	0.0
664000	0.0
664200	0.0
664400	0.0
664600	0.0
664800	0.0
665000	0.0
665200	0.0
665400	0.0
665600	0.0
665800	0.0
666000	0.0
666200	0.0
666400	0.0
666600	0.0
666800	0.0
667000	0.0
667200	0.0
667400	0.0
667600	0.0
667800	0.0
668000	1.0
668200	0.0
668400	0.0
668600	0.0
668800	0.0
669000	0.0
669200	0.0
669400	0.0
669600	0.0
669800	0.0
670000	0.0
670200	0.0
670400	1.0
670600	0.0
670800	0.0
671000	0.0
671200	0.0
671400	0.0
671600	0.0
671800	0.0
672000	1.0
672200	0.0
672400	0.0
672600	0.0
672800	0.0
673000	0.0
673200	0.0
673400	0.0
673600	0.0
673800	0.0
674000	0.0
674200	0.0
674400	0.0
674600	0.0
674800	1.0
675000	0.0
675200	0.0
675400	0.0
675600	1.0
675800	0.0
676000	1.0
676200	0.0
676400	1.0
676600	0.0
676800	0.0
677000	0.0
677200	0.0
677400	0.0
677600	0.0
677800	0.0
678000	1.0
678200	0.0
678400	0.0
678600	0.0
678800	0.0
679000	0.0
679200	0.0
679400	1.0
679600	0.0
679800	0.0
680000	1.0
680200	0.0
680400	0.0
680600	0.0
680800	0.0
681000	0.0
681200	0.0
681400	0.0
681600	0.0
681800	0.0
682000	0.0
682200	0.0
682400	0.0
682600	1.0
682800	0.0
683000	0.0
683200	0.0
683400	0.0
683600	1.0
683800	0.0
684000	0.0
684200	0.0
684400	1.0
684600	0.0
684800	0.0
685000	1.0
685200	0.0
685400	0.0
685600	0.0
685800	0.0
686000	0.0
686200	0.0
686400	0.0
686600	0.0
686800	0.0
687000	0.0
687200	0.0
687400	0.0
687600	0.0
687800	0.0
688000	0.0
688200	0.0
688400	0.0
688600	0.0
688800	0.0
689000	0.0
689200	0.0
689400	0.0
689600	0.0
689800	0.0
690000	0.0
690200	0.0
690400	0.0
690600	0.0
690800	0.0
691000	0.0
691200	0.0
691400	0.0
691600	0.0
691800	0.0
692000	1.0
692200	0.0
692400	0.0
692600	0.0
692800	0.0
693000	0.0
693200	0.0
693400	0.0
693600	0.0
693800	0.0
694000	0.0
694200	0.0
694400	0.0
694600	0.0
694800	0.0
695000	0.0
695200	1.0
695400	0.0
695600	0.0
695800	0.0
696000	0.0
696200	0.0
696400	0.0
696600	0.0
696800	0.0
697000	0.0
697200	1.0
697400	0.0
697600	0.0
697800	0.0
698000	0.0
698200	0.0
698400	0.0
698600	0.0
698800	0.0
699000	0.0
699200	0.0
699400	0.0
699600	0.0
699800	0.0
700000	0.0
700200	1.0
700400	0.0
700600	0.0
700800	0.0
701000	1.0
701200	0.0
701400	0.0
701600	0.0
701800	0.0
702000	0.0
702200	1.0
702400	0.0
702600	0.0
702800	0.0
703000	0.0
703200	0.0
703400	0.0
703600	0.0
703800	0.0
704000	0.0
704200	0.0
704400	0.0
704600	0.0
704800	0.0
705000	0.0
705200	0.0
705400	0.0
705600	0.0
705800	1.0
706000	0.0
706200	0.0
706400	0.0
706600	0.0
706800	0.0
707000	0.0
707200	0.0
707400	0.0
707600	0.0
707800	0.0
708000	0.0
708200	0.0
708400	0.0
708600	0.0
708800	0.0
709000	0.0
709200	0.0
709400	0.0
709600	1.0
709800	0.0
710000	0.0
710200	0.0
710400	0.0
710600	0.0
710800	0.0
711000	0.0
711200	0.0
711400	0.0
711600	0.0
711800	0.0
712000	0.0
712200	0.0
712400	0.0
712600	0.0
712800	0.0
713000	0.0
713200	0.0
713400	0.0
713600	0.0
713800	0.0
714000	0.0
714200	0.0
714400	0.0
714600	0.0
714800	0.0
715000	0.0
715200	0.0
715400	0.0
715600	0.0
715800	0.0
716000	0.0
716200	0.0
716400	0.0
716600	0.0
716800	0.0
717000	1.0
717200	0.0
717400	0.0
717600	0.0
717800	0.0
718000	0.0
718200	0.0
718400	0.0
718600	0.0
718800	0.0
719000	0.0
719200	0.0
719400	0.0
719600	0.0
719800	0.0
720000	0.0
720200	0.0
720400	0.0
720600	0.0
720800	0.0
721000	0.0
721200	0.0
721400	0.0
721600	0.0
721800	0.0
722000	0.0
722200	0.0
722400	0.0
722600	0.0
722800	0.0
723000	0.0
723200	0.0
723400	0.0
723600	0.0
723800	0.0
724000	0.0
724200	0.0
724400	0.0
724600	0.0
724800	0.0
725000	0.0
725200	0.0
725400	0.0
725600	0.0
725800	0.0
726000	0.0
726200	1.0
726400	0.0
726600	0.0
726800	0.0
727000	0.0
727200	0.0
727400	0.0
727600	1.0
727800	0.0
728000	0.0
728200	0.0
728400	1.0
728600	0.0
728800	0.0
729000	0.0
729200	0.0
729400	0.0
729600	0.0
729800	0.0
730000	0.0
730200	0.0
730400	0.0
730600	0.0
730800	0.0
731000	0.0
731200	0.0
731400	0.0
731600	0.0
731800	0.0
732000	0.0
732200	0.0
732400	0.0
732600	0.0
732800	0.0
733000	0.0
733200	0.0
733400	0.0
733600	0.0
733800	0.0
734000	0.0
734200	0.0
734400	0.0
734600	0.0
734800	0.0
735000	0.0
735200	0.0
735400	0.0
735600	0.0
735800	1.0
736000	0.0
736200	0.0
736400	0.0
736600	0.0
736800	0.0
737000	0.0
737200	0.0
737400	0.0
737600	0.0
737800	0.0
738000	0.0
738200	0.0
738400	0.0
738600	1.0
738800	0.0
739000	0.0
739200	0.0
739400	0.0
739600	0.0
739800	1.0
740000	0.0
740200	0.0
740400	0.0
740600	0.0
740800	0.0
741000	1.0
741200	1.0
741400	1.0
741600	1.0
741800	0.0
742000	0.0
742200	0.0
742400	0.0
742600	0.0
742800	0.0
743000	0.0
743200	0.0
743400	0.0
743600	0.0
743800	1.0
744000	0.0
744200	0.0
744400	1.0
744600	0.0
744800	0.0
745000	2.0
745200	0.0
745400	1.0
745600	0.0
745800	0.0
746000	0.0
746200	0.0
746400	0.0
746600	0.0
746800	1.0
747000	0.0
747200	1.0
747400	0.0
747600	0.0
747800	1.0
748000	0.0
748200	1.0
748400	0.0
748600	0.0
748800	0.0
749000	1.0
749200	0.0
749400	0.0
749600	0.0
749800	0.0
750000	0.0
750200	0.0
750400	0.0
750600	0.0
750800	1.0
751000	0.0
751200	0.0
751400	1.0
751600	0.0
751800	0.0
752000	0.0
752200	0.0
752400	0.0
752600	0.0
752800	0.0
753000	0.0
753200	0.0
753400	0.0
753600	0.0
753800	0.0
754000	0.0
754200	0.0
754400	0.0
754600	1.0
754800	0.0
755000	1.0
755200	0.0
755400	0.0
755600	0.0
755800	0.0
756000	0.0
756200	0.0
756400	0.0
756600	0.0
756800	0.0
757000	0.0
757200	0.0
757400	1.0
757600	0.0
757800	0.0
758000	0.0
758200	0.0
758400	0.0
758600	0.0
758800	0.0
759000	0.0
759200	0.0
759400	0.0
759600	1.0
759800	0.0
760000	0.0
760200	0.0
760400	0.0
760600	0.0
760800	0.0
761000	0.0
761200	0.0
761400	0.0
761600	0.0
761800	0.0
762000	0.0
762200	0.0
762400	0.0
762600	0.0
762800	0.0
763000	0.0
763200	1.0
763400	0.0
763600	0.0
763800	0.0
764000	0.0
764200	0.0
764400	0.0
764600	0.0
764800	0.0
765000	1.0
765200	0.0
765400	0.0
765600	0.0
765800	0.0
766000	0.0
766200	0.0
766400	0.0
766600	1.0
766800	0.0
767000	1.0
767200	0.0
767400	0.0
767600	0.0
767800	0.0
768000	0.0
768200	0.0
768400	0.0
768600	0.0
768800	0.0
769000	0.0
769200	0.0
769400	0.0
769600	0.0
769800	0.0
770000	0.0
770200	0.0
770400	0.0
770600	1.0
770800	0.0
771000	0.0
771200	0.0
771400	0.0
771600	0.0
771800	0.0
772000	0.0
772200	0.0
772400	0.0
772600	0.0
772800	0.0
773000	0.0
773200	0.0
773400	0.0
773600	0.0
773800	0.0
774000	0.0
774200	0.0
774400	0.0
774600	0.0
774800	0.0
775000	1.0
775200	0.0
775400	0.0
775600	0.0
775800	0.0
776000	0.0
776200	0.0
776400	0.0
776600	0.0
776800	0.0
777000	0.0
777200	0.0
777400	0.0
777600	0.0
777800	0.0
778000	1.0
778200	0.0
778400	0.0
778600	0.0
778800	0.0
779000	0.0
779200	0.0
779400	0.0
779600	1.0
779800	0.0
780000	0.0
780200	0.0
780400	0.0
780600	0.0
780800	0.0
781000	0.0
781200	0.0
781400	0.0
781600	0.0
781800	0.0
782000	0.0
782200	0.0
782400	0.0
782600	0.0
782800	0.0
783000	0.0
783200	0.0
783400	0.0
783600	1.0
783800	0.0
784000	0.0
784200	0.0
784400	0.0
784600	0.0
784800	0.0
785000	0.0
785200	0.0
785400	0.0
785600	0.0
785800	0.0
786000	1.0
786200	0.0
786400	0.0
786600	0.0
786800	0.0
787000	0.0
787200	0.0
787400	0.0
787600	0.0
787800	0.0
788000	0.0
788200	0.0
788400	0.0
788600	0.0
788800	0.0
789000	0.0
789200	0.0
789400	0.0
789600	1.0
789800	0.0
790000	0.0
790200	0.0
790400	0.0
790600	0.0
790800	0.0
791000	0.0
791200	0.0
791400	0.0
791600	1.0
791800	0.0
792000	0.0
792200	0.0
792400	0.0
792600	1.0
792800	0.0
793000	0.0
793200	0.0
793400	0.0
793600	0.0
793800	0.0
794000	0.0
794200	0.0
794400	0.0
794600	0.0
794800	0.0
795000	1.0
795200	0.0
795400	0.0
795600	0.0
795800	0.0
796000	0.0
796200	0.0
796400	0.0
796600	0.0
796800	1.0
797000	0.0
797200	0.0
797400	0.0
797600	0.0
797800	0.0
798000	0.0
798200	1.0
798400	0.0
798600	0.0
798800	0.0
799000	0.0
799200	0.0
799400	0.0
799600	0.0
799800	0.0
800000	0.0
800200	0.0
800400	0.0
800600	0.0
800800	1.0
801000	0.0
801200	0.0
801400	0.0
801600	0.0
801800	0.0
802000	0.0
802200	0.0
802400	0.0
802600	0.0
802800	0.0
803000	0.0
803200	0.0
803400	0.0
803600	0.0
803800	0.0
804000	0.0
804200	0.0
804400	0.0
804600	0.0
804800	0.0
805000	0.0
805200	0.0
805400	0.0
805600	0.0
805800	0.0
806000	0.0
806200	0.0
806400	0.0
806600	0.0
806800	0.0
807000	0.0
807200	0.0
807400	0.0
807600	0.0
807800	0.0
808000	0.0
808200	0.0
808400	0.0
808600	0.0
808800	0.0
809000	1.0
809200	0.0
809400	0.0
809600	0.0
809800	0.0
810000	1.0
810200	1.0
810400	0.0
810600	0.0
810800	0.0
811000	0.0
811200	0.0
811400	1.0
811600	0.0
811800	0.0
812000	0.0
812200	0.0
812400	0.0
812600	0.0
812800	0.0
813000	1.0
813200	0.0
813400	0.0
813600	0.0
813800	0.0
814000	0.0
814200	0.0
814400	0.0
814600	0.0
814800	0.0
815000	0.0
815200	0.0
815400	0.0
815600	0.0
815800	0.0
816000	0.0
816200	0.0
816400	0.0
816600	0.0
816800	1.0
817000	0.0
817200	0.0
817400	0.0
817600	0.0
817800	0.0
818000	0.0
818200	0.0
818400	0.0
818600	0.0
818800	0.0
819000	1.0
819200	0.0
819400	0.0
819600	0.0
819800	0.0
820000	0.0
820200	0.0
820400	1.0
820600	0.0
820800	0.0
821000	0.0
821200	0.0
821400	0.0
821600	0.0
821800	1.0
822000	0.0
822200	0.0
822400	0.0
822600	0.0
822800	0.0
823000	0.0
823200	0.0
823400	0.0
823600	0.0
823800	0.0
824000	0.0
824200	0.0
824400	0.0
824600	0.0
824800	1.0
825000	0.0
825200	0.0
825400	0.0
825600	0.0
825800	0.0
826000	0.0
826200	0.0
826400	0.0
826600	0.0
826800	0.0
827000	0.0
827200	1.0
827400	0.0
827600	0.0
827800	0.0
828000	0.0
828200	0.0
828400	0.0
828600	0.0
828800	0.0
829000	0.0
829200	0.0
829400	0.0
829600	0.0
829800	0.0
830000	0.0
830200	0.0
830400	0.0
830600	0.0
830800	0.0
831000	0.0
831200	0.0
831400	0.0
831600	0.0
831800	1.0
832000	0.0
832200	0.0
832400	0.0
832600	1.0
832800	0.0
833000	0.0
833200	0.0
833400	0.0
833600	0.0
833800	0.0
834000	0.0
834200	0.0
834400	0.0
834600	0.0
834800	0.0
835000	0.0
835200	0.0
835400	0.0
835600	0.0
835800	0.0
836000	0.0
836200	0.0
836400	0.0
836600	0.0
836800	0.0
837000	0.0
837200	0.0
837400	0.0
837600	0.0
837800	0.0
838000	0.0
838200	0.0
838400	0.0
838600	0.0
838800	0.0
839000	1.0
839200	0.0
839400	0.0
839600	0.0
839800	0.0
840000	0.0
840200	0.0
840400	0.0
840600	0.0
840800	0.0
841000	0.0
841200	0.0
841400	0.0
841600	0.0
841800	0.0
842000	0.0
842200	0.0
842400	0.0
842600	0.0
842800	0.0
843000	0.0
843200	1.0
843400	0.0
843600	0.0
843800	0.0
844000	1.0
844200	0.0
844400	0.0
844600	0.0
844800	0.0
845000	1.0
845200	0.0
845400	0.0
845600	1.0
845800	0.0
846000	0.0
846200	0.0
846400	0.0
846600	0.0
846800	0.0
847000	0.0
847200	0.0
847400	1.0
847600	0.0
847800	0.0
848000	0.0
848200	1.0
848400	0.0
848600	0.0
848800	0.0
849000	0.0
849200	0.0
849400	0.0
849600	0.0
849800	0.0
850000	0.0
850200	1.0
850400	0.0
850600	0.0
850800	0.0
851000	1.0
851200	0.0
851400	0.0
851600	0.0
851800	0.0
852000	0.0
852200	0.0
852400	0.0
852600	0.0
852800	1.0
853000	0.0
853200	0.0
853400	0.0
853600	0.0
853800	0.0
854000	0.0
854200	0.0
854400	0.0
854600	0.0
854800	0.0
855000	0.0
855200	0.0
855400	0.0
855600	0.0
855800	0.0
856000	0.0
856200	0.0
856400	0.0
856600	0.0
856800	1.0
857000	0.0
857200	0.0
857400	0.0
857600	0.0
857800	0.0
858000	1.0
858200	0.0
858400	0.0
858600	0.0
858800	0.0
859000	0.0
859200	0.0
859400	0.0
859600	0.0
859800	0.0
860000	0.0
860200	1.0
860400	0.0
860600	0.0
860800	0.0
861000	0.0
861200	0.0
861400	0.0
861600	0.0
861800	1.0
862000	0.0
862200	0.0
862400	0.0
862600	0.0
862800	0.0
863000	0.0
863200	0.0
863400	0.0
863600	0.0
863800	0.0
864000	0.0
864200	1.0
864400	0.0
864600	0.0
864800	0.0
865000	0.0
865200	0.0
865400	0.0
865600	0.0
865800	0.0
866000	0.0
866200	0.0
866400	0.0
866600	0.0
866800	0.0
867000	1.0
867200	0.0
867400	0.0
867600	0.0
867800	0.0
868000	0.0
868200	0.0
868400	0.0
868600	0.0
868800	0.0
869000	0.0
869200	0.0
869400	0.0
869600	0.0
869800	0.0
870000	0.0
870200	0.0
870400	0.0
870600	0.0
870800	0.0
871000	0.0
871200	0.0
871400	0.0
871600	0.0
871800	0.0
872000	0.0
872200	0.0
872400	0.0
872600	0.0
872800	0.0
873000	0.0
873200	0.0
873400	0.0
873600	1.0
873800	0.0
874000	0.0
874200	0.0
874400	0.0
874600	1.0
874800	0.0
875000	0.0
875200	0.0
875400	0.0
875600	0.0
875800	0.0
876000	0.0
876200	0.0
876400	0.0
876600	0.0
876800	0.0
877000	1.0
877200	0.0
877400	0.0
877600	0.0
877800	0.0
878000	0.0
878200	0.0
878400	0.0
878600	0.0
878800	0.0
879000	0.0
879200	0.0
879400	0.0
879600	0.0
879800	1.0
880000	0.0
880200	0.0
880400	0.0
880600	0.0
880800	0.0
881000	0.0
881200	0.0
881400	0.0
881600	1.0
881800	0.0
882000	0.0
882200	0.0
882400	0.0
882600	1.0
882800	0.0
883000	0.0
883200	0.0
883400	0.0
883600	0.0
883800	0.0
884000	0.0
884200	0.0
884400	0.0
884600	0.0
884800	0.0
885000	0.0
885200	0.0
885400	0.0
885600	0.0
885800	0.0
886000	1.0
886200	0.0
886400	0.0
886600	0.0
886800	0.0
887000	1.0
887200	0.0
887400	0.0
887600	0.0
887800	1.0
888000	0.0
888200	0.0
888400	0.0
888600	0.0
888800	0.0
889000	0.0
889200	0.0
889400	0.0
889600	0.0
889800	0.0
890000	0.0
890200	0.0
890400	0.0
890600	0.0
890800	1.0
891000	0.0
891200	0.0
891400	0.0
891600	0.0
891800	0.0
892000	0.0
892200	0.0
892400	0.0
892600	0.0
892800	0.0
893000	0.0
893200	0.0
893400	0.0
893600	0.0
893800	0.0
894000	0.0
894200	0.0
894400	1.0
894600	0.0
894800	0.0
895000	0.0
895200	1.0
895400	0.0
895600	0.0
895800	0.0
896000	0.0
896200	0.0
896400	0.0
896600	0.0
896800	0.0
897000	1.0
897200	0.0
897400	0.0
897600	0.0
897800	0.0
898000	0.0
898200	0.0
898400	0.0
898600	1.0
898800	0.0
899000	0.0
899200	0.0
899400	0.0
899600	0.0
899800	0.0
900000	0.0
900200	0.0
900400	0.0
900600	0.0
900800	0.0
901000	0.0
901200	0.0
901400	0.0
901600	0.0
901800	0.0
902000	0.0
902200	0.0
902400	0.0
902600	0.0
902800	0.0
903000	0.0
903200	0.0
903400	0.0
903600	0.0
903800	1.0
904000	0.0
904200	0.0
904400	0.0
904600	0.0
904800	0.0
905000	1.0
905200	0.0
905400	0.0
905600	0.0
905800	0.0
906000	0.0
906200	0.0
906400	0.0
906600	0.0
906800	0.0
907000	0.0
907200	0.0
907400	1.0
907600	0.0
907800	0.0
908000	1.0
908200	0.0
908400	0.0
908600	0.0
908800	0.0
909000	0.0
909200	0.0
909400	0.0
909600	1.0
909800	0.0
910000	0.0
910200	0.0
910400	0.0
910600	0.0
910800	0.0
911000	0.0
911200	0.0
911400	0.0
911600	0.0
911800	1.0
912000	0.0
912200	0.0
912400	0.0
912600	0.0
912800	0.0
913000	0.0
913200	0.0
913400	0.0
913600	0.0
913800	0.0
914000	0.0
914200	0.0
914400	0.0
914600	0.0
914800	0.0
915000	0.0
915200	0.0
915400	0.0
915600	0.0
915800	0.0
916000	0.0
916200	0.0
916400	0.0
916600	1.0
916800	0.0
917000	0.0
917200	0.0
917400	0.0
917600	0.0
917800	0.0
918000	0.0
918200	0.0
918400	0.0
918600	0.0
918800	0.0
919000	1.0
919200	0.0
919400	0.0
919600	0.0
919800	0.0
920000	0.0
920200	0.0
920400	0.0
920600	0.0
920800	0.0
921000	0.0
921200	0.0
921400	0.0
921600	0.0
921800	0.0
922000	0.0
922200	0.0
922400	0.0
922600	0.0
922800	0.0
923000	0.0
923200	0.0
923400	0.0
923600	0.0
923800	0.0
924000	0.0
924200	0.0
924400	0.0
924600	0.0
924800	0.0
925000	1.0
925200	0.0
925400	0.0
925600	0.0
925800	0.0
926000	0.0
926200	0.0
926400	0.0
926600	0.0
926800	1.0
927000	0.0
927200	0.0
927400	0.0
927600	0.0
927800	0.0
928000	0.0
928200	0.0
928400	0.0
928600	0.0
928800	0.0
929000	0.0
929200	0.0
929400	0.0
929600	0.0
929800	0.0
930000	0.0
930200	0.0
930400	0.0
930600	0.0
930800	0.0
931000	0.0
931200	0.0
931400	0.0
931600	0.0
931800	0.0
932000	0.0
932200	0.0
932400	0.0
932600	0.0
932800	0.0
933000	0.0
933200	0.0
933400	0.0
933600	0.0
933800	0.0
934000	0.0
934200	0.0
934400	0.0
934600	0.0
934800	0.0
935000	0.0
935200	0.0
935400	0.0
935600	0.0
935800	0.0
936000	0.0
936200	0.0
936400	0.0
936600	0.0
936800	0.0
937000	0.0
937200	0.0
937400	0.0
937600	0.0
937800	0.0
938000	0.0
938200	0.0
938400	0.0
938600	0.0
938800	0.0
939000	1.0
939200	0.0
939400	0.0
939600	0.0
939800	0.0
940000	0.0
940200	0.0
940400	0.0
940600	0.0
940800	0.0
941000	0.0
941200	0.0
941400	0.0
941600	0.0
941800	0.0
942000	0.0
942200	0.0
942400	0.0
942600	0.0
942800	0.0
943000	0.0
943200	0.0
943400	0.0
943600	1.0
943800	0.0
944000	0.0
944200	0.0
944400	0.0
944600	0.0
944800	1.0
945000	0.0
945200	0.0
945400	0.0
945600	0.0
945800	0.0
946000	0.0
946200	0.0
946400	0.0
946600	0.0
946800	0.0
947000	0.0
947200	0.0
947400	0.0
947600	0.0
947800	0.0
948000	0.0
948200	0.0
948400	0.0
948600	0.0
948800	1.0
949000	0.0
949200	0.0
949400	0.0
949600	0.0
949800	0.0
950000	0.0
950200	1.0
950400	0.0
950600	0.0
950800	0.0
951000	0.0
951200	0.0
951400	0.0
951600	0.0
951800	1.0
952000	0.0
952200	0.0
952400	0.0
952600	0.0
952800	0.0
953000	0.0
953200	0.0
953400	0.0
953600	0.0
953800	0.0
954000	0.0
954200	0.0
954400	0.0
954600	0.0
954800	0.0
955000	0.0
955200	0.0
955400	0.0
955600	0.0
955800	0.0
956000	0.0
956200	0.0
956400	0.0
956600	0.0
956800	0.0
957000	0.0
957200	0.0
957400	0.0
957600	0.0
957800	0.0
958000	0.0
958200	0.0
958400	0.0
958600	0.0
958800	0.0
959000	0.0
959200	0.0
959400	0.0
959600	0.0
959800	0.0
960000	0.0
960200	0.0
960400	0.0
960600	0.0
960800	0.0
961000	0.0
961200	1.0
961400	0.0
961600	3.0
961800	1.0
962000	2.0
962200	4.0
962400	4.0
962600	1.0
962800	2.0
963000	3.0
963200	2.0
963400	2.0
963600	2.0
963800	4.0
964000	4.0
964200	1.0
964400	3.0
964600	2.0
964800	4.0
965000	3.0
965200	4.0
965400	3.0
965600	4.0
965800	2.0
966000	3.0
966200	4.0
966400	2.0
966600	2.0
966800	3.0
967000	4.0
967200	1.0
967400	2.0
967600	4.0
967800	2.0
968000	3.0
968200	1.0
968400	4.0
968600	2.0
968800	1.0
969000	1.0
969200	2.0
969400	2.0
969600	4.0
969800	3.0
970000	3.0
970200	3.0
970400	4.0
970600	1.0
970800	3.0
971000	3.0
971200	3.0
971400	2.0
971600	3.0
971800	4.0
972000	1.0
972200	3.0
972400	1.0
972600	2.0
972800	4.0
973000	4.0
973200	2.0
973400	2.0
973600	2.0
973800	3.0
974000	4.0
974200	3.0
974400	3.0
974600	2.0
974800	3.0
975000	3.0
975200	4.0
975400	3.0
975600	3.0
975800	2.0
976000	4.0
976200	3.0
976400	3.0
976600	4.0
976800	3.0
977000	3.0
977200	1.0
977400	4.0
977600	1.0
977800	4.0
978000	2.0
978200	2.0
978400	3.0
978600	2.0
978800	3.0
979000	4.0
979200	4.0
979400	3.0
979600	2.0
979800	5.0
980000	3.0
980200	3.0
980400	3.0
980600	2.0
980800	4.0
981000	2.0
981200	3.0
981400	1.0
981600	3.0
981800	2.0
982000	1.0
982200	3.0
982400	4.0
982600	1.0
982800	2.0
983000	2.0
983200	3.0
983400	2.0
983600	3.0
983800	3.0
984000	2.0
984200	2.0
984400	3.0
984600	3.0
984800	2.0
985000	3.0
985200	2.0
985400	3.0
985600	3.0
985800	3.0
986000	3.0
986200	3.0
986400	2.0
986600	2.0
986800	2.0
987000	2.0
987200	3.0
987400	1.0
987600	2.0
987800	1.0
988000	3.0
988200	2.0
988400	1.0
988600	2.0
988800	4.0
989000	4.0
989200	2.0
989400	2.0
989600	3.0
989800	2.0
990000	3.0
990200	3.0
990400	2.0
990600	4.0
990800	3.0
991000	3.0
991200	3.0
991400	3.0
991600	3.0
991800	2.0
992000	3.0
992200	2.0
992400	3.0
992600	2.0
992800	2.0
993000	4.0
993200	3.0
993400	3.0
993600	1.0
993800	3.0
994000	3.0
994200	2.0
994400	2.0
994600	2.0
994800	4.0
995000	4.0
995200	3.0
995400	2.0
995600	3.0
995800	2.0
996000	3.0
996200	3.0
996400	3.0
996600	3.0
996800	3.0
997000	2.0
997200	1.0
997400	3.0
997600	2.0
997800	2.0
998000	2.0
998200	2.0
998400	3.0
998600	3.0
998800	2.0
999000	3.0
999200	3.0
999400	3.0
999600	3.0
999800	4.0
1000000	2.0
